187
Acromyrmex_echinatior_Genome         0.0000000 0.2911650 0.2859040 0.7083532 0.0171306 0.2587882 0.2651621 0.1168749 0.0969833 0.4925877 0.1322459 0.7307334 0.7897175 0.7320935 0.2816292 0.2629863 0.2818441 0.1584644 0.1129898 0.2703920 0.2795448 0.7251833 0.0679759 0.6504840 0.6616627 0.0767341 0.0623758 0.9168313 0.0684059 0.0553288 0.7185051 0.2914476 0.3435436 0.2727380 0.2390904 0.2647147 0.2668792 0.2997489 0.6445265 0.2887681 0.2877101 0.2649351 0.2603810 0.3118590 0.6179361 0.2542151 0.6344088 0.2686321 0.2539831 0.2523031 0.2886646 0.2889241 0.2791403 0.3836672 0.3144565 0.2987603 0.2835513 0.2513846 0.2933945 0.2523816 0.2665847 0.3484380 0.3254398 0.2778883 0.2862347 0.3194288 0.4369593 0.3343159 0.4095672 0.5892078 0.3315860 0.3893253 0.3192975 0.3035647 0.4135386 0.2898087 0.4622357 0.2789423 0.2706063 0.2505081 0.4956523 0.5191512 0.6203095 0.2980155 0.3861981 0.2731165 0.2688178 0.2565708 0.5142325 0.2750643 0.2623945 0.3472770 0.2938735 0.6905282 0.2471889 0.3484779 0.3417061 0.3702295 0.6203297 0.3319365 0.2679832 0.2953386 0.5557693 0.6561286 0.2499700 0.3159117 0.3360720 0.5281986 0.4537462 0.3361261 0.4614144 0.3475926 0.2556451 0.5307884 0.3052518 0.2874979 0.2487097 0.3155870 0.2663628 0.3299052 0.3296834 0.2512500 0.3560318 0.3155926 0.3247581 0.4680765 0.3796704 0.4883499 0.2512454 0.2738891 0.3851579 0.2550654 0.3150885 0.5885857 0.3411685 0.2737098 0.2843743 0.2796571 0.2759132 0.2901333 0.3383170 0.2986137 0.3416848 0.2229960 0.2916368 0.1586949 0.3308133 0.4563160 0.6372827 0.6202782 0.2964585 0.3228354 0.2718561 0.4911765 0.3303840 0.3182238 0.3166294 0.2584779 0.4491548 0.4891783 0.2878625 0.6606049 0.3950448 0.7041814 0.2494277 0.4707955 0.2522248 0.4859701 0.5043819 0.5081767 0.2671461 0.2874664 0.2660009 0.3442397 0.2664619 0.5130728 0.7560950 0.2702842 0.1936921 0.2452506 0.1081603 0.3320627 0.5384181 0.2372285 0.7202858 0.2292040 0.1828580 
Apis_mellifera_Genome                0.2911650 0.0000000 0.2593560 0.6765279 0.2823618 0.0981944 0.1038246 0.2832445 0.2954398 0.4569875 0.2814239 0.6794741 0.7423127 0.7316694 0.1608811 0.0996671 0.1245293 0.2901262 0.2748655 0.1417166 0.1137867 0.6970949 0.2908108 0.6240095 0.6417800 0.2817938 0.2876738 0.8872922 0.2900846 0.2811469 0.6837904 0.1700874 0.2816335 0.2311485 0.1334676 0.1453990 0.1445171 0.2699676 0.6087469 0.1682078 0.1698148 0.2020148 0.1005449 0.2944970 0.5944319 0.1390161 0.6014695 0.1619701 0.1412835 0.1007872 0.1562578 0.2257246 0.2145142 0.3605189 0.2810240 0.2857824 0.1525335 0.1425493 0.2800399 0.1344839 0.1054982 0.3266795 0.3082535 0.1566068 0.1602881 0.1870101 0.3945011 0.2698376 0.3788533 0.5289488 0.3118549 0.3606819 0.1825100 0.1542988 0.3902851 0.1649443 0.4159495 0.1455750 0.2108081 0.1383775 0.4724362 0.5043505 0.5650854 0.1761586 0.3656182 0.1524176 0.1186309 0.1568417 0.4900649 0.1457308 0.1542666 0.3280362 0.2773277 0.6504920 0.1943986 0.3405740 0.3191220 0.3455811 0.5962513 0.3224135 0.2471135 0.2717273 0.5312500 0.6212893 0.1356418 0.2461872 0.3206685 0.5006556 0.4257593 0.3092065 0.4497200 0.3164605 0.1296082 0.5211149 0.2796052 0.1668531 0.1827124 0.2453434 0.1097425 0.2634229 0.3148838 0.1814226 0.3221202 0.2855367 0.2777943 0.4367548 0.3628721 0.4526159 0.2321047 0.1535303 0.3518798 0.1853033 0.2919279 0.5807489 0.3059857 0.1561748 0.2191310 0.2503110 0.2501673 0.2830356 0.3126706 0.2450464 0.3096120 0.1736336 0.1749150 0.2845054 0.2595070 0.4280852 0.5994857 0.6010464 0.1462085 0.2975320 0.1495268 0.4540133 0.3089141 0.2437506 0.2831660 0.1316340 0.4160557 0.4657950 0.1321043 0.6237151 0.3790721 0.6807896 0.1719147 0.4619767 0.1424602 0.4522466 0.4817465 0.4741835 0.1303127 0.2663130 0.1470931 0.3182036 0.2544580 0.5095231 0.6997459 0.1959461 0.1784113 0.1445946 0.2766168 0.3230777 0.5099826 0.0904637 0.6930772 0.2180811 0.1736824 
Apterogyna_za01_Genome               0.2859040 0.2593560 0.0000000 0.6277737 0.2845420 0.2525503 0.2542322 0.2781977 0.2900036 0.4513350 0.2788582 0.6330886 0.7076919 0.6552488 0.2588449 0.2461752 0.2628328 0.2786824 0.2767398 0.2655785 0.2594961 0.6147526 0.2770609 0.5243461 0.5955917 0.2805650 0.2711623 0.8447693 0.2765397 0.2709053 0.5993162 0.2608625 0.3064846 0.2652865 0.2118523 0.2536765 0.2422275 0.2421020 0.5590955 0.2599218 0.2549699 0.2338028 0.2441539 0.2911945 0.5266951 0.2466768 0.5704094 0.2582964 0.2385633 0.2445573 0.2739838 0.2685176 0.2527684 0.3474996 0.2763005 0.2757075 0.2806251 0.2363188 0.2792942 0.2414687 0.2379792 0.3209215 0.2960885 0.2617793 0.2644221 0.2933771 0.4051739 0.3046788 0.3860729 0.5351911 0.3022467 0.3366117 0.3017754 0.2852414 0.3759239 0.2618456 0.4290386 0.2722663 0.2531671 0.2416707 0.4438291 0.4605819 0.5019704 0.2757882 0.3352941 0.2586085 0.2601471 0.2436357 0.4714380 0.2674959 0.2543880 0.3199707 0.2689706 0.5923847 0.2387671 0.3210678 0.2941607 0.3482960 0.5239159 0.3048819 0.2304143 0.2814121 0.4451544 0.5536823 0.2359066 0.2841019 0.3161626 0.4692585 0.4137087 0.2996393 0.4183653 0.3089175 0.2587852 0.4841467 0.2591933 0.2712860 0.2389727 0.2793508 0.2491203 0.2948502 0.2949333 0.2525562 0.2953488 0.2595535 0.3006263 0.4329516 0.3444565 0.4570672 0.2206337 0.2462584 0.3439017 0.2554614 0.2834874 0.5323445 0.2953971 0.2543257 0.2617027 0.2371360 0.2355789 0.2942067 0.3173611 0.2718639 0.3065456 0.2019453 0.2694910 0.2821759 0.2897929 0.4005134 0.5417385 0.5504649 0.2722745 0.2737879 0.2748368 0.4206539 0.2977913 0.2810629 0.2743974 0.2436459 0.4256214 0.4297411 0.2627544 0.6110415 0.3623190 0.6219664 0.2359131 0.4255653 0.2526418 0.4246229 0.4618553 0.4473341 0.2553912 0.2636564 0.2581735 0.2908559 0.2600094 0.4609491 0.6637409 0.2669921 0.1601652 0.2301886 0.2646577 0.2733008 0.4601180 0.2205201 0.6165295 0.1903386 0.0103571 
Athalia_rosae_Genome                 0.7083532 0.6765279 0.6277737 0.0000000 0.7107659 0.6478116 0.6581275 0.7354612 0.7102838 0.6638249 0.7129344 0.9986150 1.0826076 0.9412351 0.6870532 0.6486487 0.6672974 0.7097405 0.6938214 0.6375125 0.6510831 0.9223189 0.6951337 0.8965238 0.3464274 0.7133089 0.7067985 1.1983380 0.7047425 0.6955148 0.3863775 0.6700991 0.7501993 0.6858560 0.5845488 0.6467818 0.6381633 0.6722404 0.4749859 0.6572963 0.6614780 0.6171113 0.6192935 0.7393527 0.8608280 0.6442473 0.8762309 0.6540915 0.6420660 0.6351662 0.6773191 0.6730219 0.6793747 0.7357952 0.6893240 0.6817841 0.6543690 0.6505001 0.7179909 0.6259997 0.6564399 0.7400059 0.6984590 0.6672622 0.6849464 0.7354936 0.7649037 0.7325944 0.7683515 0.8066773 0.7323784 0.7437250 0.6998778 0.6812589 0.7680717 0.6671280 0.6732386 0.6690655 0.6456298 0.6426828 0.6906269 0.7842094 0.8472446 0.6986238 0.7277197 0.6919655 0.6456109 0.6488494 0.7635069 0.6801180 0.6405194 0.6810996 0.6765200 0.9004894 0.6357537 0.7176873 0.6472121 0.7396281 0.8934104 0.7395921 0.6220243 0.6993408 0.8070866 0.3400184 0.6456452 0.7129492 0.7118270 0.6417025 0.7650392 0.6955811 0.7194460 0.6971077 0.6368883 0.8116026 0.7054237 0.6583454 0.6526532 0.7160649 0.6404290 0.7306555 0.7130132 0.6385231 0.6844591 0.6820087 0.6557808 0.7757397 0.7619568 0.7492132 0.6519570 0.6660808 0.7131235 0.6393166 0.7054858 0.9019229 0.7125781 0.6746184 0.6859412 0.6860201 0.6435510 0.6602313 0.7040749 0.7065260 0.7160810 0.5767200 0.6558061 0.7124603 0.7456708 0.7376688 0.2741065 0.8838075 0.6798373 0.6998988 0.6707586 0.6463192 0.7270376 0.7340676 0.6446507 0.6692315 0.6515751 0.5781614 0.6624127 0.8994073 0.7683526 0.5255440 0.6404945 0.7056368 0.6373300 0.7730942 0.8075490 0.7431440 0.6484029 0.6749847 0.6541873 0.7233700 0.6572752 0.7368119 0.5520922 0.6483437 0.4646193 0.6041013 0.6773931 0.5009723 0.8317144 0.6166036 0.9449766 0.4392851 0.4030869 
Atta_cephalotes_Genome               0.0171306 0.2823618 0.2845420 0.7107659 0.0000000 0.2558148 0.2615558 0.1188525 0.0948164 0.4889634 0.1344338 0.7413184 0.7836395 0.7566071 0.2854410 0.2637584 0.2750553 0.1648182 0.1120825 0.2723428 0.2710713 0.7183032 0.0713771 0.6432530 0.6776256 0.0791473 0.0624621 0.9026010 0.0694166 0.0568431 0.6955166 0.2910048 0.3447156 0.2794379 0.2501331 0.2599979 0.2683442 0.2934537 0.6393188 0.2940989 0.2936262 0.2700808 0.2490337 0.3164933 0.6019284 0.2613933 0.6234607 0.2767255 0.2601123 0.2568397 0.2837661 0.2916876 0.2847723 0.3907057 0.2998263 0.3017539 0.2848132 0.2629670 0.2975089 0.2614160 0.2649336 0.3486716 0.3216273 0.2729128 0.2870030 0.3154304 0.4405979 0.3246176 0.4042618 0.5524533 0.3331854 0.3871665 0.3274269 0.2944961 0.4116511 0.2896599 0.4563277 0.2811002 0.2725777 0.2515616 0.4761588 0.5153355 0.6040649 0.3014999 0.3776103 0.2801825 0.2715528 0.2544539 0.5295987 0.2765234 0.2703297 0.3576777 0.2985254 0.6724398 0.2609205 0.3621118 0.3418458 0.3708037 0.6179094 0.3327319 0.2680257 0.2866331 0.5449986 0.6503184 0.2531449 0.3116737 0.3379210 0.5316680 0.4730422 0.3329539 0.4566072 0.3444418 0.2567648 0.5545694 0.2999340 0.2943958 0.2518257 0.3146700 0.2690661 0.3304269 0.3304807 0.2591601 0.3575695 0.3085561 0.3283271 0.4567456 0.3846290 0.4808018 0.2484733 0.2814907 0.3798587 0.2564928 0.3208233 0.6030594 0.3380038 0.2749124 0.2858858 0.2902868 0.2742181 0.2946128 0.3394789 0.3074194 0.3415452 0.2183692 0.2941473 0.1633269 0.3296238 0.4588169 0.6153860 0.6231217 0.2955171 0.3241815 0.2818109 0.4650157 0.3236941 0.3115452 0.3161927 0.2498419 0.4527007 0.4939159 0.2910368 0.6544962 0.3780263 0.6936112 0.2440833 0.4623880 0.2562803 0.4846875 0.5139128 0.5140116 0.2673411 0.2893510 0.2576456 0.3446165 0.2657247 0.5190650 0.7686309 0.2766446 0.1918360 0.2499676 0.1096048 0.3165380 0.5307705 0.2379034 0.6977709 0.2213518 0.1843463 
Bombus_impatiens_Genome              0.2587882 0.0981944 0.2525503 0.6478116 0.2558148 0.0000000 0.0069626 0.2496501 0.2744488 0.4293124 0.2663393 0.6621989 0.7195278 0.6809847 0.1321328 0.0593158 0.0876965 0.2704333 0.2484742 0.1151876 0.0691885 0.6722657 0.2567485 0.5995173 0.6571873 0.2578735 0.2579030 0.8555750 0.2515146 0.2554287 0.6817055 0.1437396 0.2616154 0.2092036 0.1068750 0.1260913 0.1189003 0.2560496 0.5878576 0.1393439 0.1418970 0.1692740 0.0084453 0.2722030 0.5674486 0.1069207 0.5581071 0.1310063 0.1059578 0.0638225 0.1256648 0.2096075 0.1848565 0.3447839 0.2684405 0.2600824 0.1253234 0.1087177 0.2648567 0.1093314 0.0685299 0.3123976 0.2917791 0.1281669 0.1317337 0.1635880 0.3927721 0.2479212 0.3567412 0.5371610 0.2957148 0.3406656 0.1584519 0.1258968 0.3841372 0.1459478 0.4109860 0.1175952 0.1947595 0.1093308 0.4366174 0.4914082 0.5480877 0.1438512 0.3412868 0.1260936 0.0843870 0.1367613 0.4724188 0.1176024 0.1209866 0.3174417 0.2650570 0.6620417 0.1669949 0.3201012 0.2938699 0.3192024 0.6016498 0.2922512 0.2299990 0.2617750 0.5251494 0.5971769 0.1023493 0.2255311 0.3007078 0.4678488 0.4178432 0.2960332 0.4191256 0.2971180 0.1050183 0.5106055 0.2591148 0.1436239 0.1466537 0.2198404 0.0729181 0.2536437 0.2996127 0.1569259 0.3044099 0.2692812 0.2516166 0.4250059 0.3339626 0.4460939 0.2060908 0.1227977 0.3271691 0.1583662 0.2748934 0.5511260 0.2868451 0.1231942 0.2063701 0.2386754 0.2305676 0.2579247 0.3001510 0.2168954 0.2954646 0.1537244 0.1498008 0.2686891 0.2376717 0.4146712 0.5892959 0.6067188 0.1230499 0.2789029 0.1226104 0.4218032 0.2907975 0.2218387 0.2652372 0.1050747 0.4037523 0.4529372 0.1045251 0.6156897 0.3500299 0.6618918 0.1463606 0.4287829 0.1119948 0.4412232 0.4803491 0.4516939 0.0996491 0.2596397 0.1266280 0.2971650 0.2378828 0.4684260 0.6540218 0.1728455 0.1675515 0.1245668 0.2422673 0.2960753 0.4905258 0.0571474 0.6606902 0.2079555 0.1654051 
Bombus_terrestris_Genome             0.2651621 0.1038246 0.2542322 0.6581275 0.2615558 0.0069626 0.0000000 0.2640510 0.2840018 0.4402092 0.2687563 0.6653395 0.7421250 0.7088893 0.1341774 0.0636970 0.0951869 0.2844681 0.2588094 0.1166008 0.0718743 0.6925655 0.2596667 0.6103443 0.6345219 0.2595557 0.2669763 0.9363362 0.2660961 0.2540683 0.6755722 0.1516788 0.2766956 0.2176956 0.1111138 0.1245704 0.1169592 0.2702822 0.6164645 0.1504083 0.1487712 0.1746701 0.0100400 0.2727399 0.5722004 0.1112763 0.5985984 0.1380619 0.1092520 0.0661481 0.1287863 0.2200039 0.1982573 0.3535930 0.2774783 0.2710168 0.1270853 0.1161447 0.2643520 0.1084771 0.0733606 0.3165121 0.3017246 0.1348387 0.1391205 0.1635855 0.3799461 0.2692329 0.3704841 0.5479384 0.2985123 0.3488122 0.1702170 0.1300128 0.3835127 0.1482962 0.4318823 0.1256037 0.1941942 0.1119841 0.4540499 0.4941322 0.5629315 0.1506912 0.3546734 0.1308800 0.0867737 0.1306622 0.4855731 0.1235313 0.1318108 0.3098646 0.2747075 0.6305343 0.1749416 0.3262524 0.3006648 0.3281803 0.5629892 0.3094957 0.2354164 0.2586640 0.5149896 0.6180597 0.1066693 0.2236741 0.3140150 0.4749006 0.4225445 0.3016586 0.4281738 0.3063318 0.1085995 0.5090506 0.2698778 0.1518795 0.1570001 0.2294730 0.0717163 0.2538670 0.3112986 0.1595901 0.3144124 0.2798388 0.2618333 0.4370611 0.3425937 0.4389812 0.2112760 0.1277074 0.3464498 0.1624227 0.2782139 0.5575943 0.2971005 0.1325349 0.2052430 0.2487399 0.2299429 0.2547503 0.2948708 0.2228101 0.3062876 0.1553322 0.1502519 0.2696279 0.2534803 0.4196424 0.6082482 0.6072470 0.1222548 0.2917873 0.1273231 0.4341009 0.3035077 0.2348042 0.2799165 0.1106661 0.4109928 0.4439808 0.1028413 0.6167122 0.3567211 0.6265171 0.1474226 0.4386148 0.1148372 0.4569647 0.4740382 0.4762829 0.0983526 0.2511180 0.1236902 0.3037710 0.2318314 0.4719369 0.6806540 0.1778179 0.1765899 0.1305751 0.2579377 0.3160368 0.5112785 0.0566982 0.6545204 0.2079749 0.1723800 
Camponotus_floridanus_Genome         0.1168749 0.2832445 0.2781977 0.7354612 0.1188525 0.2496501 0.2640510 0.0000000 0.1352422 0.4767875 0.1309577 0.7182178 0.7876697 0.7239180 0.2774463 0.2557453 0.2709962 0.1581000 0.1084229 0.2649012 0.2680839 0.7080915 0.1166378 0.6476182 0.6846135 0.1160973 0.1103444 0.9554661 0.1135596 0.1123292 0.7083623 0.2827554 0.3449569 0.2742040 0.2405462 0.2604274 0.2609594 0.3022595 0.6512378 0.2876935 0.2935494 0.2685649 0.2561024 0.3176640 0.6225722 0.2528762 0.6425575 0.2784014 0.2594185 0.2555291 0.2883779 0.2911722 0.2756986 0.3837990 0.3002964 0.2924825 0.2841308 0.2504823 0.2953292 0.2554673 0.2531847 0.3434729 0.3221965 0.2746574 0.2878809 0.3212933 0.4402991 0.3332368 0.4164780 0.5620385 0.3335388 0.3901911 0.3146407 0.2938297 0.4140807 0.2938863 0.4549754 0.2807840 0.2619337 0.2476434 0.4820536 0.5192424 0.6170947 0.3016285 0.3744307 0.2667890 0.2672437 0.2559790 0.5266934 0.2790929 0.2644814 0.3432167 0.2968033 0.7030656 0.2592838 0.3591948 0.3389359 0.3763887 0.6200911 0.3358423 0.2602048 0.2932150 0.5474684 0.6415779 0.2481914 0.3102485 0.3343317 0.5223890 0.4475706 0.3335968 0.4561363 0.3441670 0.2580281 0.5406725 0.2971351 0.2891437 0.2454997 0.3039722 0.2663590 0.3338590 0.3205416 0.2585579 0.3509680 0.3037729 0.3273054 0.4708728 0.3831164 0.4838559 0.2455870 0.2663441 0.3859748 0.2560866 0.3130038 0.6139510 0.3377847 0.2734224 0.2842241 0.2796798 0.2740448 0.2921268 0.3284846 0.3094772 0.3432017 0.2274764 0.2947266 0.1639421 0.3277890 0.4555241 0.6393250 0.6273581 0.2880163 0.3223064 0.2761568 0.4762537 0.3325025 0.3090434 0.3176819 0.2548456 0.4480220 0.4960692 0.2875175 0.6826492 0.3974459 0.7051505 0.2462340 0.4734355 0.2467562 0.4750577 0.4991562 0.5107554 0.2660827 0.2902080 0.2610064 0.3304449 0.2744727 0.5220189 0.7670346 0.2740968 0.1859374 0.2463042 0.0465978 0.3201654 0.5257866 0.2403600 0.7266407 0.2318146 0.1818999 
Cardiocondyla_obscurior_Genome       0.0969833 0.2954398 0.2900036 0.7102838 0.0948164 0.2744488 0.2840018 0.1352422 0.0000000 0.4849990 0.1447979 0.7380728 0.8163248 0.7724422 0.2962490 0.2764538 0.2877366 0.1737645 0.1275493 0.2807438 0.2817822 0.7660578 0.0949523 0.6729420 0.6914848 0.1020889 0.0892740 0.9503363 0.0869627 0.0842840 0.7332940 0.3104982 0.3465500 0.2914064 0.2582635 0.2712139 0.2774704 0.2964745 0.6428972 0.3030589 0.3043266 0.2812341 0.2765627 0.3339247 0.6264570 0.2684341 0.6476883 0.2916999 0.2725534 0.2696919 0.3114210 0.3023851 0.2939743 0.3964706 0.3069141 0.3139721 0.3087419 0.2678073 0.3167875 0.2742821 0.2794670 0.3669863 0.3366195 0.2842238 0.2978119 0.3321993 0.4460450 0.3310370 0.4248790 0.5828531 0.3541797 0.4027933 0.3329535 0.3109646 0.4409390 0.3040820 0.4850434 0.2898943 0.2790308 0.2622547 0.5123462 0.5372757 0.6046238 0.3128688 0.3889905 0.2920025 0.2805133 0.2730166 0.5383322 0.2944865 0.2789097 0.3697655 0.3031627 0.7213764 0.2778015 0.3652279 0.3507372 0.3959979 0.6221486 0.3398222 0.2885394 0.3108850 0.5561242 0.6672407 0.2695430 0.3236409 0.3493534 0.5334538 0.4774215 0.3492320 0.4840563 0.3728914 0.2705330 0.5506488 0.3126281 0.2991188 0.2688834 0.3205680 0.2798635 0.3433451 0.3504678 0.2676374 0.3689883 0.3166595 0.3449906 0.4729861 0.3872734 0.4898092 0.2661655 0.2899896 0.3848500 0.2654381 0.3290256 0.5907812 0.3511464 0.2891053 0.2878947 0.2878343 0.2900452 0.3163078 0.3465672 0.3149724 0.3496321 0.2398332 0.3078704 0.1751868 0.3474936 0.4679610 0.6420312 0.6253731 0.2998397 0.3378705 0.2984412 0.4887064 0.3444619 0.3260616 0.3269878 0.2679288 0.4435554 0.5110062 0.2984817 0.6611205 0.4090408 0.7065239 0.2605401 0.4840401 0.2669072 0.4904098 0.5175628 0.5020740 0.2781210 0.3097765 0.2798793 0.3522379 0.2834485 0.5212554 0.7885239 0.2731882 0.1989714 0.2687574 0.1263269 0.3390880 0.5436836 0.2514720 0.7318591 0.2409229 0.1912783 
Cephus_cinctus_Genome                0.4925877 0.4569875 0.4513350 0.6638249 0.4889634 0.4293124 0.4402092 0.4767875 0.4849990 0.0000000 0.4705443 0.7768869 0.8422537 0.7887621 0.4572189 0.4468685 0.4545817 0.4946084 0.4743059 0.4457363 0.4496274 0.7378800 0.4768690 0.7023244 0.6475475 0.4796240 0.4899031 1.0222277 0.4735461 0.4826366 0.6761813 0.4561802 0.4951549 0.4704538 0.3773180 0.4303615 0.4257245 0.4360965 0.6103258 0.4523064 0.4380349 0.4090428 0.4210530 0.4739247 0.6346430 0.4397762 0.6736030 0.4446666 0.4251583 0.4141859 0.4473109 0.4720627 0.4454705 0.5216788 0.4659375 0.4590898 0.4603734 0.4310228 0.4556157 0.4088300 0.4275692 0.5120882 0.4886319 0.4445966 0.4515455 0.5058013 0.5503189 0.4672265 0.5430445 0.5881086 0.5005530 0.5270171 0.4818264 0.4633722 0.5220738 0.4507506 0.0790858 0.4508281 0.4447436 0.4249621 0.5056283 0.5595993 0.6477906 0.4636330 0.5313348 0.4417206 0.4396273 0.4109869 0.5651777 0.4534707 0.4484023 0.4840768 0.4584583 0.7119443 0.4257329 0.4877767 0.4633336 0.5200281 0.6509834 0.5036553 0.4096808 0.4450609 0.5903755 0.6150289 0.4338608 0.4618994 0.5145715 0.4926105 0.5305912 0.4628880 0.4829197 0.5040940 0.4212529 0.5908128 0.4572768 0.4668618 0.4298161 0.4617059 0.4340631 0.4991534 0.4810065 0.4350875 0.4763097 0.4794621 0.4729936 0.5194002 0.5318128 0.4998304 0.4417834 0.4518238 0.5226074 0.4327279 0.4803277 0.6612851 0.4776382 0.4406708 0.4485208 0.4564716 0.4295160 0.4482173 0.4966514 0.4630056 0.4848217 0.3797759 0.4723410 0.4640710 0.4898980 0.4893554 0.6019911 0.6821478 0.4359701 0.4634866 0.4661670 0.4421890 0.4854362 0.4883360 0.4455028 0.4239591 0.4058650 0.4552818 0.4431174 0.7009963 0.5081003 0.6485664 0.4086821 0.5173686 0.4299797 0.5367095 0.5673331 0.5010498 0.4283197 0.4478328 0.4141573 0.4825070 0.4349335 0.5158813 0.6984756 0.4412425 0.2883927 0.3908611 0.4707068 0.3434143 0.5892723 0.3945938 0.7293677 0.3121759 0.2784621 
Cerapachys_biroi_Genome              0.1322459 0.2814239 0.2788582 0.7129344 0.1344338 0.2663393 0.2687563 0.1309577 0.1447979 0.4705443 0.0000000 0.7498219 0.7869279 0.7620001 0.2786356 0.2553094 0.2675231 0.1499753 0.1217796 0.2713138 0.2787219 0.7370611 0.1271860 0.6374257 0.6834313 0.1344800 0.1242390 0.9017903 0.1233535 0.1250893 0.6978607 0.2787616 0.3411527 0.2856204 0.2347862 0.2541393 0.2630716 0.2932086 0.6493075 0.2829894 0.2992558 0.2678151 0.2610810 0.3149547 0.6466770 0.2571992 0.6244692 0.2752096 0.2551920 0.2559965 0.2879280 0.2967490 0.2781699 0.3977871 0.3003748 0.3000466 0.2835729 0.2477627 0.3008058 0.2524515 0.2554514 0.3453547 0.3339951 0.2768981 0.2831550 0.3171424 0.4407348 0.3317740 0.4204233 0.5991022 0.3430043 0.3893199 0.3143884 0.2969836 0.4204258 0.2916531 0.4790500 0.2862966 0.2714651 0.2466183 0.4996007 0.5422402 0.6047108 0.2947331 0.3777052 0.2697356 0.2727919 0.2497769 0.5203156 0.2812540 0.2619166 0.3639347 0.3021399 0.7263981 0.2641855 0.3631521 0.3436342 0.3748592 0.6570186 0.3330676 0.2727324 0.2995627 0.5485493 0.6714955 0.2486339 0.3092681 0.3444517 0.5332825 0.4642780 0.3460556 0.4632181 0.3481278 0.2615268 0.5685199 0.3119517 0.2868537 0.2547881 0.3113309 0.2736834 0.3235316 0.3386157 0.2558259 0.3608060 0.3149068 0.3307328 0.4820793 0.3864977 0.4732106 0.2551967 0.2683241 0.3847249 0.2645560 0.3136809 0.6141719 0.3309675 0.2659782 0.2892140 0.2922475 0.2807514 0.3137242 0.3505516 0.3053998 0.3258367 0.2322841 0.2964997 0.1647289 0.3186516 0.4613893 0.6379021 0.6236059 0.2839708 0.3338046 0.2834658 0.4817505 0.3206634 0.3196720 0.3383420 0.2576527 0.4241251 0.5106401 0.2870702 0.6828140 0.3912824 0.6949849 0.2510423 0.4735229 0.2577553 0.4878943 0.4925784 0.5066132 0.2781317 0.3029912 0.2661304 0.3350509 0.2682608 0.5205390 0.7624330 0.2683875 0.1987098 0.2544994 0.1225694 0.3218878 0.5301907 0.2449621 0.7331074 0.2316785 0.1735956 
Ceratosolen_solmsi_Genome            0.7307334 0.6794741 0.6330886 0.9986150 0.7413184 0.6621989 0.6653395 0.7182178 0.7380728 0.7768869 0.7498219 0.0000000 0.7325654 1.0086270 0.6933627 0.6754987 0.6769940 0.7223851 0.7148219 0.6963706 0.7252674 0.9379514 0.7113266 0.4905810 0.9061858 0.7100791 0.7215146 0.9340440 0.7353525 0.7419367 0.9481689 0.6700933 0.7054572 0.6812746 0.5782177 0.6768363 0.6700084 0.6516856 0.9052888 0.6740184 0.6734206 0.6435360 0.6654080 0.7028428 0.4148213 0.6806383 0.8772829 0.6972695 0.6809761 0.6316080 0.6867496 0.6923252 0.6876117 0.7892149 0.7283606 0.7570331 0.7012130 0.6461860 0.7298811 0.6448394 0.6339036 0.7610530 0.7115762 0.6716046 0.6995545 0.7230109 0.7715502 0.6929475 0.7742842 0.8222652 0.7202376 0.7607108 0.6948669 0.7187655 0.7868838 0.6763378 0.7712011 0.7316126 0.6839386 0.6596947 0.6947076 0.7749259 0.4006768 0.6921636 0.7325283 0.6615752 0.6655682 0.6363777 0.7554456 0.6764080 0.6559251 0.6947101 0.6322257 0.9349389 0.6508963 0.7341701 0.6371427 0.7154281 0.4583113 0.7297285 0.6168240 0.7311246 0.4213016 0.9377429 0.6753704 0.7215855 0.7601848 0.8454202 0.7946724 0.6629975 0.6728723 0.7127418 0.6871320 0.7607677 0.6998387 0.7132620 0.6534919 0.7106886 0.6407856 0.7262538 0.6784553 0.6752228 0.6815937 0.7303392 0.6595882 0.8008076 0.7599889 0.6933100 0.6512750 0.6607010 0.7834704 0.6955840 0.6964261 0.7985507 0.7570583 0.6347328 0.6633476 0.6858907 0.7163926 0.7197297 0.7392478 0.7448819 0.7084412 0.5986772 0.7005557 0.7398787 0.7177183 0.7951227 0.9173918 0.4776572 0.7130618 0.7092285 0.7040747 0.7521615 0.7381756 0.7326084 0.6608438 0.6632215 0.7459288 0.8048228 0.6941559 0.9505344 0.7926273 0.9966172 0.6817128 0.6725712 0.6889434 0.7816660 0.8402422 0.8292376 0.6646346 0.7099441 0.6759357 0.7506917 0.6923468 0.7025124 1.0478095 0.6845619 0.4355371 0.6113440 0.7222348 0.4504274 0.6612397 0.6057616 0.6546061 0.4067938 0.4252617 
Copidosoma_floridanum_Genome         0.7897175 0.7423127 0.7076919 1.0826076 0.7836395 0.7195278 0.7421250 0.7876697 0.8163248 0.8422537 0.7869279 0.7325654 0.0000000 1.0689333 0.7649951 0.7357343 0.7345683 0.8096545 0.7920042 0.7524510 0.7429459 1.1141887 0.7937172 0.6344009 1.0360986 0.7919846 0.7702457 0.9706329 0.7772310 0.7809870 1.0578614 0.7221995 0.8010741 0.7752929 0.6658599 0.7377285 0.7364181 0.7292218 0.9997008 0.7447405 0.7750506 0.7272145 0.7225410 0.8433415 0.5808689 0.7528593 0.9226186 0.7438110 0.7508564 0.7074747 0.7652376 0.7302213 0.7482625 0.8384783 0.7702522 0.7873622 0.7559438 0.7336701 0.7807742 0.6926659 0.7468276 0.8389344 0.7923765 0.7674493 0.7641671 0.8036064 0.8468493 0.7793822 0.8597342 0.8856421 0.7958603 0.8309707 0.8008625 0.7930526 0.8415683 0.7514105 0.8328861 0.7345253 0.7629009 0.7211884 0.8300163 0.8659483 0.5667405 0.7655268 0.7864428 0.7374845 0.7275158 0.7100957 0.9077521 0.7310003 0.7019379 0.7638041 0.7322980 1.0285909 0.7562831 0.8364843 0.7546252 0.8044098 0.6067283 0.8195698 0.7025791 0.8240167 0.5414158 0.9560201 0.7411294 0.8134065 0.7954396 0.9048196 0.8640015 0.7918754 0.8051910 0.7963755 0.7101581 0.8961718 0.7982122 0.7708923 0.7507279 0.8156077 0.7345737 0.7818069 0.7994649 0.7486110 0.7605933 0.8072314 0.7544278 0.8495031 0.8012516 0.8331132 0.7457697 0.7394736 0.8312193 0.7585459 0.7698888 0.8871370 0.8258447 0.7600644 0.7202198 0.7703315 0.7366923 0.7746313 0.8494326 0.8075904 0.7901719 0.6557495 0.7619057 0.7738227 0.7837388 0.8470010 0.9500840 0.6310398 0.7651942 0.7765738 0.7526493 0.8659498 0.8006915 0.8033470 0.7122161 0.7403403 0.8536388 0.8864077 0.7502674 0.9946225 0.8735680 1.0581181 0.7736014 0.8062442 0.7460197 0.8624078 0.9342816 0.8743810 0.7550608 0.7693361 0.7338752 0.8058135 0.7568076 0.8242663 1.1686744 0.7719191 0.4884945 0.6786942 0.7713770 0.5350021 0.7714057 0.6567427 0.7469367 0.4751670 0.4572761 
Cotesia_vestalis_Genome              0.7320935 0.7316694 0.6552488 0.9412351 0.7566071 0.6809847 0.7088893 0.7239180 0.7724422 0.7887621 0.7620001 1.0086270 1.0689333 0.0000000 0.7227982 0.7103463 0.7248115 0.7589684 0.7582723 0.7014536 0.6987225 0.1790997 0.7391195 0.9526648 0.9746443 0.7530166 0.7553314 1.2513027 0.7575306 0.7442900 0.9962150 0.7176082 0.7318165 0.7507560 0.6043514 0.6908379 0.7099036 0.6681656 0.9010330 0.7025383 0.7332887 0.6287858 0.7061795 0.7651230 0.8944707 0.7088500 0.7778783 0.7229932 0.6982875 0.6703256 0.7169336 0.7095309 0.7360560 0.8003408 0.7291231 0.7482239 0.7080592 0.6908104 0.7467747 0.6808461 0.6818660 0.7855719 0.7563140 0.7239604 0.7281806 0.7408645 0.8289609 0.7314454 0.8214043 0.5876965 0.7912135 0.7669684 0.7589944 0.7233041 0.7856060 0.7212830 0.7542935 0.7032326 0.6990289 0.7055943 0.7221456 0.7164600 0.8391162 0.7224180 0.8138548 0.7088519 0.6863748 0.6751280 0.7872100 0.7140390 0.6988180 0.6769221 0.6777913 0.1163155 0.6597394 0.7357167 0.6685280 0.7246883 0.8870519 0.7614213 0.6344787 0.6972904 0.7962406 0.8932084 0.6846921 0.7403726 0.7799933 0.7979790 0.8227180 0.7366033 0.7168914 0.7393894 0.6942282 0.8083783 0.6989785 0.7233542 0.6901614 0.7715246 0.7116770 0.7856236 0.7365939 0.7108828 0.6928112 0.7398583 0.7080131 0.7905870 0.8055308 0.7458729 0.7041872 0.6811781 0.7629885 0.7218100 0.7675506 0.9138539 0.7865980 0.7131122 0.6961838 0.7408598 0.7167000 0.7139876 0.7712796 0.7443203 0.7477611 0.6326025 0.7264195 0.7629261 0.7684360 0.7835755 0.9227493 0.9401197 0.7519021 0.7531629 0.7109035 0.7576419 0.7581319 0.7548937 0.6345256 0.7016272 0.7788184 0.8113713 0.7085773 0.7177235 0.7969174 0.9502680 0.6826476 0.7219740 0.7046013 0.8142934 0.8427436 0.8562774 0.7027004 0.7336941 0.7033917 0.7774653 0.6980683 0.7481518 1.0287273 0.7326205 0.4525061 0.6180443 0.7539709 0.4956165 0.8116431 0.6396021 0.9797967 0.4052292 0.3813132 
Dufourea_novaeangliae_Genome         0.2816292 0.1608811 0.2588449 0.6870532 0.2854410 0.1321328 0.1341774 0.2774463 0.2962490 0.4572189 0.2786356 0.6933627 0.7649951 0.7227982 0.0000000 0.1307155 0.1405008 0.2884568 0.2685426 0.1418452 0.1407687 0.7081733 0.2703604 0.6179790 0.6510462 0.2760899 0.2755992 0.9328311 0.2761299 0.2743784 0.6871427 0.1194729 0.2757035 0.2309409 0.1135569 0.1243968 0.1232381 0.2708901 0.6168617 0.1150311 0.1143169 0.1841624 0.1329262 0.2864876 0.5997024 0.1090921 0.6218811 0.1493181 0.1085840 0.1229736 0.1664350 0.2332451 0.2065617 0.3746600 0.2826932 0.2766320 0.1538029 0.1100638 0.2844645 0.1046175 0.1212962 0.3308584 0.3149795 0.1474688 0.1073501 0.1858150 0.4049596 0.2694940 0.3777654 0.5373087 0.3147450 0.3697356 0.1986847 0.1708421 0.4111404 0.1163954 0.4445222 0.1490588 0.2026658 0.1054083 0.4802050 0.5091684 0.5775019 0.1704664 0.3712643 0.1426715 0.1342719 0.1435757 0.4991427 0.1487194 0.1388262 0.3322012 0.2821457 0.6517493 0.1846603 0.3361727 0.3183063 0.3473436 0.6032647 0.3195464 0.2482865 0.2728683 0.5432755 0.6498504 0.1003167 0.2372904 0.3263293 0.4875663 0.4428626 0.3092140 0.4604072 0.3184030 0.1324651 0.5283305 0.2704394 0.1509970 0.1676434 0.2421960 0.1443522 0.2541352 0.3208328 0.1707681 0.3257866 0.2868741 0.2573308 0.4455687 0.3486850 0.4668640 0.2227550 0.1310521 0.3512021 0.1745748 0.2903216 0.5926908 0.3072462 0.1214664 0.2121708 0.2600281 0.2475885 0.2712671 0.3247257 0.2334274 0.3085423 0.1605523 0.1207863 0.2822992 0.2570843 0.4389085 0.6161852 0.6331933 0.1581943 0.2961987 0.1560650 0.4590748 0.3030302 0.2461276 0.2806199 0.1080645 0.4345865 0.4558660 0.1528824 0.6489220 0.3602841 0.6567706 0.1598559 0.4625998 0.1129240 0.4614250 0.4840407 0.4920337 0.1455436 0.2673516 0.0426601 0.3057839 0.2440186 0.4894050 0.6986927 0.1854978 0.1745455 0.1023817 0.2669083 0.3167165 0.5199495 0.1168962 0.6838679 0.2173329 0.1686813 
Eufriesea_mexicana_Genome            0.2629863 0.0996671 0.2461752 0.6486487 0.2637584 0.0593158 0.0636970 0.2557453 0.2764538 0.4468685 0.2553094 0.6754987 0.7357343 0.7103463 0.1307155 0.0000000 0.0886354 0.2650814 0.2493400 0.1093690 0.0790539 0.6896899 0.2577200 0.5954593 0.6269206 0.2518366 0.2582048 0.8526777 0.2614164 0.2483634 0.6644993 0.1427791 0.2724910 0.2080892 0.1042955 0.1128251 0.1129275 0.2491922 0.6225077 0.1417399 0.1383454 0.1643926 0.0602951 0.2660907 0.5710918 0.1054215 0.5898395 0.1282368 0.1047570 0.0595591 0.1208020 0.2122824 0.1915228 0.3540249 0.2588696 0.2527763 0.1215797 0.1070518 0.2556461 0.1013606 0.0676643 0.3122727 0.2824936 0.1299714 0.1322620 0.1591779 0.3839102 0.2588052 0.3620339 0.5186465 0.2900548 0.3401899 0.1626945 0.1228151 0.3793771 0.1382233 0.4261042 0.1169194 0.1836530 0.1027296 0.4412518 0.4893757 0.5496454 0.1451982 0.3348787 0.1215991 0.0806203 0.1262585 0.4735125 0.1156855 0.1187443 0.3043655 0.2655054 0.6702149 0.1666340 0.3072269 0.2960068 0.3288689 0.5961682 0.2960777 0.2280630 0.2540314 0.5271541 0.6097346 0.0991931 0.2226436 0.2981154 0.4723448 0.4081833 0.2799093 0.4168992 0.2974480 0.1026432 0.4859268 0.2597136 0.1424153 0.1480306 0.2137135 0.0808733 0.2424480 0.3035356 0.1504197 0.2997584 0.2587522 0.2516923 0.4191426 0.3363558 0.4363737 0.2084354 0.1207746 0.3380089 0.1546881 0.2672218 0.5467258 0.2758404 0.1194040 0.1976729 0.2316689 0.2249913 0.2559016 0.2952999 0.2141415 0.2917318 0.1491783 0.1432796 0.2599600 0.2427114 0.4026590 0.6093494 0.6008166 0.1137723 0.2788840 0.1202191 0.4300814 0.2876313 0.2276087 0.2666550 0.1035322 0.4018025 0.4395331 0.0969356 0.6078542 0.3396245 0.6394974 0.1406829 0.4262241 0.1065174 0.4330177 0.4633337 0.4490475 0.0953792 0.2429307 0.1163098 0.2900337 0.2264215 0.4793209 0.6789282 0.1635334 0.1607594 0.1212192 0.2364244 0.2928144 0.5064099 0.0136934 0.6320314 0.2055499 0.1584400 
Habropoda_laboriosa_Genome           0.2818441 0.1245293 0.2628328 0.6672974 0.2750553 0.0876965 0.0951869 0.2709962 0.2877366 0.4545817 0.2675231 0.6769940 0.7345683 0.7248115 0.1405008 0.0886354 0.0000000 0.2811199 0.2639693 0.1210607 0.1089074 0.6830038 0.2663943 0.6081757 0.6419267 0.2622967 0.2731895 0.8921770 0.2719574 0.2691927 0.6998047 0.1492669 0.2758259 0.2212094 0.1104962 0.1234488 0.1188289 0.2617247 0.6150151 0.1477062 0.1435134 0.1731271 0.0885957 0.2775343 0.5852506 0.1145228 0.5941559 0.1383068 0.1105707 0.0825369 0.1342313 0.2202159 0.1958003 0.3634358 0.2752501 0.2762832 0.1305512 0.1150007 0.2632616 0.1117913 0.0830360 0.3251310 0.3023229 0.1377678 0.1354513 0.1631478 0.4021088 0.2685262 0.3750800 0.5456838 0.3105903 0.3495975 0.1704781 0.1306895 0.3995619 0.1487459 0.4325437 0.1263964 0.1899371 0.1138226 0.4632000 0.4890867 0.5709203 0.1539928 0.3458947 0.1330272 0.0928775 0.1355820 0.4780836 0.1253506 0.1289111 0.3092493 0.2766419 0.6584249 0.1812116 0.3334286 0.3054862 0.3359169 0.6132693 0.3074100 0.2369629 0.2637529 0.5317004 0.6298373 0.1035899 0.2341775 0.3134690 0.4737077 0.4156906 0.2958997 0.4511154 0.3111141 0.1066649 0.5120715 0.2731866 0.1503425 0.1579037 0.2256163 0.1056016 0.2498831 0.3137463 0.1635931 0.3090431 0.2743904 0.2598889 0.4228415 0.3431618 0.4545448 0.2170244 0.1271456 0.3425337 0.1679917 0.2792417 0.5521870 0.2963772 0.1322593 0.2064243 0.2462696 0.2336059 0.2661107 0.3089688 0.2288730 0.2996643 0.1578300 0.1533114 0.2817241 0.2449338 0.4197722 0.6131676 0.6197652 0.1251268 0.2754916 0.1297896 0.4407992 0.3016119 0.2367023 0.2695753 0.1117700 0.4213952 0.4611980 0.1090027 0.6436111 0.3510278 0.6442765 0.1547784 0.4496040 0.1151561 0.4501098 0.4839064 0.4707730 0.0585571 0.2600034 0.1239787 0.2983876 0.2347353 0.4842167 0.6883674 0.1802399 0.1790712 0.1293393 0.2622900 0.3032491 0.5260246 0.0793310 0.6496757 0.2160920 0.1713553 
Harpegnathos_saltator_Genome         0.1584644 0.2901262 0.2786824 0.7097405 0.1648182 0.2704333 0.2844681 0.1581000 0.1737645 0.4946084 0.1499753 0.7223851 0.8096545 0.7589684 0.2884568 0.2650814 0.2811199 0.0000000 0.1442838 0.2738096 0.2771214 0.7483895 0.1562156 0.6356192 0.6952934 0.1589491 0.1479899 0.9401872 0.1508489 0.1472653 0.7421507 0.2917424 0.3435487 0.2714497 0.2319739 0.2680622 0.2610510 0.2802822 0.6845690 0.2784336 0.2840626 0.2674475 0.2699630 0.3165496 0.6126345 0.2681412 0.6398321 0.2744516 0.2691149 0.2483982 0.2901572 0.2981223 0.2823075 0.3965334 0.2997135 0.3070434 0.2927132 0.2544009 0.2924664 0.2579770 0.2762294 0.3747359 0.3321098 0.2838986 0.2860563 0.3282481 0.4482836 0.3290430 0.4185387 0.5711699 0.3443495 0.3918616 0.3276199 0.2948469 0.4332068 0.2919792 0.4711097 0.2871249 0.2701812 0.2516753 0.4932950 0.5269471 0.5870884 0.3041262 0.3730079 0.2717408 0.2702268 0.2610389 0.5160663 0.2819713 0.2674928 0.3616412 0.2938551 0.7211312 0.2713802 0.3769544 0.3436338 0.3960014 0.6467893 0.3435933 0.2647648 0.3076425 0.5413249 0.6690287 0.2582119 0.3175865 0.3376246 0.5583325 0.4826569 0.3369199 0.4711361 0.3563576 0.2644188 0.5675106 0.3007142 0.2883521 0.2619391 0.3125303 0.2839296 0.3264972 0.3276916 0.2621451 0.3605344 0.3043725 0.3295987 0.4814926 0.3878053 0.5028904 0.2683186 0.2761270 0.3808482 0.2684962 0.3273840 0.5979195 0.3298002 0.2797317 0.2963600 0.2877949 0.2749138 0.3112751 0.3427716 0.3167339 0.3414504 0.2318764 0.2992844 0.1443804 0.3276144 0.4803724 0.6674573 0.6225314 0.2947618 0.3146073 0.2899828 0.4917264 0.3376280 0.3253865 0.3275651 0.2633796 0.4537669 0.5123441 0.2850744 0.6687961 0.4241099 0.7414651 0.2514393 0.4873688 0.2653149 0.4776272 0.4863363 0.5063554 0.2674847 0.3073912 0.2706332 0.3368788 0.2747220 0.5334315 0.7606189 0.2869607 0.1858303 0.2484874 0.1462909 0.3200301 0.5396060 0.2406165 0.7295647 0.2314895 0.1698324 
Linepithema_humile_Genome            0.1129898 0.2748655 0.2767398 0.6938214 0.1120825 0.2484742 0.2588094 0.1084229 0.1275493 0.4743059 0.1217796 0.7148219 0.7920042 0.7582723 0.2685426 0.2493400 0.2639693 0.1442838 0.0000000 0.2562343 0.2651939 0.7077541 0.1077959 0.6421916 0.6741205 0.1082050 0.1043880 0.9167287 0.1088133 0.0991314 0.7040681 0.2745879 0.3295943 0.2649335 0.2310293 0.2504558 0.2613079 0.2846174 0.6265312 0.2729922 0.2810396 0.2616268 0.2563978 0.3186282 0.6250479 0.2465521 0.6299493 0.2564014 0.2426692 0.2523416 0.2865574 0.2982521 0.2781359 0.3799836 0.2940942 0.2873579 0.2808803 0.2461495 0.2943235 0.2508740 0.2542300 0.3466797 0.3192094 0.2644269 0.2715171 0.3148788 0.4414202 0.3071604 0.4019411 0.5835118 0.3288404 0.3777760 0.2991098 0.2840142 0.4088333 0.2812526 0.4538811 0.2794161 0.2623384 0.2332539 0.4649880 0.5060918 0.5955697 0.2826749 0.3743927 0.2647428 0.2557191 0.2431885 0.5122471 0.2648645 0.2587549 0.3494852 0.2895721 0.6858022 0.2450797 0.3637571 0.3323348 0.3673938 0.6277231 0.3328464 0.2606888 0.2824119 0.5356146 0.6574405 0.2463278 0.2937458 0.3303054 0.5404053 0.4502317 0.3301418 0.4611163 0.3334341 0.2474703 0.5464260 0.2855504 0.2793486 0.2388085 0.3004442 0.2543799 0.3225473 0.3255148 0.2465092 0.3566793 0.2987127 0.3205499 0.4588495 0.3614717 0.4788783 0.2436902 0.2613206 0.3662249 0.2456811 0.2979942 0.5876939 0.3311364 0.2645676 0.2788809 0.2751838 0.2613691 0.2925561 0.3352285 0.2968919 0.3246704 0.2123465 0.2813258 0.1471009 0.3198932 0.4513597 0.6231783 0.6261352 0.2777784 0.3124304 0.2659166 0.4686429 0.3140627 0.3023581 0.3056877 0.2445580 0.4239950 0.4919065 0.2814145 0.6725974 0.3903024 0.6632225 0.2430164 0.4569967 0.2434576 0.4705069 0.5014272 0.4990924 0.2627335 0.2747255 0.2523135 0.3216778 0.2475560 0.5259220 0.7259411 0.2520600 0.1926104 0.2422084 0.1006218 0.3175941 0.5122134 0.2350504 0.7185867 0.2311436 0.1850953 
Megachile_rotundata_Genome           0.2703920 0.1417166 0.2655785 0.6375125 0.2723428 0.1151876 0.1166008 0.2649012 0.2807438 0.4457363 0.2713138 0.6963706 0.7524510 0.7014536 0.1418452 0.1093690 0.1210607 0.2738096 0.2562343 0.0000000 0.1306550 0.6908137 0.2631041 0.6021123 0.6633745 0.2651152 0.2566011 0.9066937 0.2668942 0.2548715 0.7078508 0.1528103 0.2714114 0.2149704 0.1165826 0.1387157 0.1313947 0.2583562 0.5988024 0.1482794 0.1535368 0.1861399 0.1119718 0.2780665 0.5909352 0.1170487 0.5894153 0.1355495 0.1193401 0.1036469 0.1515161 0.2144825 0.2014279 0.3589452 0.2734751 0.2633353 0.0306972 0.1232149 0.2749488 0.1186864 0.1066157 0.3234614 0.2955214 0.1365562 0.1408568 0.1246998 0.4011852 0.2661505 0.3694036 0.5191644 0.3060262 0.3603609 0.1850264 0.1549854 0.3820004 0.1648013 0.4310826 0.0661903 0.2014791 0.1241500 0.4539521 0.5036385 0.5769561 0.1175829 0.3526749 0.1353485 0.1186254 0.1413404 0.4894409 0.0186553 0.1335025 0.3117843 0.2715733 0.6745187 0.1784068 0.3339423 0.2984942 0.3329933 0.6023178 0.2971760 0.2337629 0.2630223 0.5447052 0.6203273 0.1107248 0.2451131 0.3060194 0.4808156 0.4176692 0.2881067 0.4394958 0.3034659 0.0790332 0.5157927 0.2630672 0.1540925 0.1576180 0.2347626 0.1355157 0.2423478 0.3017811 0.1674719 0.3148633 0.2752761 0.2687503 0.4389279 0.3554083 0.4583070 0.2111241 0.1279753 0.3518314 0.1655267 0.2782407 0.5616695 0.2898942 0.1315132 0.2134976 0.2465137 0.2437082 0.2791325 0.3017479 0.2255924 0.3141666 0.1594447 0.1540860 0.2762929 0.2484790 0.4300238 0.6111173 0.5914026 0.1486260 0.2856087 0.0726704 0.4697249 0.3053439 0.2385056 0.2848707 0.1159173 0.4269009 0.4436088 0.1325335 0.6327129 0.3599952 0.6851736 0.1590482 0.4454380 0.1213076 0.4545379 0.4818648 0.4967399 0.1256990 0.2727071 0.1416890 0.3016583 0.2462473 0.4868142 0.6988104 0.1858884 0.1773021 0.1383232 0.2576117 0.2987543 0.4997622 0.1027480 0.6585443 0.2014255 0.1639651 
