106
abroscopus_albogularis_ku_28164        0.00000000 0.02336920 0.02575444 0.01579838 0.01247627 0.01891369 0.02617569 0.02258437 0.01513804 0.02175538 0.02056147 0.02367571 0.02501038 0.01945403 0.02223053 0.02345642 0.01785013 0.02415612 0.01784914 0.01446640 0.02779222 0.02202900 0.02142902 0.02108506 0.01521741 0.01967472 0.02086504 0.02028532 0.01415719 0.02111833 0.01384867 0.02159226 0.02488898 0.02124747 0.03188756 0.01917511 0.01402176 0.02018739 0.02083946 0.01846140 0.02462062 0.02033465 0.01690431 0.02018459 0.01036869 0.02905550 0.01928670 0.02181723 0.02657771 0.01988860 0.01547451 0.00791678 0.02102640 0.02100475 0.01847548 0.01867851 0.01467363 0.01757752 0.02214152 0.01459962 0.01721782 0.01870031 0.01761156 0.01610875 0.01938006 0.01717845 0.01552306 0.02457484 0.01600177 0.02013808 0.01615906 0.02301377 0.01975319 0.01950583 0.01484255 0.02356398 0.04839291 0.01836578 0.01846846 0.02550927 0.02313103 0.01882526 0.01797892 0.01931847 0.01557759 0.01399591 0.01489455 0.02244033 0.02124905 0.01660438 0.02323452 0.02329670 0.01918078 0.02306964 0.01362091 0.02137530 0.01908009 0.01991469 0.01660083 0.01680750 0.00686833 0.01623615 0.01787146 0.02136599 0.02119913 0.01774524 
timeliopsis_fulvigula_12152            0.02336920 0.00000000 0.00734069 0.02310152 0.02313314 0.02227549 0.02249326 0.02213149 0.02263821 0.02491719 0.02362186 0.02399823 0.02964366 0.02255983 0.01962474 0.02654257 0.02685392 0.02134826 0.01831521 0.01913617 0.02593031 0.01947177 0.02478113 0.01871522 0.02620553 0.02474446 0.02098793 0.02594147 0.02409401 0.02758971 0.01274245 0.01907144 0.00689122 0.02443085 0.03317429 0.02678849 0.02267134 0.02319048 0.02365530 0.01959625 0.02238922 0.02088373 0.02413219 0.02070737 0.01813613 0.02099570 0.01823497 0.00810877 0.02158091 0.02017149 0.02268257 0.00726043 0.01869091 0.02376767 0.02514230 0.02376633 0.02432574 0.01719046 0.02007639 0.01693787 0.01954722 0.02173097 0.02499428 0.02319509 0.01772807 0.02332754 0.01598806 0.01501816 0.02501651 0.02317882 0.01255821 0.02376894 0.02318406 0.01852102 0.02360331 0.02335203 0.04402282 0.02126028 0.02595797 0.02387908 0.02349366 0.02658576 0.02077995 0.02263783 0.02494347 0.01573212 0.01768957 0.02121170 0.01884210 0.02363967 0.02601868 0.02788101 0.02010941 0.02142023 0.02244637 0.02419794 0.01917587 0.02292367 0.02406244 0.02392972 0.02195987 0.02358674 0.01751242 0.02467379 0.02347560 0.02028839 
acanthorhynchus_tenuirostris_ku_10667  0.02575444 0.00734069 0.00000000 0.04037509 0.02713023 0.02141050 0.03912129 0.03123087 0.03940718 0.04314095 0.04078609 0.04165553 0.03831563 0.03934809 0.03446579 0.04558517 0.03544280 0.02281408 0.02217723 0.01645826 0.03580612 0.03483722 0.04303127 0.03364934 0.02445844 0.03180310 0.03713233 0.04243730 0.04279834 0.03344906 0.01235374 0.03425878 0.01388822 0.04213511 0.04159856 0.04435782 0.04057509 0.04056358 0.04128611 0.01880523 0.03909198 0.02571546 0.04204415 0.02641556 0.01672306 0.03737874 0.03303930 0.00740484 0.03799445 0.03590687 0.01959592 0.00702145 0.03376601 0.04120425 0.02517667 0.02928492 0.02236361 0.03068296 0.03561900 0.01659170 0.01959155 0.02284279 0.04338475 0.04061324 0.03190244 0.04071163 0.01544840 0.02775883 0.02552827 0.04057945 0.01163775 0.04099041 0.04015399 0.03326247 0.03956105 0.04047645 0.06950395 0.03600084 0.04293992 0.03557825 0.02925989 0.04463073 0.03668043 0.03904021 0.04322770 0.01463166 0.01867553 0.01949882 0.03386993 0.04114298 0.04422119 0.04740536 0.02419289 0.03751598 0.03929329 0.04267424 0.02349214 0.04015791 0.04208638 0.03199647 0.02313563 0.03991753 0.03142107 0.04229028 0.04017717 0.02057676 
acrocephalus_orientalis_ku_28793       0.01579838 0.02310152 0.04037509 0.00000000 0.01708299 0.02183174 0.04463316 0.03110757 0.02633393 0.03723770 0.03491494 0.03976918 0.03106193 0.03324171 0.03417721 0.03940451 0.02284369 0.02580294 0.02129328 0.01647640 0.03919343 0.03664758 0.03610406 0.03555173 0.01566904 0.02485594 0.03570802 0.03008720 0.02958845 0.02699089 0.01420288 0.03601351 0.04188276 0.03630692 0.04419131 0.02930498 0.02756309 0.03368935 0.03502649 0.01908699 0.04108559 0.02447010 0.02910652 0.02636646 0.01067801 0.04747914 0.03304570 0.02236026 0.04418742 0.03424553 0.01625940 0.00887954 0.03578782 0.03559518 0.01991639 0.02264878 0.01532648 0.03049955 0.03780533 0.01757657 0.01956272 0.02320121 0.03036538 0.02693778 0.03398842 0.02995904 0.01636239 0.04127713 0.01927962 0.03475107 0.01238002 0.04019032 0.03365780 0.03254949 0.02482997 0.03924843 0.07263875 0.02833738 0.02843054 0.03604269 0.02903178 0.02872259 0.03092341 0.03326253 0.02987397 0.01536400 0.01837341 0.02173632 0.03594768 0.02832965 0.03800865 0.03964951 0.02440560 0.03942236 0.02631093 0.03726897 0.02364212 0.03409050 0.02926286 0.02071579 0.01426620 0.02592082 0.03060400 0.03532887 0.03257098 0.02112557 
aegithalos_concinnus_ku_28044          0.01247627 0.02313314 0.02713023 0.01708299 0.00000000 0.02090202 0.02968687 0.02479024 0.01631824 0.02391013 0.02228988 0.02572485 0.02795420 0.02101607 0.02316097 0.02553377 0.01980771 0.02586728 0.02100615 0.01562136 0.03141534 0.02360088 0.02325698 0.02296184 0.01597214 0.02099062 0.02306715 0.02101528 0.01643374 0.02501218 0.01410140 0.02319312 0.02716751 0.02305474 0.04040056 0.01958077 0.01546722 0.02194333 0.02279340 0.01805042 0.02685738 0.02080000 0.01848373 0.02271116 0.01097073 0.03113046 0.02090922 0.02255654 0.02923950 0.02218872 0.01610150 0.00829073 0.02256172 0.02278076 0.01861095 0.01909453 0.01568425 0.01941923 0.02430249 0.01689443 0.01927645 0.02049790 0.01913004 0.01759487 0.02162629 0.01894119 0.01593116 0.02665734 0.01672490 0.02219696 0.01252212 0.02594290 0.02174464 0.02128596 0.01515789 0.02569093 0.05144660 0.01970042 0.01934722 0.02672679 0.02452375 0.01997181 0.01980613 0.02102274 0.00888928 0.01556109 0.01917055 0.02120087 0.02302347 0.01787042 0.02428664 0.02583790 0.02301189 0.02525464 0.01474905 0.02324068 0.02110201 0.02178310 0.01807771 0.01923178 0.01068568 0.01694399 0.01970189 0.02330008 0.02192639 0.02017849 
aegithina_lafresnayei_ku_23213         0.01891369 0.02227549 0.02141050 0.02183174 0.02090202 0.00000000 0.02282372 0.01262416 0.02091777 0.02320102 0.02190199 0.02177234 0.02845363 0.02048801 0.01578307 0.02492407 0.02367530 0.02331344 0.01631546 0.01142568 0.02342955 0.01463358 0.02294057 0.01433012 0.02503388 0.02097522 0.01875941 0.02387854 0.02300172 0.02532644 0.01048672 0.01435497 0.02115769 0.02254061 0.03351453 0.02396677 0.02134989 0.02097536 0.02213064 0.01474877 0.01743074 0.01632147 0.02257010 0.01231193 0.01482486 0.02470043 0.01663039 0.01964161 0.02259064 0.01796426 0.01886567 0.00589800 0.01405679 0.02222053 0.02428265 0.01914024 0.02163317 0.01526154 0.01544497 0.01245114 0.01403802 0.01890390 0.02367114 0.02154575 0.01297598 0.02154814 0.01244858 0.02079370 0.02089244 0.02186773 0.00893684 0.02205286 0.02116236 0.01662080 0.02096369 0.02144421 0.04341607 0.01883625 0.02336670 0.02036968 0.01185844 0.02467577 0.01916574 0.02094618 0.02363311 0.01094744 0.01162779 0.02288101 0.01547450 0.02247939 0.02357764 0.02539345 0.01046015 0.01648411 0.02038051 0.02262253 0.01430468 0.02140529 0.02285060 0.02275722 0.02074746 0.02121315 0.01532034 0.02279498 0.02117569 0.01739580 
ailuroedus_buccoides_ku_12226          0.02617569 0.02249326 0.03912129 0.04463316 0.02968687 0.02282372 0.00000000 0.03331633 0.04421905 0.04794509 0.04518897 0.04616109 0.04032291 0.04367138 0.03694436 0.05025623 0.03738837 0.01895823 0.02376178 0.01732876 0.02842133 0.03937365 0.04733799 0.03778070 0.02679875 0.03308241 0.04127854 0.04474638 0.04727031 0.03553343 0.01405193 0.03821668 0.04039241 0.04673458 0.03762190 0.04692846 0.04541720 0.04483312 0.04602498 0.02037210 0.04369538 0.02767057 0.04680333 0.02781064 0.01759214 0.04594719 0.03779017 0.02090990 0.03537419 0.04013435 0.02152360 0.00811883 0.03791690 0.04606546 0.02655642 0.03099615 0.02388383 0.03537316 0.03994380 0.01839827 0.02093677 0.02400851 0.04825086 0.04469978 0.03603804 0.04513253 0.01691377 0.04027510 0.02716782 0.04531066 0.01233313 0.04612579 0.04476000 0.03783649 0.04228260 0.04522931 0.06495198 0.03868372 0.04581681 0.03767422 0.03143286 0.04622383 0.04119427 0.04373970 0.04802277 0.01606491 0.01918708 0.00743450 0.03797662 0.04607002 0.04816810 0.05130067 0.02603299 0.04156906 0.04418228 0.04705333 0.02478257 0.04490793 0.04666181 0.03418965 0.02515764 0.04292390 0.03557462 0.04555198 0.04320191 0.02199814 
artamus_cinereus_ku_6183               0.02258437 0.02213149 0.03123087 0.03110757 0.02479024 0.01262416 0.03331633 0.00000000 0.03029689 0.03333397 0.03128317 0.03161016 0.03496491 0.02980901 0.02384862 0.03524076 0.03198747 0.02385718 0.01999191 0.01153606 0.03599456 0.02246486 0.03290166 0.02146288 0.02277152 0.02848412 0.02755613 0.03303961 0.03261578 0.02977270 0.01069342 0.02164930 0.03071804 0.03204185 0.04120153 0.03469725 0.03081824 0.03125800 0.03189678 0.01392541 0.02627056 0.02183455 0.03246917 0.01525644 0.01508116 0.03522356 0.02461920 0.01962962 0.03300773 0.02655085 0.01844926 0.00612573 0.02115540 0.03151245 0.02197734 0.02546423 0.02006458 0.02261213 0.02292154 0.01296329 0.01441883 0.02055719 0.03339603 0.03113128 0.01978078 0.03117913 0.01162870 0.03000678 0.02259240 0.03119815 0.00932942 0.03118548 0.03058883 0.02477851 0.03015970 0.03113352 0.06070824 0.02716609 0.03349865 0.02960336 0.01787504 0.03454411 0.02793854 0.02953198 0.03368617 0.01055073 0.01396545 0.01957721 0.02304058 0.03154664 0.03392058 0.03663635 0.01443933 0.02434225 0.02958278 0.03285966 0.01715638 0.03095175 0.03250617 0.03092801 0.02118723 0.03053594 0.02273873 0.03223994 0.03105475 0.01586357 
bleda_syndactylus_ku_29008             0.01513804 0.02263821 0.03940718 0.02633393 0.01631824 0.02091777 0.04421905 0.03029689 0.00000000 0.03634613 0.03409164 0.03867792 0.03011529 0.03225651 0.03319118 0.03841619 0.02199619 0.02519663 0.02065549 0.01569977 0.03837908 0.03543853 0.03538219 0.03451446 0.01540657 0.02412983 0.03454206 0.02892522 0.02828794 0.02607757 0.01369940 0.03516999 0.04072204 0.03500287 0.04350719 0.02871471 0.02646231 0.03334752 0.03423365 0.01822429 0.03982609 0.02379683 0.02829712 0.02554136 0.01017982 0.04653754 0.03193909 0.02171588 0.04356011 0.03354714 0.01560402 0.00808488 0.03449100 0.03441910 0.01904211 0.02198289 0.01455956 0.02951692 0.03703727 0.01718007 0.01881902 0.02247130 0.02931976 0.02675483 0.03297759 0.02907041 0.01554363 0.04048926 0.01870407 0.03355914 0.01208870 0.03892557 0.03306858 0.03164193 0.02372738 0.03809850 0.07183717 0.02735267 0.02758879 0.03528632 0.02835971 0.02805846 0.03004838 0.03209404 0.02914842 0.01511581 0.01813570 0.02155936 0.03467877 0.02060008 0.03706676 0.03891660 0.02367707 0.03790999 0.02479445 0.03582213 0.02270826 0.03351126 0.02754953 0.01983695 0.01351397 0.02391064 0.02982199 0.03425157 0.03177553 0.02054424 
bombycilla_garrulus_ku_21744           0.02175538 0.02491719 0.04314095 0.03723770 0.02391013 0.02320102 0.04794509 0.03333397 0.03634613 0.00000000 0.03750714 0.04290345 0.03373904 0.03604522 0.03704330 0.04232473 0.03044064 0.02744556 0.02281328 0.01763576 0.04210024 0.03964384 0.03968299 0.03884931 0.02174185 0.01674499 0.03889170 0.03743705 0.03986911 0.02872525 0.01462771 0.03892451 0.04511441 0.03878452 0.04725130 0.03937478 0.03750666 0.03821947 0.03787160 0.02034486 0.04427879 0.02655136 0.03935816 0.02867980 0.01478670 0.05063702 0.03619674 0.02380653 0.04792858 0.03758256 0.01714031 0.00908644 0.03874386 0.03802529 0.02090861 0.02449897 0.01956371 0.03361406 0.04093814 0.01886572 0.02154662 0.02504450 0.04003754 0.03773345 0.03696222 0.03771939 0.01739352 0.04488896 0.02222802 0.03721488 0.01343006 0.04298728 0.03664070 0.03561486 0.03447504 0.04226017 0.07651828 0.03070431 0.03827219 0.03908941 0.03149937 0.03854321 0.03360334 0.03544983 0.04051881 0.01672972 0.01955238 0.02339896 0.03893897 0.03865126 0.04019271 0.04401755 0.02672217 0.04206664 0.03623089 0.03936327 0.02537642 0.03677819 0.03901205 0.02787799 0.02051113 0.03553685 0.03385264 0.03739398 0.03498248 0.02209029 
certhia_americana_ku_30065             0.02056147 0.02362186 0.04078609 0.03491494 0.02228988 0.02190199 0.04518897 0.03128317 0.03409164 0.03750714 0.00000000 0.04028128 0.03190469 0.03298983 0.03421672 0.03887023 0.02900398 0.02594892 0.02138004 0.01627017 0.03961312 0.03675669 0.03734906 0.03588919 0.02043739 0.02498230 0.03628652 0.03555908 0.03695420 0.02755000 0.01337682 0.03598865 0.04229723 0.03612719 0.04465683 0.03708328 0.03482923 0.03521837 0.03524021 0.01858154 0.04099415 0.02441020 0.03651143 0.02699222 0.01331774 0.04808514 0.03317375 0.02202426 0.04464482 0.03474355 0.01589856 0.00770202 0.03595320 0.03529634 0.01929410 0.02278363 0.01798415 0.03087019 0.03813969 0.01744541 0.01942728 0.02372596 0.03777667 0.03518759 0.03398201 0.03518855 0.01599917 0.04179929 0.02028867 0.03483295 0.01172029 0.04028481 0.03375469 0.03312191 0.03230232 0.03955503 0.07320834 0.02863053 0.03574237 0.03597560 0.02938790 0.03676114 0.03081267 0.03319350 0.03810940 0.01511314 0.01834595 0.02187788 0.03573898 0.03603337 0.03748426 0.04102642 0.02448080 0.03954535 0.03349660 0.03318363 0.02413912 0.03380663 0.03665152 0.02629840 0.01928997 0.03356412 0.03118420 0.02999709 0.03269045 0.02073662 
chaetops_aurantius_uwbm_52974          0.02367571 0.02399823 0.04165553 0.03976918 0.02572485 0.02177234 0.04616109 0.03161016 0.03867792 0.04290345 0.04028128 0.00000000 0.03576661 0.03845544 0.03525430 0.04436375 0.03254413 0.02615770 0.02179510 0.01642040 0.04013330 0.03725570 0.04192514 0.03646951 0.02354451 0.02916235 0.03606221 0.03988600 0.04196067 0.03109823 0.01402436 0.03683293 0.04302702 0.04121886 0.04550217 0.04199360 0.03990027 0.03995029 0.04048402 0.01913007 0.04187567 0.02526286 0.04176195 0.02663625 0.01567379 0.04819984 0.03384871 0.02326754 0.04538227 0.03497953 0.01912619 0.00838235 0.03605871 0.04086026 0.02320020 0.02740828 0.02097666 0.03115162 0.03830088 0.01775648 0.01994839 0.02349062 0.04266087 0.03981798 0.03442895 0.04015071 0.01626317 0.04235775 0.02348059 0.03996988 0.01246769 0.04003211 0.03957541 0.03301465 0.03700007 0.02863717 0.07478866 0.03362535 0.04072868 0.03681283 0.02944752 0.04162166 0.03636520 0.03868192 0.04270659 0.01543533 0.01895390 0.02239725 0.03669917 0.04097241 0.04355704 0.04616130 0.02494160 0.03981798 0.03861262 0.04231177 0.02356589 0.03951972 0.04133480 0.02982485 0.02188913 0.03824957 0.03182739 0.04058639 0.03818985 0.02103328 
chelidorhynx_hypoxanthus_ku_28022      0.02501038 0.02964366 0.03831563 0.03106193 0.02795420 0.02845363 0.04032291 0.03496491 0.03011529 0.03373904 0.03190469 0.03576661 0.00000000 0.03043974 0.03287367 0.03521059 0.03331343 0.03051756 0.02742920 0.02140361 0.04329613 0.03318699 0.02758542 0.03231071 0.02539066 0.03116861 0.03204398 0.03342915 0.03263208 0.03343742 0.01753635 0.03262340 0.03723227 0.03292899 0.05014407 0.03425847 0.03097472 0.03077673 0.03185873 0.02373469 0.03668184 0.02945195 0.03221325 0.03315868 0.01811951 0.04236383 0.02981210 0.02728922 0.03997376 0.03112159 0.02018641 0.01147206 0.03175171 0.03213542 0.02450483 0.02771672 0.02238499 0.02795058 0.03352449 0.02284767 0.02582477 0.02702005 0.03289959 0.03088732 0.03069144 0.03091172 0.02190298 0.03693559 0.02387212 0.03147450 0.01684887 0.03596012 0.03097794 0.02989567 0.03064387 0.03527773 0.06582713 0.02804674 0.03354185 0.03763660 0.03443578 0.03386459 0.02835406 0.03033838 0.03302911 0.01998877 0.02291506 0.02725031 0.03208356 0.03195015 0.03377938 0.03576943 0.02854094 0.03472660 0.02987062 0.03306000 0.02815418 0.03147055 0.03188615 0.03344587 0.02248067 0.03094594 0.02861180 0.03235875 0.03131503 0.02552693 
chloropsis_sonnerati_ku_24451          0.01945403 0.02255983 0.03934809 0.03324171 0.02101607 0.02048801 0.04367138 0.02980901 0.03225651 0.03604522 0.03298983 0.03845544 0.03043974 0.00000000 0.03295904 0.03761823 0.02733053 0.02469443 0.02031485 0.01546400 0.03764427 0.03531764 0.03522729 0.03410514 0.01943190 0.02335254 0.03424170 0.03322466 0.03488131 0.02189102 0.01276005 0.03467913 0.04099630 0.02907112 0.04348567 0.03517646 0.03331609 0.03348743 0.02812202 0.01769619 0.03958304 0.02336458 0.03492419 0.02485194 0.01284337 0.04613476 0.03124863 0.02143205 0.04269830 0.03290381 0.01387825 0.00760991 0.03418511 0.02824718 0.01839184 0.01881080 0.01706048 0.02916600 0.03614959 0.01664510 0.01843624 0.02208276 0.03618099 0.03355082 0.03215085 0.03338109 0.01500741 0.04027558 0.01923607 0.02765511 0.01118276 0.03864090 0.02703268 0.03118434 0.03042236 0.03773620 0.07163932 0.02186225 0.03382768 0.03473502 0.02774598 0.03434277 0.02705491 0.02608215 0.03582490 0.01453996 0.01716697 0.02070201 0.03438730 0.03431830 0.03632389 0.03954883 0.02330632 0.03751106 0.03211254 0.03551992 0.02220134 0.03241182 0.03508819 0.02449742 0.01782533 0.03157017 0.02936523 0.03353519 0.02626330 0.01985481 
cinclosoma_punctatum_uwbm_57790        0.02223053 0.01962474 0.03446579 0.03417721 0.02316097 0.01578307 0.03694436 0.02384862 0.03319118 0.03704330 0.03421672 0.03525430 0.03287367 0.03295904 0.00000000 0.03896906 0.03084728 0.02232744 0.01809587 0.01216072 0.03437815 0.02608705 0.03646739 0.02508657 0.02091578 0.02712415 0.03056363 0.03667325 0.03635665 0.02845772 0.01028338 0.02565291 0.03372798 0.03561216 0.04039700 0.03852488 0.03455586 0.03430899 0.03479824 0.01389261 0.03063681 0.02094420 0.03588704 0.01931322 0.01420490 0.03939818 0.02717435 0.01860711 0.03597260 0.02927866 0.01697384 0.00605545 0.02533417 0.03518181 0.02097307 0.02426062 0.01881190 0.02494433 0.02692804 0.01269777 0.01439410 0.01939237 0.03713599 0.03411919 0.02346409 0.03481710 0.01144952 0.03342133 0.02127689 0.03450681 0.00923807 0.03458662 0.03386740 0.02704608 0.03367616 0.03401147 0.06696034 0.03043923 0.03704251 0.03128065 0.02210423 0.03836573 0.03036233 0.03277463 0.03724305 0.01121657 0.01460766 0.01872775 0.01621431 0.03512439 0.03833212 0.04038418 0.01814259 0.02855973 0.03285722 0.03656213 0.01695059 0.03428587 0.03579648 0.02676732 0.01935773 0.03473249 0.02518783 0.03599995 0.03451192 0.01595855 
cinclus_pallasii_ku_11246              0.02345642 0.02654257 0.04558517 0.03940451 0.02553377 0.02492407 0.05025623 0.03524076 0.03841619 0.04232473 0.03887023 0.04436375 0.03521059 0.03761823 0.03896906 0.00000000 0.03244439 0.02817796 0.02469212 0.01881204 0.04395168 0.04147331 0.04159009 0.04038330 0.02344663 0.02813494 0.04061993 0.03899412 0.04186076 0.03001276 0.01563081 0.04094726 0.04702776 0.04056392 0.04845766 0.04152143 0.03971103 0.03960893 0.03945405 0.02144401 0.04607039 0.02842971 0.04116434 0.03002926 0.01537415 0.05277456 0.03804271 0.02479452 0.04961473 0.03919961 0.01845838 0.00980121 0.04029768 0.03947712 0.01681320 0.02602988 0.02064765 0.03562919 0.04228914 0.02038107 0.02242686 0.02658449 0.04229223 0.03952830 0.03879138 0.03958185 0.01843432 0.04677731 0.02338915 0.03910593 0.01418720 0.04497958 0.03835247 0.03736808 0.03640195 0.04403186 0.07854702 0.03226005 0.04019990 0.04069857 0.03329219 0.04074395 0.03540038 0.03744323 0.04227875 0.01762210 0.02083454 0.02485428 0.04052642 0.04032941 0.04223299 0.04573411 0.02817604 0.04401180 0.03838827 0.04090500 0.02695280 0.03051304 0.04076557 0.02969615 0.02129469 0.03766864 0.03577642 0.03937841 0.03676999 0.02358740 
cisticola_anonymus_ku_29165            0.01785013 0.02685392 0.03544280 0.02284369 0.01980771 0.02367530 0.03738837 0.03198747 0.02199619 0.03044064 0.02900398 0.03254413 0.03331343 0.02733053 0.03084728 0.03244439 0.00000000 0.02749783 0.02378949 0.01836459 0.03929191 0.03014329 0.02990546 0.02941073 0.01732842 0.02670129 0.02928976 0.02735439 0.02467941 0.02866128 0.01482334 0.03003758 0.03461304 0.02982700 0.04448337 0.02660678 0.02311748 0.02811988 0.02906473 0.01973242 0.03369326 0.02590359 0.02428410 0.02804314 0.01202347 0.03906680 0.02685275 0.02331204 0.03703185 0.02828229 0.01856949 0.00980398 0.02941197 0.02917947 0.02158288 0.02421792 0.01682526 0.02506720 0.03083709 0.01987360 0.02208159 0.02413894 0.01012131 0.02321348 0.02755641 0.02466133 0.01785236 0.03416234 0.02067383 0.02846735 0.01395406 0.03253168 0.02829420 0.02730352 0.02233464 0.03220212 0.06396954 0.02575127 0.02608137 0.03356959 0.03115093 0.02621523 0.02553830 0.02736040 0.02520324 0.01679361 0.02085779 0.02386711 0.02956914 0.02362465 0.03154170 0.03280828 0.02577040 0.03222620 0.02185282 0.03003871 0.02437324 0.02820727 0.02384907 0.02441841 0.01558808 0.02348691 0.02543071 0.02902927 0.02912929 0.02371114 
climacteris_melanurus_ku_8858          0.02415612 0.02134826 0.02281408 0.02580294 0.02586728 0.02331344 0.01895823 0.02385718 0.02519663 0.02744556 0.02594892 0.02615770 0.03051756 0.02469443 0.02232744 0.02817796 0.02749783 0.00000000 0.02191100 0.02040091 0.01098554 0.02279635 0.02731211 0.02182158 0.02797172 0.02555486 0.02313504 0.02677218 0.02680757 0.02980227 0.01519212 0.02176057 0.02251966 0.02637177 0.02993839 0.02780995 0.02531226 0.02541486 0.02611019 0.02149800 0.02485369 0.02266123 0.02639436 0.02244536 0.02136519 0.02616813 0.02139815 0.02296447 0.02018411 0.02245434 0.02183486 0.00892830 0.02150301 0.02596046 0.02648807 0.02446044 0.02633388 0.01984214 0.02264205 0.02003038 0.02102789 0.02241492 0.02758811 0.02543735 0.02042614 0.02507143 0.01860841 0.02215894 0.02468957 0.02534840 0.01539068 0.02604076 0.02499753 0.02130559 0.02480257 0.02587710 0.03789116 0.02306143 0.02647511 0.02513146 0.02386764 0.02801450 0.02321147 0.02502404 0.02734741 0.01887883 0.01760448 0.01759383 0.02180619 0.02619135 0.02781965 0.02916384 0.02228724 0.02369329 0.02460985 0.02736683 0.02168793 0.02575139 0.02648527 0.02822223 0.02463762 0.02577925 0.02029606 0.02676610 0.02526037 0.02155931 
cnemophilus_loriae_ku_16529            0.01784914 0.01831521 0.02217723 0.02129328 0.02100615 0.01631546 0.02376178 0.01999191 0.02065549 0.02281328 0.02138004 0.02179510 0.02742920 0.02031485 0.01809587 0.02469212 0.02378949 0.02191100 0.00000000 0.01170523 0.02665010 0.01815274 0.02310167 0.01784491 0.02038592 0.02038288 0.01796637 0.02363409 0.02258391 0.02353626 0.01073710 0.01777139 0.02157568 0.02248190 0.03516122 0.02410527 0.02084827 0.02090740 0.02168831 0.01436757 0.02110328 0.00250235 0.02236153 0.01731696 0.01296653 0.02570603 0.01563794 0.01854247 0.02367153 0.01741432 0.01498305 0.00591045 0.01742846 0.02150407 0.01844281 0.01861919 0.01735451 0.01413954 0.01873332 0.01311157 0.01438971 0.01621586 0.02316378 0.02141141 0.01611863 0.02127049 0.01204152 0.02126294 0.01683698 0.02124354 0.00934260 0.02117962 0.02092290 0.01575771 0.02137111 0.02116337 0.04635522 0.01811375 0.02393914 0.02205716 0.01939612 0.02424015 0.01846147 0.02023831 0.02344136 0.01181097 0.01480132 0.01711215 0.01758175 0.02208127 0.02357426 0.02558912 0.01712084 0.01977560 0.02040856 0.02269621 0.01616022 0.02113969 0.02257661 0.02288542 0.01595092 0.02147543 0.01436977 0.02231578 0.02099759 0.01639377 
coracina_tenuirostris_ku_23644         0.01446640 0.01913617 0.01645826 0.01647640 0.01562136 0.01142568 0.01732876 0.01153606 0.01569977 0.01763576 0.01627017 0.01642040 0.02140361 0.01546400 0.01216072 0.01881204 0.01836459 0.02040091 0.01170523 0.00000000 0.01887413 0.01066845 0.01741150 0.01021863 0.01966280 0.01626950 0.01387183 0.01868085 0.01760236 0.01912767 0.00831316 0.01032919 0.01579179 0.01673843 0.02906700 0.01947447 0.01618168 0.01579519 0.01674133 0.01129246 0.01304176 0.01302716 0.01711547 0.01065794 0.01357731 0.01924395 0.01173651 0.01694018 0.01711067 0.01316183 0.01539109 0.00440301 0.00993466 0.01633461 0.01985484 0.01520810 0.01668589 0.01027930 0.01095433 0.01000467 0.01225831 0.01508347 0.01793106 0.01629730 0.00900968 0.01598249 0.00923279 0.01528316 0.01664065 0.01629982 0.00561535 0.01614452 0.01596429 0.01168324 0.01586125 0.01613822 0.03794829 0.01450603 0.01877224 0.01565545 0.01194011 0.01909222 0.01392436 0.01552790 0.01816328 0.00780139 0.00992183 0.01803683 0.01088280 0.01687197 0.01906207 0.01972855 0.00997713 0.01168487 0.01529532 0.01728909 0.01031057 0.01583832 0.01689749 0.01724344 0.01631796 0.01723849 0.01084855 0.01732826 0.01684998 0.01233767 
cormobates_leucophaea_uwbm_57452       0.02779222 0.02593031 0.03580612 0.03919343 0.03141534 0.02342955 0.02842133 0.03599456 0.03837908 0.04210024 0.03961312 0.04013330 0.04329613 0.03764427 0.03437815 0.04395168 0.03929191 0.01098554 0.02665010 0.01887413 0.00000000 0.03421192 0.04168292 0.03304766 0.02830711 0.03615913 0.03570164 0.04231250 0.04116727 0.03807960 0.01496204 0.03332009 0.03524259 0.04047370 0.03953858 0.04272543 0.03912933 0.03964057 0.03967600 0.02164897 0.03819870 0.02928131 0.04071822 0.02911777 0.01844643 0.04007806 0.03259489 0.02161435 0.03071882 0.03471485 0.02334276 0.00853961 0.03274434 0.03989747 0.02750008 0.03260830 0.02535114 0.03062675 0.03489053 0.01970560 0.02327705 0.02607129 0.04174001 0.03918941 0.03133494 0.03990496 0.01835895 0.03483322 0.02892076 0.03945956 0.01348919 0.04001339 0.03838049 0.03268031 0.03872020 0.03886845 0.05874564 0.03575722 0.04247003 0.03665094 0.03314014 0.04253176 0.03607301 0.03792028 0.04207539 0.01590352 0.02031728 0.01598867 0.03280007 0.04027232 0.04237212 0.04533678 0.02790376 0.03649809 0.03796080 0.04097435 0.02698651 0.03892257 0.04079630 0.03891240 0.02669806 0.03894591 0.03086976 0.04035143 0.03949687 0.02346300 
corvus_corax_ku_30042                  0.02202900 0.01947177 0.03483722 0.03664758 0.02360088 0.01463358 0.03937365 0.02246486 0.03543853 0.03964384 0.03675669 0.03725570 0.03318699 0.03531764 0.02608705 0.04147331 0.03014329 0.02279635 0.01815274 0.01066845 0.03421192 0.00000000 0.03893502 0.02540753 0.02155178 0.02663619 0.03285197 0.03669308 0.03842236 0.02839314 0.00971504 0.02567056 0.03611030 0.03805894 0.04046793 0.03849385 0.03661570 0.03658718 0.03750388 0.01095081 0.02321302 0.02110075 0.03823933 0.01768878 0.01413475 0.04186927 0.02916711 0.01867688 0.03811035 0.03162146 0.01679256 0.00560748 0.02039807 0.03734269 0.02101837 0.02450862 0.01885469 0.02675963 0.02718818 0.01167237 0.01312199 0.01893644 0.03932758 0.03631770 0.02340637 0.03682934 0.00791604 0.03550688 0.02140429 0.03707646 0.00838730 0.03713537 0.03619147 0.02903280 0.03378012 0.03628784 0.06718643 0.03020561 0.03715792 0.03058331 0.02058122 0.03801304 0.03241397 0.03548443 0.03923818 0.01028296 0.01289128 0.01856770 0.02710266 0.03767140 0.04009145 0.04272227 0.01664209 0.02448714 0.03558645 0.03883489 0.01224569 0.03652155 0.03803711 0.02708420 0.01988069 0.03454103 0.02698372 0.03768171 0.03460762 0.01467406 
culicicapa_ceylonensis_ku_9948         0.02142902 0.02478113 0.04303127 0.03610406 0.02325698 0.02294057 0.04733799 0.03290166 0.03538219 0.03968299 0.03734906 0.04192514 0.02758542 0.03522729 0.03646739 0.04159009 0.02990546 0.02731211 0.02310167 0.01741150 0.04168292 0.03893502 0.00000000 0.03807389 0.02107172 0.02698261 0.03813605 0.03641570 0.03821873 0.02874122 0.01429886 0.03856242 0.04437430 0.03818531 0.04676278 0.03841893 0.03666189 0.03634368 0.03731328 0.02012286 0.04342085 0.02681504 0.03818999 0.02847729 0.01438832 0.05031345 0.03550405 0.02355363 0.04702428 0.03666990 0.01705892 0.00836508 0.03798349 0.03775032 0.02137408 0.02440812 0.01916838 0.03290800 0.03995643 0.01881158 0.02105098 0.02510990 0.03883302 0.03614750 0.03644187 0.03653192 0.01724677 0.04400170 0.02140880 0.03687999 0.01291530 0.04248253 0.03636503 0.03461433 0.03357393 0.04157147 0.07571796 0.03069411 0.03641432 0.03862125 0.03132286 0.03787066 0.03315952 0.03519566 0.03917628 0.01627523 0.01921330 0.02333425 0.03778182 0.03702393 0.04040294 0.04234835 0.02620887 0.04105366 0.03527524 0.03918662 0.02508053 0.03647944 0.03770556 0.02739789 0.01983454 0.03441783 0.03308473 0.03813507 0.03506409 0.02186431 
daphoenositta_chrysoptera_ku_23086     0.02108506 0.01871522 0.03364934 0.03555173 0.02296184 0.01433012 0.03778070 0.02146288 0.03451446 0.03884931 0.03588919 0.03646951 0.03231071 0.03410514 0.02508657 0.04038330 0.02941073 0.02182158 0.01784491 0.01021863 0.03304766 0.02540753 0.03807389 0.00000000 0.02090856 0.02592418 0.03166945 0.03557074 0.03799076 0.02800866 0.00939188 0.02473298 0.03489386 0.03711696 0.03878154 0.03748650 0.03600881 0.03578520 0.03675072 0.01252013 0.03003007 0.02026840 0.03724391 0.01725565 0.01348289 0.04015158 0.02832439 0.01816757 0.03728792 0.03066551 0.01667248 0.00507893 0.02435742 0.03644644 0.02033396 0.02372577 0.01833449 0.02581804 0.02645072 0.01124619 0.01259583 0.01852943 0.03815673 0.03543918 0.02243456 0.03596950 0.01013418 0.03436106 0.02093542 0.03612422 0.00796516 0.03611961 0.03519494 0.02842461 0.03276557 0.03546082 0.06615139 0.02931548 0.03639220 0.02951849 0.01988954 0.03693946 0.03186479 0.03414570 0.03862150 0.00992070 0.01248873 0.01773414 0.02619388 0.03655302 0.03928546 0.04182486 0.01623445 0.02795636 0.03447293 0.03782111 0.01521128 0.03513225 0.03733661 0.02649593 0.01937814 0.03376034 0.02599267 0.03633438 0.03372005 0.01428863 
donacobius_atricapilla_ku_1037         0.01521741 0.02620553 0.02445844 0.01566904 0.01597214 0.02503388 0.02679875 0.02277152 0.01540657 0.02174185 0.02043739 0.02354451 0.02539066 0.01943190 0.02091578 0.02344663 0.01732842 0.02797172 0.02038592 0.01966280 0.02830711 0.02155178 0.02107172 0.02090856 0.00000000 0.01934793 0.02075299 0.01871949 0.01717690 0.02120995 0.01514466 0.02122915 0.02470479 0.02135626 0.03901962 0.01768335 0.01589115 0.02001821 0.02083079 0.01956930 0.02427547 0.02049680 0.01509776 0.02070386 0.01386737 0.02850137 0.01928324 0.02477018 0.02680896 0.01984800 0.01930437 0.00927901 0.02078551 0.02065480 0.02115620 0.01898669 0.01687025 0.01761949 0.02225777 0.01824960 0.01992924 0.02197520 0.01751452 0.01373213 0.01947943 0.01712041 0.01833205 0.02410814 0.01878420 0.02023455 0.01450619 0.02378985 0.01992082 0.01894494 0.01524273 0.02292509 0.04852575 0.01731171 0.01713407 0.02381220 0.02183620 0.01780980 0.01783823 0.01943742 0.01734962 0.01898669 0.01970753 0.02466640 0.02100902 0.01658273 0.02228548 0.02374773 0.02163869 0.02317380 0.01480175 0.02160243 0.02055292 0.02025048 0.01660473 0.01636372 0.01484813 0.01611672 0.01776211 0.02084241 0.01970456 0.02023293 
dulus_dominicus_ku_6414                0.01967472 0.02474446 0.03180310 0.02485594 0.02099062 0.02097522 0.03308241 0.02848412 0.02412983 0.01674499 0.02498230 0.02916235 0.03116861 0.02335254 0.02712415 0.02813494 0.02670129 0.02555486 0.02038288 0.01626950 0.03615913 0.02663619 0.02698261 0.02592418 0.01934793 0.00000000 0.02571737 0.02732545 0.02651781 0.02494943 0.01385034 0.02592020 0.03093961 0.02595143 0.04339343 0.02894919 0.02443262 0.02496439 0.02523833 0.01820133 0.03031204 0.02305557 0.02605807 0.02631643 0.01370978 0.03551459 0.02373394 0.02181645 0.03292095 0.02470585 0.01563189 0.00827587 0.02579328 0.02509939 0.01878667 0.02080021 0.01769039 0.02176603 0.02713262 0.01735074 0.01894339 0.02154610 0.02708952 0.02508134 0.02446846 0.02488436 0.01628886 0.03058870 0.01875946 0.02490626 0.01207830 0.02904063 0.02417415 0.02347650 0.02496043 0.02864414 0.05989026 0.02189504 0.02822401 0.03081148 0.02860206 0.02893632 0.02146692 0.02360039 0.02717072 0.01510962 0.01797880 0.02136298 0.02557057 0.02579008 0.02807745 0.02963467 0.02282833 0.02821663 0.02392447 0.02615287 0.02083761 0.02411515 0.02577870 0.02620837 0.01755141 0.02485843 0.02206556 0.02567730 0.02540892 0.02159533 
eopsaltria_griseogularis_ku_8850       0.02086504 0.02098793 0.03713233 0.03570802 0.02306715 0.01875941 0.04127854 0.02755613 0.03454206 0.03889170 0.03628652 0.03606221 0.03204398 0.03424170 0.03056363 0.04061993 0.02928976 0.02313504 0.01796637 0.01387183 0.03570164 0.03285197 0.03813605 0.03166945 0.02075299 0.02571737 0.00000000 0.03542040 0.03782551 0.02751111 0.01213451 0.03220684 0.03807698 0.03699515 0.04129921 0.03760171 0.03621702 0.03595874 0.03631364 0.01650994 0.03726263 0.02125717 0.03737704 0.02298304 0.01391279 0.04374969 0.02909772 0.01976341 0.04058117 0.02324290 0.01685022 0.00685951 0.03188168 0.03669829 0.02016542 0.02362984 0.01828785 0.02676843 0.03347992 0.01528675 0.01666017 0.02018462 0.03862846 0.03547232 0.02991872 0.03577100 0.01374836 0.03769198 0.02077107 0.03585707 0.01055279 0.03352246 0.03512512 0.02849104 0.03292728 0.03561095 0.06909632 0.02934721 0.03666104 0.03294671 0.02599195 0.03654096 0.03220812 0.03404885 0.03895615 0.01344344 0.01608784 0.01927334 0.03180362 0.03674135 0.03941185 0.04166871 0.02157034 0.03491133 0.03431058 0.03781736 0.02053175 0.03543476 0.03740263 0.02648976 0.01926149 0.03394027 0.02712748 0.03679418 0.03399022 0.01817732 
eremophila_alpestris_ku_28950          0.02028532 0.02594147 0.04243730 0.03008720 0.02101528 0.02387854 0.04474638 0.03303961 0.02892522 0.03743705 0.03555908 0.03988600 0.03342915 0.03322466 0.03667325 0.03899412 0.02735439 0.02677218 0.02363409 0.01868085 0.04231250 0.03669308 0.03641570 0.03557074 0.01871949 0.02732545 0.03542040 0.00000000 0.03230398 0.02919225 0.01508888 0.03645471 0.04159446 0.03585153 0.04714993 0.03419298 0.03053901 0.03449086 0.03549217 0.01996016 0.04106311 0.02688531 0.03204840 0.02899621 0.01331425 0.04683277 0.03304810 0.02301386 0.04455469 0.03446860 0.01702394 0.00938624 0.03569295 0.03557978 0.02114911 0.02515694 0.01726322 0.03095964 0.03785274 0.01913989 0.02189770 0.02512653 0.03276447 0.03035855 0.03406084 0.02816476 0.01760294 0.04155189 0.02148895 0.03457235 0.01351853 0.03988680 0.03433129 0.03307071 0.02977105 0.03925565 0.07595122 0.03042243 0.03371814 0.03889705 0.03158545 0.03450485 0.03111699 0.03302121 0.03292859 0.01687435 0.01984209 0.02353856 0.03606363 0.03095416 0.03850455 0.03966657 0.02697636 0.03877644 0.02895644 0.03641130 0.02564868 0.03400352 0.03141163 0.02451325 0.01717735 0.03041401 0.03124639 0.03564963 0.03479981 0.02277773 
erythrocercus_mccallii_ku_8688         0.01415719 0.02409401 0.04279834 0.02958845 0.01643374 0.02300172 0.04727031 0.03261578 0.02828794 0.03986911 0.03695420 0.04196067 0.03263208 0.03488131 0.03635665 0.04186076 0.02467941 0.02680757 0.02258391 0.01760236 0.04116727 0.03842236 0.03821873 0.03799076 0.01717690 0.02651781 0.03782551 0.03230398 0.00000000 0.02830456 0.01447863 0.03839242 0.04427169 0.03844701 0.04674101 0.03183119 0.02717591 0.03677451 0.03731790 0.01993106 0.04307168 0.02621905 0.03165336 0.02801138 0.01157299 0.04988160 0.03530710 0.02369956 0.04677182 0.03651100 0.01730044 0.00927376 0.03790813 0.03742981 0.02104305 0.02456468 0.01639516 0.03248958 0.03993864 0.01867517 0.02082864 0.02439510 0.03283071 0.02970947 0.03594447 0.03235314 0.01707204 0.04369830 0.02078863 0.03691386 0.01335379 0.04194148 0.03619572 0.03500935 0.02482593 0.04152724 0.07534926 0.03054517 0.03039028 0.03830495 0.03057840 0.03117848 0.03310169 0.03537319 0.02912557 0.01661412 0.01940105 0.02326875 0.03773953 0.03045879 0.04063457 0.04184314 0.02605167 0.04112722 0.02634215 0.03941616 0.02457977 0.03637264 0.03067054 0.02225637 0.01247091 0.02708390 0.03292236 0.03765924 0.03483629 0.02187835 
estrilda_melpoda_ku_19721              0.02111833 0.02758971 0.03344906 0.02699089 0.02501218 0.02532644 0.03553343 0.02977270 0.02607757 0.02872525 0.02755000 0.03109823 0.03343742 0.02189102 0.02845772 0.03001276 0.02866128 0.02980227 0.02353626 0.01912767 0.03807960 0.02839314 0.02874122 0.02800866 0.02120995 0.02494943 0.02751111 0.02919225 0.02830456 0.00000000 0.01407420 0.02808791 0.03284227 0.02115686 0.04812310 0.03009676 0.02697819 0.02734604 0.02277626 0.02251618 0.03194709 0.02482293 0.02819138 0.02757652 0.01510209 0.03755251 0.02534527 0.02545724 0.03520358 0.02680746 0.01886325 0.00895019 0.02749667 0.02068829 0.02257820 0.02087034 0.02136548 0.02382207 0.02902729 0.01952181 0.02216548 0.02378754 0.02931658 0.02685595 0.02625870 0.02697707 0.01970586 0.03280387 0.02124047 0.02031121 0.01406567 0.03131840 0.02038678 0.02560454 0.02690279 0.03075788 0.06015914 0.01458466 0.03004187 0.03218503 0.02974538 0.02991244 0.02212477 0.01920218 0.02902522 0.01867708 0.01958410 0.02657279 0.02796981 0.02787131 0.02920246 0.03186824 0.02543731 0.03034608 0.02604365 0.02810704 0.02505543 0.02628296 0.02800814 0.02918718 0.01967951 0.02694071 0.02427952 0.02778338 0.01485286 0.02421665 
eulacestoma_nigropectus_ku_16397       0.01384867 0.01274245 0.01235374 0.01420288 0.01410140 0.01048672 0.01405193 0.01069342 0.01369940 0.01462771 0.01337682 0.01402436 0.01753635 0.01276005 0.01028338 0.01563081 0.01482334 0.01519212 0.01073710 0.00831316 0.01496204 0.00971504 0.01429886 0.00939188 0.01514466 0.01385034 0.01213451 0.01508888 0.01447863 0.01407420 0.00000000 0.00885896 0.01312236 0.01382775 0.02131003 0.01476198 0.01355728 0.01357998 0.01406464 0.00911839 0.01136258 0.01009377 0.01394532 0.00897457 0.01095033 0.01526303 0.01052519 0.01225059 0.01381988 0.01122766 0.01215835 0.00592957 0.00875068 0.01335515 0.01432444 0.01169392 0.01204230 0.00908734 0.00949323 0.00896048 0.00863070 0.01153212 0.01523078 0.01361873 0.00795956 0.01311858 0.00812064 0.01247837 0.01280621 0.01340729 0.00827304 0.01379213 0.01324263 0.01028147 0.01336654 0.01385044 0.02575904 0.01100760 0.01485473 0.01389409 0.01048687 0.01556243 0.01170296 0.01281273 0.01495208 0.00871587 0.00815567 0.01218494 0.00993931 0.01415571 0.01488923 0.01620280 0.00902068 0.01053539 0.01309069 0.01467983 0.00897848 0.01375866 0.01398805 0.01395218 0.01298779 0.01323578 0.00957846 0.01441764 0.01326681 0.01035723 
falcunculus_frontatus_uwbm_57627       0.02159226 0.01907144 0.03425878 0.03601351 0.02319312 0.01435497 0.03821668 0.02164930 0.03516999 0.03892451 0.03598865 0.03683293 0.03262340 0.03467913 0.02565291 0.04094726 0.03003758 0.02176057 0.01777139 0.01032919 0.03332009 0.02567056 0.03856242 0.02473298 0.02122915 0.02592020 0.03220684 0.03645471 0.03839242 0.02808791 0.00885896 0.00000000 0.03558134 0.03742220 0.03956110 0.03793392 0.03618515 0.03615041 0.03676099 0.01233684 0.03027517 0.02049293 0.03784811 0.01756212 0.01391635 0.04102481 0.02862537 0.01833622 0.03737592 0.03101842 0.01650429 0.00498358 0.02486300 0.03670563 0.02072227 0.02375498 0.01849141 0.02611416 0.02612336 0.01009936 0.01222658 0.01878030 0.03910077 0.03601097 0.02218440 0.03655031 0.01011847 0.03501360 0.02125625 0.03668780 0.00817195 0.03651388 0.03520571 0.02845902 0.03338421 0.03600004 0.06619249 0.02972777 0.03684441 0.03021483 0.02011638 0.03743516 0.03235764 0.03481954 0.03912928 0.00958316 0.01201701 0.01798110 0.02682596 0.03717917 0.03957036 0.04232715 0.01619151 0.02834611 0.03522568 0.03853139 0.01540132 0.03594326 0.03774350 0.02693877 0.01949680 0.03427279 0.02636217 0.03690009 0.03396152 0.01417860 
foulehaio_carunculatus_ku_26344        0.02488898 0.00689122 0.01388822 0.04188276 0.02716751 0.02115769 0.04039241 0.03071804 0.04072204 0.04511441 0.04229723 0.04302702 0.03723227 0.04099630 0.03372798 0.04702776 0.03461304 0.02251966 0.02157568 0.01579179 0.03524259 0.03611030 0.04437430 0.03489386 0.02470479 0.03093961 0.03807698 0.04159446 0.04427169 0.03284227 0.01312236 0.03558134 0.00000000 0.04355172 0.04058801 0.04377219 0.04193937 0.04194111 0.04254728 0.01839438 0.04052381 0.02513524 0.04360366 0.02560378 0.01642440 0.03857465 0.03458190 0.00547961 0.03951960 0.03718891 0.01980601 0.00749263 0.03495028 0.04285248 0.02444481 0.02885332 0.02229861 0.03234696 0.03686496 0.01702228 0.01894304 0.02202295 0.04493073 0.04206006 0.03299354 0.04223377 0.01545700 0.02889157 0.02534277 0.04231897 0.01177433 0.04263076 0.04162900 0.03457717 0.03908974 0.04185866 0.06898021 0.03536251 0.04239569 0.03473368 0.02868132 0.04313569 0.03840983 0.04066128 0.04491828 0.01500599 0.01788334 0.01926694 0.03515513 0.04264389 0.04567098 0.04901812 0.02379964 0.03888357 0.04112550 0.04432867 0.02277444 0.04163729 0.04332853 0.03163674 0.02290813 0.03959044 0.03282936 0.04289047 0.04007638 0.01993971 
