106
abroscopus_albogularis_ku_28164        0.00000000 0.03104732 0.03402842 0.02101114 0.01730898 0.02615556 0.03508547 0.03021368 0.02036852 0.02942165 0.02742499 0.03137304 0.03386949 0.02605537 0.02928245 0.03078497 0.02371514 0.03150544 0.02397189 0.01983571 0.03740243 0.02908085 0.02879069 0.02783330 0.02129589 0.02609180 0.02699977 0.02701700 0.01876503 0.02823199 0.01961136 0.02856613 0.03285022 0.02791847 0.04442013 0.02553104 0.01863539 0.02747360 0.02808520 0.02531381 0.03230114 0.02683820 0.02219753 0.02775391 0.01470055 0.03787701 0.02538752 0.02907898 0.03500903 0.02641149 0.02015860 0.01092221 0.02819128 0.02796602 0.02494373 0.02514687 0.02007538 0.02346365 0.02914810 0.02065615 0.02353351 0.02594159 0.02338188 0.02060866 0.02552183 0.02327172 0.02209825 0.03267245 0.02222125 0.02672133 0.02048954 0.03023112 0.02632350 0.02601837 0.01953412 0.03121941 0.06522194 0.02488414 0.02466312 0.03369682 0.03078716 0.02544002 0.02382798 0.02543091 0.02048297 0.01967317 0.02012862 0.03034309 0.02791227 0.02185317 0.03064447 0.03096883 0.02574364 0.03092061 0.01802393 0.02854782 0.02539774 0.02635128 0.02187411 0.02323721 0.00973729 0.02212594 0.02383177 0.02854287 0.02802223 0.02476112 
timeliopsis_fulvigula_12152            0.03104732 0.00000000 0.01148864 0.03416854 0.03197285 0.02972278 0.03294407 0.03119558 0.03371147 0.03715491 0.03498451 0.03535746 0.04051656 0.03357145 0.02890427 0.03857960 0.03684022 0.02908002 0.02528996 0.02437789 0.03645810 0.02876686 0.03669768 0.02805725 0.03505538 0.03335138 0.03089128 0.03740505 0.03586350 0.03830821 0.01836769 0.02845433 0.01062999 0.03572808 0.04658090 0.03810301 0.03371138 0.03499921 0.03555599 0.02645130 0.03268469 0.02852537 0.03566235 0.02868533 0.02474283 0.03111081 0.02741129 0.01044678 0.03217306 0.02990085 0.03099354 0.01051048 0.02829439 0.03535755 0.03291666 0.03249963 0.03257372 0.02593174 0.02978608 0.02261780 0.02722814 0.02920904 0.03709657 0.03398273 0.02637535 0.03468600 0.02133982 0.02300184 0.03415905 0.03443463 0.01713699 0.03465599 0.03407386 0.02829596 0.03428013 0.03443032 0.06056518 0.03068962 0.03776752 0.03344129 0.03188851 0.03814498 0.03112451 0.03314275 0.03679942 0.02113543 0.02489800 0.02900796 0.02754552 0.03498307 0.03794919 0.03997814 0.02815461 0.03174493 0.03313109 0.03591952 0.02698917 0.03376238 0.03553609 0.03501681 0.03165858 0.03424982 0.02629756 0.03595961 0.03461728 0.02756104 
acanthorhynchus_tenuirostris_ku_10667  0.03402842 0.01148864 0.00000000 0.05474119 0.03789208 0.03161673 0.05277352 0.04165048 0.05397499 0.05924793 0.05628349 0.05641472 0.05266877 0.05385378 0.04608717 0.06121863 0.04852793 0.03081021 0.03101386 0.02425687 0.04792302 0.04700493 0.05866703 0.04567648 0.03576252 0.04256999 0.05024176 0.05994065 0.05788315 0.04646156 0.01640630 0.04630623 0.01883495 0.05692764 0.05690874 0.05995403 0.05504953 0.05650320 0.05675244 0.02600823 0.05257015 0.03495709 0.05716850 0.03686061 0.02238265 0.05030314 0.04507454 0.01018406 0.05173761 0.04848896 0.02800794 0.01004145 0.04629622 0.05633198 0.03486884 0.04009173 0.03063321 0.04184161 0.04824027 0.02399265 0.02865735 0.03143048 0.05932385 0.05432065 0.04270874 0.05531283 0.02177775 0.03825108 0.03522875 0.05522176 0.01623369 0.05533874 0.05435899 0.04585504 0.05356688 0.05481888 0.09597165 0.04892222 0.05861676 0.04714836 0.03981112 0.06058482 0.05002957 0.05283868 0.05888795 0.02035308 0.02510962 0.02785931 0.04533186 0.05609203 0.06055488 0.06349576 0.03291141 0.05104675 0.05327561 0.05778413 0.03241646 0.05420537 0.05704310 0.04415976 0.03364274 0.05590781 0.04270231 0.05828838 0.05447865 0.02718806 
acrocephalus_orientalis_ku_28793       0.02101114 0.03416854 0.05474119 0.00000000 0.02329117 0.03144183 0.06127138 0.04191264 0.03694286 0.05180887 0.04800463 0.05480421 0.04219090 0.04617002 0.04647580 0.05392473 0.03094623 0.03485452 0.02866074 0.02489846 0.05320529 0.05031988 0.05029143 0.04911135 0.02302492 0.03403158 0.04878357 0.04170419 0.04093688 0.03683926 0.01823286 0.04975651 0.05722628 0.04957846 0.06120225 0.04019397 0.03809277 0.04752188 0.04897311 0.02627867 0.05630154 0.03348968 0.04020400 0.03596301 0.01494570 0.06482660 0.04569380 0.03036027 0.06073035 0.04743610 0.02244881 0.01222229 0.04982943 0.04936793 0.02839551 0.03136634 0.02132996 0.04242968 0.05195229 0.02494057 0.02961119 0.03281950 0.04198450 0.03684187 0.04629280 0.04166705 0.02234320 0.05713048 0.02756306 0.04800710 0.01755639 0.05506157 0.04670021 0.04535424 0.03435082 0.05373677 0.10068674 0.03923188 0.03927300 0.04840969 0.04007773 0.04031319 0.04291176 0.04578036 0.04144892 0.02112160 0.02488835 0.03079664 0.04885314 0.03919164 0.05254037 0.05430653 0.03330714 0.05461715 0.03655563 0.05129391 0.03183325 0.04701764 0.04033285 0.02936111 0.02123126 0.03554295 0.04248622 0.04957306 0.04441625 0.02818716 
aegithalos_concinnus_ku_28044          0.01730898 0.03197285 0.03789208 0.02329117 0.00000000 0.03118126 0.04018196 0.03571063 0.02268111 0.03302686 0.03061230 0.03550974 0.04050450 0.02922392 0.03218088 0.03463262 0.02788990 0.03616369 0.02856192 0.02323351 0.04480563 0.03238587 0.03221049 0.03141413 0.02364638 0.03089514 0.03116380 0.02968885 0.02242026 0.03625709 0.01853587 0.03155027 0.03679100 0.03136851 0.05461820 0.02757766 0.02090780 0.03094973 0.03142850 0.02543721 0.03645137 0.03080017 0.02505845 0.03286186 0.01555781 0.04220404 0.02833950 0.03031540 0.03979867 0.03016292 0.02250237 0.01230356 0.03141933 0.03155150 0.02789639 0.02838262 0.02207857 0.02681712 0.03297088 0.02448678 0.02832028 0.03181227 0.02614711 0.02329797 0.02920089 0.02616737 0.02215623 0.03680763 0.02639431 0.03007378 0.01787009 0.03506002 0.02978515 0.02936108 0.02141610 0.03496735 0.07092431 0.02740400 0.02756442 0.03820879 0.03607453 0.02801854 0.02694559 0.02868982 0.01174435 0.02161046 0.02590788 0.03022933 0.03085760 0.02417255 0.03352104 0.03493074 0.03137092 0.03487373 0.02020682 0.03175338 0.03085987 0.02958329 0.02470946 0.02724816 0.01701424 0.02400207 0.02705018 0.03226631 0.03068821 0.02686734 
aegithina_lafresnayei_ku_23213         0.02615556 0.02972278 0.03161673 0.03144183 0.03118126 0.00000000 0.03297875 0.01964164 0.03063107 0.03378255 0.03174298 0.03150878 0.03949898 0.03006200 0.02376857 0.03556071 0.03461977 0.03131487 0.02447359 0.01774453 0.03589317 0.02140452 0.03332103 0.02100972 0.03428136 0.03068425 0.02744194 0.03550599 0.03325104 0.03575630 0.01345167 0.02102533 0.03018063 0.03267899 0.04667086 0.03568785 0.03099550 0.03141422 0.03264176 0.02053359 0.02519452 0.02489366 0.03282371 0.01775548 0.02067073 0.03549817 0.02430332 0.02584569 0.03229970 0.02648974 0.02589770 0.00852469 0.02091810 0.03234468 0.03333065 0.02863531 0.02981681 0.02258735 0.02226218 0.01653292 0.01937259 0.02775893 0.03410409 0.03071894 0.01873323 0.03162016 0.01783363 0.03005956 0.03070599 0.03179871 0.01333489 0.03162811 0.03080665 0.02462725 0.03146089 0.03087806 0.06178900 0.02826757 0.03511870 0.03127091 0.01827017 0.03651665 0.02792595 0.02994107 0.03386413 0.01571758 0.01656729 0.03105404 0.02219269 0.03248555 0.03445984 0.03641936 0.01622308 0.02435548 0.02980822 0.03342645 0.02092447 0.03086764 0.03277457 0.03255178 0.02967769 0.03164628 0.02273975 0.03333336 0.03154206 0.02304707 
ailuroedus_buccoides_ku_12226          0.03508547 0.03294407 0.05277352 0.06127138 0.04018196 0.03297875 0.00000000 0.04482660 0.06076640 0.06633666 0.06201152 0.06353878 0.05453855 0.06029420 0.04965054 0.06847296 0.05028111 0.02558643 0.03237224 0.02619847 0.03860567 0.05363333 0.06526687 0.05221400 0.03801998 0.04545601 0.05625433 0.06195712 0.06500929 0.04839835 0.01853468 0.05249047 0.05500791 0.06370537 0.05228998 0.06355599 0.06197524 0.06236242 0.06376986 0.02776509 0.05952881 0.03806600 0.06438789 0.03793959 0.02441286 0.06285361 0.05171829 0.02846295 0.04845984 0.05517972 0.03008350 0.01195948 0.05259230 0.06344232 0.03749654 0.04292203 0.03356492 0.04865159 0.05445477 0.02618798 0.03131142 0.03389631 0.06594574 0.06080843 0.04883193 0.06222444 0.02323380 0.05536602 0.03820098 0.06227584 0.01794167 0.06280470 0.06117314 0.05226822 0.05733842 0.06192280 0.08993902 0.05304099 0.06269786 0.05063546 0.04291826 0.06370126 0.05701613 0.05997605 0.06549327 0.02231960 0.02573105 0.01053941 0.05157794 0.06319630 0.06642987 0.06999200 0.03557533 0.05753276 0.06026272 0.06494414 0.03364469 0.06120728 0.06423763 0.04780063 0.03657277 0.05874239 0.04895999 0.06332324 0.05865270 0.02925515 
artamus_cinereus_ku_6183               0.03021368 0.03119558 0.04165048 0.04191264 0.03571063 0.01964164 0.04482660 0.00000000 0.04128179 0.04556886 0.04278725 0.04292928 0.05002725 0.04106339 0.03194702 0.04726222 0.04463219 0.03212380 0.02903081 0.01825147 0.04877092 0.03042372 0.04515023 0.02947086 0.03285327 0.03889842 0.03712126 0.04622411 0.04427760 0.04341266 0.01410584 0.02932418 0.04099004 0.04349322 0.05436690 0.04643668 0.04150462 0.04302774 0.04406303 0.01951787 0.03533008 0.03047492 0.04385827 0.02258098 0.02103546 0.04749942 0.03331957 0.02643000 0.04402925 0.03623910 0.02724334 0.00909673 0.02920477 0.04315646 0.03158851 0.03553714 0.02831017 0.03111440 0.03125659 0.01868174 0.02169068 0.02864599 0.04531423 0.04146231 0.02658685 0.04259730 0.01798553 0.04101749 0.03197047 0.04234431 0.01390267 0.04200912 0.04163601 0.03421283 0.04081480 0.04205955 0.08180462 0.03706741 0.04545655 0.03998881 0.02463428 0.04674804 0.03802759 0.04006401 0.04528408 0.01548008 0.01892024 0.02774764 0.03087828 0.04310241 0.04611929 0.04935362 0.01941643 0.03326991 0.04016399 0.04473337 0.02331023 0.04159130 0.04382889 0.04353245 0.03119912 0.04268950 0.03121965 0.04432450 0.04180513 0.02147073 
bleda_syndactylus_ku_29008             0.02036852 0.03371147 0.05397499 0.03694286 0.02268111 0.03063107 0.06076640 0.04128179 0.00000000 0.05114953 0.04751787 0.05398749 0.04146720 0.04539452 0.04582300 0.05306840 0.03015298 0.03483868 0.02829994 0.02428290 0.05242655 0.04950240 0.04970083 0.04823462 0.02250079 0.03332008 0.04769708 0.04059995 0.03966872 0.03609053 0.01778510 0.04885506 0.05633943 0.04869134 0.06057307 0.03971233 0.03670263 0.04761963 0.04814806 0.02567836 0.05507927 0.03313419 0.03961257 0.03529137 0.01466859 0.06405483 0.04475848 0.02992497 0.06017645 0.04667932 0.02213267 0.01173616 0.04861373 0.04835552 0.02757096 0.03104725 0.02046765 0.04146775 0.05102379 0.02454026 0.02870092 0.03212404 0.04088683 0.03656566 0.04538138 0.04121624 0.02177518 0.05659683 0.02709482 0.04691254 0.01727244 0.05379927 0.04581177 0.04451575 0.03312774 0.05294495 0.10015295 0.03844214 0.03865034 0.04813680 0.03982487 0.03975824 0.04197886 0.04455977 0.04057718 0.02108462 0.02484469 0.03061074 0.04776126 0.02903852 0.05189694 0.05360399 0.03289018 0.05320755 0.03498314 0.05021915 0.03109243 0.04627576 0.03833499 0.02861795 0.02041717 0.03330472 0.04183311 0.04858141 0.04375931 0.02780070 
bombycilla_garrulus_ku_21744           0.02942165 0.03715491 0.05924793 0.05180887 0.03302686 0.03378255 0.06633666 0.04556886 0.05114953 0.00000000 0.05187513 0.05952171 0.04618059 0.05033133 0.05101610 0.05789232 0.04162032 0.03764973 0.03149675 0.02744689 0.05700992 0.05475031 0.05574818 0.05400665 0.03167725 0.02311742 0.05345806 0.05205458 0.05551779 0.03966081 0.01987852 0.05407290 0.06217285 0.05356974 0.06522258 0.05419724 0.05201841 0.05373331 0.05305546 0.02847369 0.06104822 0.03682362 0.05462547 0.03959123 0.02061608 0.06988286 0.05011878 0.03282151 0.06597264 0.05211854 0.02459607 0.01329521 0.05433544 0.05315249 0.02999944 0.03436401 0.02763206 0.04689387 0.05642731 0.02741943 0.03232599 0.03568200 0.05589197 0.05156420 0.05080962 0.05253641 0.02434651 0.06206503 0.03150904 0.05203048 0.01937812 0.05930401 0.05083388 0.05029455 0.04766095 0.05847450 0.10601221 0.04306551 0.05288218 0.05308066 0.04388043 0.05425649 0.04704900 0.04926188 0.05608739 0.02341714 0.02723586 0.03344324 0.05369908 0.05347517 0.05586180 0.06048755 0.03670807 0.05870358 0.05028548 0.05469072 0.03466019 0.05051024 0.05423146 0.03972148 0.03027074 0.04934088 0.04741511 0.05290547 0.04848465 0.03002371 
certhia_americana_ku_30065             0.02742499 0.03498451 0.05628349 0.04800463 0.03061230 0.03174298 0.06201152 0.04278725 0.04751787 0.05187513 0.00000000 0.05521528 0.04357414 0.04612115 0.04793521 0.05319221 0.03967599 0.03511316 0.02922460 0.02522707 0.05401886 0.05075595 0.05161036 0.04978406 0.02965174 0.03413986 0.04994194 0.04947115 0.05097703 0.03756895 0.01749697 0.05003552 0.05774248 0.04945171 0.06227156 0.05156907 0.04788029 0.04969370 0.04934937 0.02624795 0.05640944 0.03422962 0.05062626 0.03729931 0.01894132 0.06563038 0.04572929 0.03017615 0.06104000 0.04785467 0.02254253 0.01137622 0.05013043 0.04894679 0.02781546 0.03221786 0.02525979 0.04284283 0.05232069 0.02500299 0.02977670 0.03368461 0.05222357 0.04761059 0.04638800 0.04861282 0.02255853 0.05755149 0.02924002 0.04816686 0.01713651 0.05503680 0.04664113 0.04598101 0.04523518 0.05410704 0.10165231 0.03997244 0.05014746 0.04994296 0.04146034 0.05165414 0.04275970 0.04558982 0.05247643 0.02124530 0.02507074 0.03129488 0.04892126 0.04955185 0.05252256 0.05622111 0.03405918 0.05477942 0.04647244 0.04582287 0.03292523 0.04637931 0.05044846 0.03747629 0.02838995 0.04657375 0.04321063 0.04246272 0.04543532 0.02788242 
chaetops_aurantius_uwbm_52974          0.03137304 0.03535746 0.05641472 0.05480421 0.03550974 0.03150878 0.06353878 0.04292928 0.05398749 0.05952171 0.05521528 0.00000000 0.04885787 0.05390853 0.04796824 0.06085162 0.04433305 0.03558803 0.02963221 0.02541819 0.05411209 0.05167124 0.05869371 0.05069228 0.03377300 0.03988079 0.04944273 0.05538679 0.05806399 0.04258195 0.01842854 0.05114636 0.05908372 0.05700169 0.06299414 0.05712813 0.05507040 0.05630380 0.05685285 0.02665159 0.05770379 0.03466011 0.05766956 0.03683976 0.02165430 0.06649887 0.04690933 0.03154384 0.06262077 0.04849540 0.02681665 0.01227336 0.05107472 0.05700244 0.03268304 0.03788113 0.02925332 0.04354659 0.05321126 0.02574816 0.03018277 0.03348122 0.05911316 0.05460265 0.04763757 0.05588645 0.02249802 0.05864039 0.03322234 0.05553580 0.01786333 0.05518588 0.05472365 0.04628670 0.05059446 0.03961677 0.10366496 0.04653229 0.05598783 0.04952904 0.04087522 0.05766414 0.05036565 0.05325667 0.05901945 0.02170768 0.02562415 0.03179566 0.05022656 0.05671978 0.06019177 0.06318125 0.03429217 0.05564217 0.05348197 0.05841294 0.03218001 0.05436648 0.05711873 0.04222228 0.03212005 0.05247914 0.04432564 0.05681182 0.05220351 0.02837042 
chelidorhynx_hypoxanthus_ku_28022      0.03386949 0.04051656 0.05266877 0.04219090 0.04050450 0.03949898 0.05453855 0.05002725 0.04146720 0.04618059 0.04357414 0.04885787 0.00000000 0.04205757 0.04597933 0.04752955 0.04721066 0.04128987 0.03958724 0.03193924 0.06118366 0.04498008 0.03802302 0.04404572 0.03593950 0.04202649 0.04347066 0.04667462 0.04410804 0.04751939 0.02279457 0.04443675 0.05021010 0.04454518 0.06661105 0.04787569 0.04187412 0.04284407 0.04399273 0.03264613 0.04947626 0.04358802 0.04374615 0.04728095 0.02461475 0.05701914 0.04058420 0.03692724 0.05397671 0.04262793 0.02913530 0.01610377 0.04371575 0.04410584 0.03473428 0.04112602 0.03203194 0.03846024 0.04564834 0.03132579 0.03757129 0.04064574 0.04546674 0.04160705 0.04135533 0.04250261 0.02965106 0.05065611 0.03633162 0.04297568 0.02278577 0.04851695 0.04213467 0.04124467 0.04290095 0.04795653 0.08982908 0.03911074 0.04727957 0.05359246 0.04745532 0.04758140 0.03883234 0.04108607 0.04505395 0.02719069 0.03116966 0.03800799 0.04363723 0.04337758 0.04702658 0.04854277 0.04230450 0.04765311 0.04053959 0.04486577 0.03973143 0.04219449 0.04351653 0.04591235 0.03298432 0.04290287 0.03914681 0.04479548 0.04379185 0.03349514 
chloropsis_sonnerati_ku_24451          0.02605537 0.03357145 0.05385378 0.04617002 0.02922392 0.03006200 0.06029420 0.04106339 0.04539452 0.05033133 0.04612115 0.05390853 0.04205757 0.00000000 0.04549483 0.05200411 0.03753147 0.03380303 0.02782161 0.02412655 0.05124150 0.04915866 0.04994681 0.04778419 0.02837165 0.03239352 0.04756262 0.04671707 0.04913433 0.02984681 0.01719867 0.04845030 0.05630654 0.04036464 0.06090574 0.04832944 0.04631914 0.04746353 0.03956401 0.02513626 0.05493581 0.03269045 0.04888646 0.03466053 0.01818540 0.06372964 0.04402978 0.02961025 0.05921209 0.04617600 0.01988516 0.01138512 0.04836737 0.03970155 0.02667208 0.02646651 0.02427705 0.04112173 0.05041896 0.02418911 0.02834865 0.03178435 0.05029733 0.04596771 0.04467141 0.04689632 0.02118213 0.05639045 0.02781763 0.03888863 0.01665976 0.05345970 0.03774785 0.04417115 0.04240262 0.05269065 0.09995709 0.03065185 0.04738607 0.04764858 0.03911502 0.04852571 0.03790542 0.03650996 0.04988020 0.02068679 0.02390154 0.02991388 0.04763471 0.04774632 0.05076170 0.05471505 0.03240300 0.05288139 0.04470712 0.04972032 0.03076296 0.04501103 0.04880109 0.03504944 0.02677242 0.04380970 0.04136151 0.04762805 0.03597571 0.02695089 
cinclosoma_punctatum_uwbm_57790        0.02928245 0.02890427 0.04608717 0.04647580 0.03218088 0.02376857 0.04965054 0.03194702 0.04582300 0.05101610 0.04793521 0.04796824 0.04597933 0.04549483 0.00000000 0.05274891 0.04231360 0.02994138 0.02519756 0.01798464 0.04588374 0.03584243 0.05031660 0.03468283 0.03048369 0.03641519 0.04189480 0.05162972 0.04971097 0.03982584 0.01327996 0.03503572 0.04553590 0.04885204 0.05503835 0.05216860 0.04683070 0.04824999 0.04848495 0.01946128 0.04173012 0.02856120 0.04930837 0.02746120 0.01924996 0.05311762 0.03689905 0.02470584 0.04895223 0.04015531 0.02362372 0.00859962 0.03519873 0.04843791 0.02940136 0.03356909 0.02604901 0.03429022 0.03697159 0.01837053 0.02130058 0.02679324 0.05098539 0.04604020 0.03176749 0.04749175 0.01618279 0.04574561 0.02992062 0.04726777 0.01316029 0.04735596 0.04624172 0.03754303 0.04575091 0.04638395 0.09091690 0.04155147 0.05071413 0.04148623 0.03035152 0.05269953 0.04178780 0.04478059 0.05032269 0.01562751 0.01966980 0.02631610 0.02227811 0.04805783 0.05272918 0.05471283 0.02463100 0.03947008 0.04496708 0.05008732 0.02382203 0.04640850 0.04880953 0.03728459 0.02846269 0.04749062 0.03471985 0.05024347 0.04698462 0.02116755 
cinclus_pallasii_ku_11246              0.03078497 0.03857960 0.06121863 0.05392473 0.03463262 0.03556071 0.06847296 0.04726222 0.05306840 0.05789232 0.05319221 0.06085162 0.04752955 0.05200411 0.05274891 0.00000000 0.04381820 0.03827976 0.03320909 0.02834852 0.05884393 0.05651183 0.05717231 0.05552873 0.03308974 0.03810882 0.05522159 0.05393201 0.05723553 0.04121949 0.02047792 0.05591214 0.06377239 0.05518254 0.06665393 0.05602828 0.05442364 0.05500099 0.05486559 0.02934423 0.06259975 0.03875390 0.05635368 0.04083083 0.02117666 0.07183307 0.05177780 0.03375510 0.06743569 0.05374895 0.02539349 0.01385036 0.05582844 0.05452718 0.02413123 0.03581355 0.02860301 0.04878095 0.05819670 0.02827279 0.03329973 0.03716030 0.05803294 0.05334896 0.05239834 0.05420068 0.02510978 0.06403544 0.03277187 0.05358509 0.01976802 0.06109658 0.05231347 0.05176583 0.04956905 0.06005580 0.10760229 0.04442437 0.05499291 0.05459667 0.04558160 0.05616240 0.04846797 0.05112814 0.05796064 0.02398252 0.02814937 0.03474500 0.05517299 0.05537057 0.05780893 0.06221934 0.03818281 0.06034372 0.05275423 0.05604634 0.03635587 0.04180398 0.05587339 0.04140379 0.03113061 0.05129331 0.04908519 0.05439608 0.04992363 0.03116186 
cisticola_anonymus_ku_29165            0.02371514 0.03684022 0.04852793 0.03094623 0.02788990 0.03461977 0.05028111 0.04463219 0.03015298 0.04162032 0.03967599 0.04433305 0.04721066 0.03753147 0.04231360 0.04381820 0.00000000 0.03746519 0.03347921 0.02775952 0.05481839 0.04091897 0.04109122 0.03980164 0.02553188 0.03748381 0.03944598 0.03769125 0.03325494 0.04087382 0.02088180 0.04054634 0.04671606 0.03985315 0.05995071 0.03665311 0.03112624 0.03877936 0.03975652 0.02827300 0.04555021 0.03684807 0.03252340 0.03951044 0.01692668 0.05279326 0.03618094 0.03150019 0.04982458 0.03832815 0.02584601 0.01371729 0.04042128 0.03973875 0.03206125 0.03463544 0.02352855 0.03416495 0.04179530 0.02657495 0.03194940 0.03482931 0.01337602 0.03064944 0.03725380 0.03355184 0.02578133 0.04671704 0.03002663 0.03829332 0.01958019 0.04379616 0.03797798 0.03711977 0.03114195 0.04368463 0.08670906 0.03541895 0.03598345 0.04717988 0.04394379 0.03655487 0.03465628 0.03686359 0.03412686 0.02368076 0.02871517 0.03406249 0.03975967 0.03198507 0.04357161 0.04406444 0.03618318 0.04401353 0.02962248 0.04070980 0.03427453 0.03801629 0.03240434 0.03418644 0.02366592 0.03246225 0.03469727 0.04009111 0.04004747 0.03194264 
climacteris_melanurus_ku_8858          0.03150544 0.02908002 0.03081021 0.03485452 0.03616369 0.03131487 0.02558643 0.03212380 0.03483868 0.03764973 0.03511316 0.03558803 0.04128987 0.03380303 0.02994138 0.03827976 0.03746519 0.00000000 0.03064841 0.02850175 0.01497238 0.03071424 0.03692955 0.02968837 0.03895729 0.03474912 0.03116484 0.03718477 0.03661987 0.04061279 0.02132579 0.02962929 0.03065803 0.03600332 0.04115608 0.03756475 0.03469732 0.03569493 0.03618519 0.02958717 0.03347530 0.03148258 0.03603394 0.03072382 0.02840912 0.03555470 0.02900029 0.03028896 0.02705107 0.03046988 0.02973458 0.01273351 0.02944351 0.03587079 0.03584028 0.03419942 0.03624583 0.02719830 0.03045798 0.02711437 0.02854660 0.03029666 0.03756816 0.03428442 0.02735044 0.03479370 0.02532198 0.03030795 0.03385805 0.03472678 0.02169787 0.03491967 0.03421867 0.02909690 0.03406286 0.03549571 0.05218462 0.03140466 0.03689222 0.03462854 0.03215436 0.03815549 0.03212340 0.03401343 0.03693282 0.02533330 0.02403883 0.02406298 0.02940230 0.03604020 0.03781746 0.03954720 0.03060271 0.03250048 0.03348236 0.03723327 0.02917464 0.03484408 0.03616386 0.03785489 0.03406936 0.03550283 0.02777576 0.03657077 0.03440382 0.02829478 
cnemophilus_loriae_ku_16529            0.02397189 0.02528996 0.03101386 0.02866074 0.02856192 0.02447359 0.03237224 0.02903081 0.02829994 0.03149675 0.02922460 0.02963221 0.03958724 0.02782161 0.02519756 0.03320909 0.03347921 0.03064841 0.00000000 0.01752638 0.03828295 0.02467371 0.03141248 0.02426894 0.02911411 0.03001714 0.02442820 0.03287484 0.03071990 0.03428265 0.01409689 0.02417003 0.02936333 0.03041905 0.04781725 0.03349189 0.02832752 0.02931428 0.03005862 0.02012614 0.02860183 0.00378230 0.03031724 0.02520416 0.01806872 0.03490865 0.02128460 0.02454293 0.03184312 0.02373689 0.02124287 0.00861870 0.02422993 0.02971958 0.02720002 0.02736048 0.02473227 0.01954904 0.02533289 0.01930757 0.02150564 0.02512005 0.03150433 0.02841887 0.02157884 0.02892011 0.01670867 0.02918586 0.02697571 0.02916217 0.01382014 0.02893701 0.02854539 0.02195131 0.02967725 0.02862373 0.06361130 0.02554215 0.03343677 0.03182277 0.02900681 0.03384900 0.02531259 0.02739538 0.03175213 0.01670670 0.02009083 0.02469910 0.02353544 0.02980872 0.03278575 0.03452218 0.02348489 0.02716063 0.02746461 0.03106692 0.02387593 0.02858034 0.03063905 0.03199813 0.02510494 0.02961585 0.01980982 0.03076913 0.02960066 0.02203586 
coracina_tenuirostris_ku_23644         0.01983571 0.02437789 0.02425687 0.02489846 0.02323351 0.01774453 0.02619847 0.01825147 0.02428290 0.02744689 0.02522707 0.02541819 0.03193924 0.02412655 0.01798464 0.02834852 0.02775952 0.02850175 0.01752638 0.00000000 0.02920915 0.01650139 0.02680480 0.01578705 0.02689276 0.02431853 0.02116629 0.02795061 0.02679946 0.02809775 0.01106183 0.01581625 0.02385421 0.02595519 0.03975481 0.02858957 0.02462554 0.02517905 0.02621408 0.01605041 0.01986950 0.01976586 0.02592046 0.01632952 0.01885470 0.02875257 0.01820088 0.02239563 0.02575315 0.02036215 0.02191501 0.00668845 0.01584450 0.02549122 0.02656853 0.02323562 0.02298821 0.01631230 0.01702611 0.01331041 0.01627880 0.02107221 0.02742734 0.02427069 0.01358079 0.02472418 0.01290272 0.02364074 0.02396196 0.02503199 0.00850552 0.02479137 0.02466175 0.01865884 0.02424677 0.02465946 0.05366750 0.02160485 0.02797694 0.02454846 0.01860984 0.02896279 0.02176074 0.02355607 0.02723052 0.01172569 0.01367631 0.02412026 0.01665830 0.02565909 0.02853833 0.02989363 0.01545911 0.01855924 0.02333097 0.02681617 0.01570140 0.02456375 0.02580879 0.02587056 0.02361569 0.02524869 0.01684102 0.02618847 0.02510994 0.01640770 
cormobates_leucophaea_uwbm_57452       0.03740243 0.03645810 0.04792302 0.05320529 0.04480563 0.03589317 0.03860567 0.04877092 0.05242655 0.05700992 0.05401886 0.05411209 0.06118366 0.05124150 0.04588374 0.05884393 0.05481839 0.01497238 0.03828295 0.02920915 0.00000000 0.04587946 0.05604514 0.04493387 0.04071886 0.04892532 0.04816072 0.05883190 0.05561160 0.05469194 0.01997861 0.04488663 0.04724082 0.05466321 0.05282713 0.05769601 0.05237799 0.05468264 0.05443836 0.03025202 0.05121648 0.04081196 0.05525985 0.04240881 0.02591931 0.05402904 0.04397258 0.02954696 0.04179990 0.04716635 0.03410506 0.01275516 0.04464592 0.05435105 0.03953108 0.04546126 0.03596054 0.04186168 0.04696880 0.02845678 0.03414307 0.03629395 0.05672203 0.05243164 0.04196787 0.05371446 0.02753519 0.04730057 0.04053052 0.05332103 0.01964445 0.05364437 0.05226126 0.04435899 0.05199259 0.05301090 0.07972586 0.04812558 0.05750758 0.04958371 0.04564298 0.05755695 0.04900392 0.05131285 0.05634758 0.02294304 0.02781034 0.02333983 0.04398064 0.05482099 0.05752624 0.06032819 0.03827325 0.04962767 0.05125182 0.05532342 0.03692919 0.05250149 0.05509606 0.05427836 0.03889814 0.05430368 0.04207677 0.05539008 0.05299360 0.03159879 
corvus_corax_ku_30042                  0.02908085 0.02876686 0.04700493 0.05031988 0.03238587 0.02140452 0.05363333 0.03042372 0.04950240 0.05475031 0.05075595 0.05167124 0.04498008 0.04915866 0.03584243 0.05651183 0.04091897 0.03071424 0.02467371 0.01650139 0.04587946 0.00000000 0.05403157 0.03535381 0.03092344 0.03633797 0.04510151 0.05083278 0.05351314 0.03872216 0.01256019 0.03553574 0.04910400 0.05229973 0.05544404 0.05226431 0.05042395 0.05115621 0.05217665 0.01534949 0.03224687 0.02899804 0.05285676 0.02446291 0.01974070 0.05725195 0.04026727 0.02549761 0.05219707 0.04379348 0.02385066 0.00837944 0.02893291 0.05171050 0.03000071 0.03382355 0.02653465 0.03745776 0.03755520 0.01697546 0.02009126 0.02674095 0.05432588 0.04966732 0.03178507 0.05097523 0.01098946 0.04923401 0.03037389 0.05098576 0.01249478 0.05132180 0.04976367 0.04067922 0.04619007 0.04995180 0.09320695 0.04163637 0.05128493 0.04136445 0.02865676 0.05270794 0.04504922 0.04856944 0.05401066 0.01470299 0.01753134 0.02629058 0.03709308 0.05207445 0.05531239 0.05849736 0.02268290 0.03471902 0.04902830 0.05393317 0.01649660 0.04993294 0.05255601 0.03824594 0.02916265 0.04768176 0.03780768 0.05273887 0.04709558 0.01982875 
culicicapa_ceylonensis_ku_9948         0.02879069 0.03669768 0.05866703 0.05029143 0.03221049 0.03332103 0.06526687 0.04515023 0.04970083 0.05574818 0.05161036 0.05869371 0.03802302 0.04994681 0.05031660 0.05717231 0.04109122 0.03692955 0.03141248 0.02680480 0.05604514 0.05403157 0.00000000 0.05305704 0.03073340 0.03733209 0.05248767 0.05096491 0.05345405 0.03978000 0.01887335 0.05345509 0.06115580 0.05314825 0.06459632 0.05269020 0.05091943 0.05134020 0.05264452 0.02786512 0.05991082 0.03702743 0.05316055 0.03911659 0.02008650 0.06888804 0.04921978 0.03207531 0.06484644 0.05122583 0.02436568 0.01217183 0.05327440 0.05290550 0.03029017 0.03421946 0.02693291 0.04610221 0.05562902 0.02655669 0.03169712 0.03543675 0.05455346 0.04983691 0.05009281 0.05132504 0.02377275 0.06121977 0.03070674 0.05182403 0.01849515 0.05874265 0.05054060 0.04883763 0.04636633 0.05745129 0.10515816 0.04286968 0.05082246 0.05251439 0.04342402 0.05287656 0.04664609 0.04924101 0.05447306 0.02256243 0.02633997 0.03287662 0.05235306 0.05172243 0.05633458 0.05857831 0.03623966 0.05767596 0.04914975 0.05475630 0.03433446 0.05047568 0.05275549 0.03885029 0.02945711 0.04779052 0.04648848 0.05355918 0.04843421 0.02965736 
daphoenositta_chrysoptera_ku_23086     0.02783330 0.02805725 0.04567648 0.04911135 0.03141413 0.02100972 0.05221400 0.02947086 0.04823462 0.05400665 0.04978406 0.05069228 0.04404572 0.04778419 0.03468283 0.05552873 0.03980164 0.02968837 0.02426894 0.01578705 0.04493387 0.03535381 0.05305704 0.00000000 0.03013479 0.03557349 0.04389599 0.04906134 0.05272396 0.03824221 0.01228056 0.03446045 0.04795954 0.05114363 0.05449438 0.05128371 0.04928382 0.05029748 0.05145405 0.01762718 0.04153115 0.02818115 0.05146809 0.02384607 0.01905404 0.05557216 0.03944953 0.02463378 0.05155173 0.04257833 0.02346948 0.00756684 0.03456735 0.05082856 0.02921071 0.03309395 0.02594630 0.03631233 0.03680168 0.01634422 0.01956348 0.02641178 0.05281576 0.04846808 0.03085194 0.05007907 0.01393565 0.04797157 0.02974453 0.05007071 0.01185154 0.04977327 0.04861045 0.04018504 0.04499972 0.04916707 0.09176791 0.04083350 0.05049910 0.04039701 0.02799322 0.05163876 0.04438278 0.04751140 0.05321907 0.01402428 0.01694730 0.02536277 0.03622071 0.05081212 0.05445799 0.05791599 0.02243352 0.03924439 0.04761745 0.05247845 0.02058736 0.04846498 0.05175398 0.03743679 0.02866243 0.04661618 0.03647652 0.05103937 0.04637667 0.01935731 
donacobius_atricapilla_ku_1037         0.02129589 0.03505538 0.03576252 0.02302492 0.02364638 0.03428136 0.03801998 0.03285327 0.02250079 0.03167725 0.02965174 0.03377300 0.03593950 0.02837165 0.03048369 0.03308974 0.02553188 0.03895729 0.02911411 0.02689276 0.04071886 0.03092344 0.03073340 0.03013479 0.00000000 0.02829518 0.02971775 0.02782337 0.02497397 0.03193161 0.01993707 0.03036719 0.03532804 0.03056826 0.05284850 0.02626985 0.02308294 0.02939103 0.03023364 0.02766531 0.03464862 0.03011234 0.02186539 0.02963547 0.01924024 0.04040458 0.02769908 0.03283120 0.03773725 0.02877767 0.02653862 0.01368386 0.03037699 0.03012002 0.02985853 0.02845131 0.02386360 0.02577672 0.03161202 0.02442506 0.02942871 0.03188062 0.02559594 0.01962265 0.02787698 0.02506507 0.02540044 0.03500588 0.02728511 0.02912151 0.01979601 0.03367120 0.02853492 0.02782299 0.02257441 0.03292719 0.06726749 0.02557000 0.02561740 0.03594490 0.03254432 0.02629069 0.02610084 0.02803064 0.02518395 0.02620859 0.02741529 0.03448078 0.02987948 0.02393525 0.03279520 0.03358607 0.03096374 0.03335586 0.02161688 0.03126185 0.02958869 0.02915182 0.02419443 0.02321939 0.02126918 0.02333311 0.02592738 0.03025214 0.02900536 0.02727270 
dulus_dominicus_ku_6414                0.02609180 0.03335138 0.04256999 0.03403158 0.03089514 0.03068425 0.04545601 0.03889842 0.03332008 0.02311742 0.03413986 0.03988079 0.04202649 0.03239352 0.03641519 0.03810882 0.03748381 0.03474912 0.03001714 0.02431853 0.04892532 0.03633797 0.03733209 0.03557349 0.02829518 0.00000000 0.03503286 0.03806551 0.03640745 0.03687164 0.01840558 0.03572465 0.04205939 0.03502024 0.05992240 0.03914462 0.03353929 0.03511963 0.03501129 0.02551784 0.04112631 0.03249681 0.03560672 0.03558948 0.01882262 0.04853488 0.03225662 0.02992137 0.04488095 0.03401915 0.02200483 0.01219525 0.03570203 0.03458994 0.02673672 0.02961555 0.02455802 0.02977970 0.03696587 0.02485978 0.02816762 0.03093641 0.03712450 0.03362799 0.03294035 0.03418084 0.02363327 0.04172904 0.02732395 0.03410375 0.01764404 0.03925700 0.03332651 0.03270528 0.03367787 0.03926333 0.08040903 0.02957684 0.03792206 0.04203362 0.03929068 0.03932184 0.02981359 0.03210503 0.03692911 0.02119966 0.02453397 0.03026798 0.03477846 0.03521070 0.03794904 0.04053811 0.03175907 0.03914588 0.03272067 0.03576195 0.03054516 0.03287071 0.03535957 0.03657291 0.02635289 0.03496182 0.03037831 0.03548032 0.03432503 0.02810402 
eopsaltria_griseogularis_ku_8850       0.02699977 0.03089128 0.05024176 0.04878357 0.03116380 0.02744194 0.05625433 0.03712126 0.04769708 0.05345806 0.04994194 0.04944273 0.04347066 0.04756262 0.04189480 0.05522159 0.03944598 0.03116484 0.02442820 0.02116629 0.04816072 0.04510151 0.05248767 0.04389599 0.02971775 0.03503286 0.00000000 0.04905089 0.05189138 0.03761411 0.01524664 0.04423188 0.05183519 0.05072279 0.05674362 0.05142315 0.04926813 0.05038782 0.05065532 0.02279074 0.05078286 0.02930178 0.05117740 0.03141147 0.01901023 0.05966295 0.03995820 0.02665960 0.05530619 0.03172775 0.02339398 0.00958906 0.04429647 0.05065876 0.02848192 0.03297811 0.02528121 0.03723484 0.04604217 0.02156213 0.02534494 0.02870397 0.05297789 0.04798407 0.04059838 0.04929605 0.01907366 0.05170929 0.02958470 0.04920252 0.01509023 0.04543909 0.04819932 0.03939935 0.04538833 0.04844053 0.09570504 0.04068715 0.05033307 0.04427004 0.03601872 0.05110465 0.04417834 0.04696410 0.05277334 0.01849346 0.02135552 0.02738564 0.04313281 0.05028145 0.05441796 0.05677289 0.02953330 0.04850102 0.04709229 0.05184630 0.02765334 0.04812946 0.05111791 0.03715148 0.02802983 0.04666722 0.03754808 0.05114901 0.04647716 0.02422661 
eremophila_alpestris_ku_28950          0.02701700 0.03740505 0.05994065 0.04170419 0.02968885 0.03550599 0.06195712 0.04622411 0.04059995 0.05205458 0.04947115 0.05538679 0.04667462 0.04671707 0.05162972 0.05393201 0.03769125 0.03718477 0.03287484 0.02795061 0.05883190 0.05083278 0.05096491 0.04906134 0.02782337 0.03806551 0.04905089 0.00000000 0.04509180 0.04107491 0.02041870 0.05068801 0.05727512 0.04938230 0.06535090 0.04863759 0.04195792 0.04878473 0.04948023 0.02842603 0.05655324 0.03828260 0.04436839 0.04069396 0.01795082 0.06457094 0.04604225 0.03219620 0.06130180 0.04771056 0.02538410 0.01361785 0.04993841 0.04944089 0.03045755 0.03596336 0.02418832 0.04311795 0.05235846 0.02765473 0.03281843 0.03633632 0.04518611 0.04144777 0.04664182 0.03919161 0.02462968 0.05776100 0.03145181 0.04793134 0.01941458 0.05463144 0.04745187 0.04620781 0.04114535 0.05418837 0.10408441 0.04353900 0.04799262 0.05403947 0.04521679 0.04811745 0.04316666 0.04562870 0.04564599 0.02367495 0.02827383 0.03390677 0.04939414 0.04309644 0.05440236 0.05443860 0.03794743 0.05389310 0.04007965 0.05041714 0.03593097 0.04689353 0.04375999 0.03445950 0.02617513 0.04249739 0.04363040 0.05020873 0.04935674 0.03096069 
erythrocercus_mccallii_ku_8688         0.01876503 0.03586350 0.05788315 0.04093688 0.02242026 0.03325104 0.06500929 0.04427760 0.03966872 0.05551779 0.05097703 0.05806399 0.04410804 0.04913433 0.04971097 0.05723553 0.03325494 0.03661987 0.03071990 0.02679946 0.05561160 0.05351314 0.05345405 0.05272396 0.02497397 0.03640745 0.05189138 0.04509180 0.00000000 0.03862182 0.01921026 0.05297715 0.06068899 0.05268409 0.06420774 0.04340699 0.03718543 0.05154125 0.05237642 0.02768911 0.05930935 0.03592632 0.04390998 0.03825940 0.01645297 0.06854396 0.04871863 0.03234525 0.06417864 0.05075328 0.02401595 0.01295333 0.05303974 0.05209580 0.03002636 0.03383423 0.02279513 0.04542059 0.05524404 0.02659574 0.03147575 0.03453943 0.04514535 0.04054322 0.04934611 0.04500869 0.02361814 0.06039944 0.02969421 0.05119330 0.01897183 0.05799449 0.04982070 0.04883829 0.03400118 0.05700685 0.10414915 0.04229821 0.04253984 0.05142623 0.04235481 0.04360239 0.04600720 0.04868580 0.04009169 0.02287031 0.02652804 0.03263095 0.05176237 0.04216367 0.05571577 0.05757304 0.03561161 0.05751437 0.03634730 0.05450687 0.03347639 0.05028602 0.04281827 0.03164867 0.01883298 0.03752868 0.04583742 0.05289073 0.04748326 0.02927065 
estrilda_melpoda_ku_19721              0.02823199 0.03830821 0.04646156 0.03683926 0.03625709 0.03575630 0.04839835 0.04341266 0.03609053 0.03966081 0.03756895 0.04258195 0.04751939 0.02984681 0.03982584 0.04121949 0.04087382 0.04061279 0.03428265 0.02809775 0.05469194 0.03872216 0.03978000 0.03824221 0.03193161 0.03687164 0.03761411 0.04107491 0.03862182 0.00000000 0.02036609 0.03836070 0.04438202 0.02861374 0.06495783 0.04211509 0.03648169 0.03803082 0.03163093 0.03125796 0.04358729 0.03706204 0.03865775 0.03926645 0.02093222 0.05090207 0.03480905 0.03414435 0.04784668 0.03678205 0.02547887 0.01280196 0.03799004 0.02808463 0.03182118 0.03083614 0.02949808 0.03285120 0.03988542 0.02653448 0.03106395 0.03620562 0.03997073 0.03624432 0.03546181 0.03687073 0.02734763 0.04476480 0.03255888 0.02755186 0.01998366 0.04245849 0.02774228 0.03541429 0.03757898 0.04208521 0.08320167 0.02074596 0.04202364 0.04631615 0.04425174 0.04207503 0.03038131 0.02587764 0.03961357 0.02582466 0.02817595 0.03653155 0.03782377 0.03808042 0.04075303 0.04320595 0.03766594 0.04181858 0.03534907 0.03833284 0.03547629 0.03564246 0.03825807 0.04001012 0.02954560 0.03758294 0.03331597 0.03842039 0.02092777 0.03210172 
eulacestoma_nigropectus_ku_16397       0.01961136 0.01836769 0.01640630 0.01823286 0.01853587 0.01345167 0.01853468 0.01410584 0.01778510 0.01987852 0.01749697 0.01842854 0.02279457 0.01719867 0.01327996 0.02047792 0.02088180 0.02132579 0.01409689 0.01106183 0.01997861 0.01256019 0.01887335 0.01228056 0.01993707 0.01840558 0.01524664 0.02041870 0.01921026 0.02036609 0.00000000 0.01175510 0.01715985 0.01860041 0.03101925 0.01965269 0.01790849 0.01814001 0.01906117 0.01223896 0.01461595 0.01475558 0.01847941 0.01184590 0.01620242 0.02013988 0.01353802 0.01620371 0.01776204 0.01468302 0.01679687 0.00805169 0.01172053 0.01831955 0.01882555 0.01714592 0.01761321 0.01207153 0.01222154 0.01138105 0.01123618 0.01506156 0.02004277 0.01758053 0.00998136 0.01772016 0.01048214 0.01672195 0.01697068 0.01793457 0.01055799 0.01783537 0.01762453 0.01393746 0.01740133 0.01813251 0.03596610 0.01511179 0.01971116 0.01848717 0.01371390 0.02053463 0.01576117 0.01716019 0.01964887 0.01161451 0.01218832 0.01763938 0.01291027 0.01828052 0.01948072 0.02109301 0.01184309 0.01370681 0.01724747 0.01954340 0.01160189 0.01795061 0.01864092 0.01821834 0.01730383 0.01770183 0.01254355 0.01888457 0.01776211 0.01372370 
falcunculus_frontatus_uwbm_57627       0.02856613 0.02845433 0.04630623 0.04975651 0.03155027 0.02102533 0.05249047 0.02932418 0.04885506 0.05407290 0.05003552 0.05114636 0.04443675 0.04845030 0.03503572 0.05591214 0.04054634 0.02962929 0.02417003 0.01581625 0.04488663 0.03553574 0.05345509 0.03446045 0.03036719 0.03572465 0.04423188 0.05068801 0.05297715 0.03836070 0.01175510 0.00000000 0.04839571 0.05153267 0.05490065 0.05186489 0.04979756 0.05055698 0.05129665 0.01759204 0.04148332 0.02845910 0.05224553 0.02398266 0.01970874 0.05622768 0.03954939 0.02472961 0.05155447 0.04276390 0.02339319 0.00761527 0.03499312 0.05110093 0.02977865 0.03313983 0.02601975 0.03660780 0.03626003 0.01477582 0.01884304 0.02654561 0.05380827 0.04907890 0.03008706 0.05057631 0.01402719 0.04837843 0.02995439 0.05040726 0.01208986 0.05026492 0.04868281 0.04014137 0.04589750 0.04971759 0.09194430 0.04142700 0.05099467 0.04081469 0.02800596 0.05215984 0.04485411 0.04770968 0.05367135 0.01386287 0.01621238 0.02551555 0.03671629 0.05122180 0.05482212 0.05799539 0.02236881 0.03971234 0.04840069 0.05335931 0.02082765 0.04932273 0.05195362 0.03796597 0.02876773 0.04712526 0.03698039 0.05174829 0.04649549 0.01910195 
foulehaio_carunculatus_ku_26344        0.03285022 0.01062999 0.01883495 0.05722628 0.03679100 0.03018063 0.05500791 0.04099004 0.05633943 0.06217285 0.05774248 0.05908372 0.05021010 0.05630654 0.04553590 0.06377239 0.04671606 0.03065803 0.02936333 0.02385421 0.04724082 0.04910400 0.06115580 0.04795954 0.03532804 0.04205939 0.05183519 0.05727512 0.06068899 0.04438202 0.01715985 0.04839571 0.00000000 0.05952855 0.05602859 0.05945824 0.05750474 0.05861250 0.05897688 0.02523536 0.05503861 0.03458062 0.05987243 0.03486103 0.02261885 0.05236542 0.04743442 0.00742339 0.05396649 0.05067082 0.02770135 0.01098414 0.04832203 0.05897960 0.03440996 0.03976094 0.03109872 0.04444570 0.05027589 0.02412174 0.02841767 0.03071570 0.06163964 0.05700305 0.04481662 0.05800476 0.02125941 0.04011253 0.03541723 0.05790912 0.01656571 0.05780888 0.05683733 0.04794798 0.05307616 0.05736472 0.09472449 0.04849101 0.05819557 0.04649648 0.03931940 0.05937585 0.05270467 0.05546370 0.06148107 0.02055140 0.02395356 0.02728403 0.04738129 0.05859499 0.06296311 0.06620340 0.03231891 0.05331458 0.05588472 0.06067173 0.03055857 0.05685439 0.05937778 0.04400186 0.03362359 0.05433018 0.04507118 0.05939949 0.05428531 0.02653430 
