18
cyrtonyx_montezumae       0.00000000 0.02115049 0.02429832 0.02408777 0.02319661 0.02448784 0.02293872 0.02378468 0.02344542 0.02305422 0.02596983 0.02337333 0.02492836 0.02218879 0.02410910 0.02072435 0.02108405 0.02280203 
alectoris_rufa            0.02115049 0.00000000 0.01370593 0.01353040 0.01302607 0.01296312 0.01231702 0.01345026 0.01309461 0.01309101 0.01500442 0.01229959 0.01440218 0.01281914 0.01640864 0.01194381 0.01241450 0.01279471 
catreus_wallichi          0.02429832 0.01370593 0.00000000 0.00447022 0.00361153 0.01554463 0.00855772 0.00393242 0.00354823 0.00392913 0.01043225 0.01460955 0.00901732 0.00424414 0.01843729 0.00427122 0.00432966 0.00941565 
chrysolophus_pictus       0.02408777 0.01353040 0.00447022 0.00000000 0.00402341 0.01526152 0.00829733 0.00416540 0.00369813 0.00405375 0.01018146 0.01430325 0.00893851 0.00400651 0.01817519 0.00398854 0.00417378 0.00907039 
crossoptilon_crossoptilon 0.02319661 0.01302607 0.00361153 0.00402341 0.00000000 0.01487133 0.00803030 0.00352819 0.00312753 0.00345211 0.00996107 0.01389946 0.00855637 0.00373343 0.01770849 0.00388614 0.00399001 0.00887632 
galgal4                   0.02448784 0.01296312 0.01554463 0.01526152 0.01487133 0.00000000 0.01384305 0.01514301 0.01462788 0.01477277 0.01702900 0.01360644 0.01644128 0.01426849 0.01787348 0.01310791 0.01342363 0.01438723 
lophophorus_impejanus     0.02293872 0.01231702 0.00855772 0.00829733 0.00803030 0.01384305 0.00000000 0.00821108 0.00778297 0.00804668 0.00971177 0.01291973 0.00970912 0.00772482 0.01697195 0.00723635 0.00742293 0.00740625 
lophura_inornata          0.02378468 0.01345026 0.00393242 0.00416540 0.00352819 0.01514301 0.00821108 0.00000000 0.00247305 0.00313957 0.01005710 0.01405225 0.00873557 0.00382542 0.01800077 0.00386104 0.00401774 0.00899767 
lophura_nycthemera        0.02344542 0.01309461 0.00354823 0.00369813 0.00312753 0.01462788 0.00778297 0.00247305 0.00000000 0.00263331 0.00965534 0.01373337 0.00834215 0.00343417 0.01752289 0.00352004 0.00349673 0.00852090 
lophura_swinhoii          0.02305422 0.01309101 0.00392913 0.00405375 0.00345211 0.01477277 0.00804668 0.00313957 0.00263331 0.00000000 0.00994893 0.01387116 0.00868718 0.00372530 0.01758311 0.00392041 0.00398783 0.00877813 
melgal2                   0.02596983 0.01500442 0.01043225 0.01018146 0.00996107 0.01702900 0.00971177 0.01005710 0.00965534 0.00994893 0.00000000 0.01583973 0.01159881 0.00956857 0.01955256 0.00890289 0.00921184 0.01045550 
pavo_cristatus            0.02337333 0.01229959 0.01460955 0.01430325 0.01389946 0.01360644 0.01291973 0.01405225 0.01373337 0.01387116 0.01583973 0.00000000 0.01553113 0.01351232 0.01731425 0.01241873 0.01274728 0.01355524 
perdix                    0.02492836 0.01440218 0.00901732 0.00893851 0.00855637 0.01644128 0.00970912 0.00873557 0.00834215 0.00868718 0.01159881 0.01553113 0.00000000 0.00826689 0.01912002 0.00772348 0.00806493 0.01039846 
phasianus_colchicus       0.02218879 0.01281914 0.00424414 0.00400651 0.00373343 0.01426849 0.00772482 0.00382542 0.00343417 0.00372530 0.00956857 0.01351232 0.00826689 0.00000000 0.01683441 0.00371138 0.00373458 0.00844500 
rollulus_rouloul          0.02410910 0.01640864 0.01843729 0.01817519 0.01770849 0.01787348 0.01697195 0.01800077 0.01752289 0.01758311 0.01955256 0.01731425 0.01912002 0.01683441 0.00000000 0.01559571 0.01638915 0.01732775 
syrmaticus_ellioti        0.02072435 0.01194381 0.00427122 0.00398854 0.00388614 0.01310791 0.00723635 0.00386104 0.00352004 0.00392041 0.00890289 0.01241873 0.00772348 0.00371138 0.01559571 0.00000000 0.00317859 0.00817372 
syrmaticus_reevesii       0.02108405 0.01241450 0.00432966 0.00417378 0.00399001 0.01342363 0.00742293 0.00401774 0.00349673 0.00398783 0.00921184 0.01274728 0.00806493 0.00373458 0.01638915 0.00317859 0.00000000 0.00836681 
tragopan_blythii          0.02280203 0.01279471 0.00941565 0.00907039 0.00887632 0.01438723 0.00740625 0.00899767 0.00852090 0.00877813 0.01045550 0.01355524 0.01039846 0.00844500 0.01732775 0.00817372 0.00836681 0.00000000 
