106
abroscopus_albogularis_ku_28164        0.00000000 0.02969589 0.02942957 0.02005681 0.01783589 0.02643729 0.03074095 0.02714612 0.01952305 0.02653692 0.02512030 0.02798774 0.02917547 0.02396997 0.02577621 0.02756379 0.02179453 0.02873932 0.02370652 0.02233659 0.03233970 0.02621026 0.02602355 0.02540447 0.02086599 0.02404339 0.02484678 0.02394111 0.01826312 0.02707297 0.01836490 0.02590903 0.02909417 0.02543129 0.04048619 0.02291169 0.01812183 0.02514872 0.02555635 0.02375025 0.02863311 0.02451952 0.02098644 0.02519706 0.01615971 0.03276142 0.02351713 0.02566736 0.03069126 0.02428807 0.02089234 0.01142187 0.02542629 0.02542091 0.02462502 0.02321830 0.01985452 0.02197858 0.02640771 0.02165449 0.02434506 0.02663324 0.02189662 0.01971342 0.02356761 0.02186007 0.02111097 0.02902729 0.02310116 0.02441670 0.01844965 0.02721873 0.02419347 0.02396056 0.01814542 0.02795642 0.04893293 0.02242484 0.02222544 0.02968163 0.02756992 0.02289530 0.02225782 0.02345517 0.01960708 0.01977470 0.02285143 0.02720303 0.02540036 0.02060140 0.02749447 0.02774918 0.02544834 0.02769877 0.01765147 0.02594331 0.02492062 0.02420899 0.02065613 0.02115940 0.01143070 0.02007607 0.02232106 0.02612468 0.02487468 0.02583099 
timeliopsis_fulvigula_12152            0.02969589 0.00000000 0.01309592 0.03337927 0.03206470 0.02892017 0.03228018 0.03017915 0.03304453 0.03579332 0.03393009 0.03436672 0.03871272 0.03290662 0.02899967 0.03703669 0.03478766 0.02738132 0.02669914 0.02384111 0.03452817 0.02891850 0.03544547 0.02832012 0.03226314 0.03202567 0.03063209 0.03599347 0.03478341 0.03627129 0.01776575 0.02855779 0.01237545 0.03459754 0.04264704 0.03640856 0.03293560 0.03423350 0.03456825 0.02521446 0.03219635 0.02837451 0.03461999 0.02849556 0.02368455 0.03083930 0.02770775 0.01054803 0.03171476 0.02978357 0.02661929 0.01062284 0.02840085 0.03444109 0.03220785 0.03175341 0.02914793 0.02642815 0.02967033 0.02162990 0.02666228 0.02873609 0.03570933 0.03319976 0.02666122 0.03388409 0.02186212 0.02387983 0.03210052 0.03358683 0.01779854 0.03367221 0.03326241 0.02845863 0.03309654 0.03359556 0.05291399 0.03054420 0.03591808 0.03229289 0.03086322 0.03640766 0.03084535 0.03251217 0.03554376 0.01974140 0.02297641 0.02629928 0.02790042 0.03414768 0.03616763 0.03804708 0.02824502 0.03135031 0.03240204 0.03471196 0.02736824 0.03299869 0.03453502 0.03399362 0.03061831 0.03362592 0.02668132 0.03497837 0.03368694 0.02776945 
acanthorhynchus_tenuirostris_ku_10667  0.02942957 0.01309592 0.00000000 0.03336660 0.03183024 0.02908596 0.03227260 0.03045621 0.03299317 0.03573861 0.03408400 0.03412742 0.03865816 0.03289923 0.02881350 0.03698223 0.03443428 0.02700068 0.02663072 0.02355544 0.03463525 0.02898594 0.03565213 0.02822854 0.03207340 0.03179024 0.03041289 0.03598216 0.03497596 0.03619708 0.01723653 0.02861085 0.01237079 0.03448807 0.04255196 0.03648027 0.03291070 0.03410848 0.03460545 0.02497602 0.03213612 0.02821516 0.03467784 0.02824197 0.02337081 0.03078948 0.02749484 0.01056650 0.03169905 0.02994784 0.02621839 0.01023188 0.02828710 0.03435729 0.03207325 0.03158006 0.02870146 0.02613677 0.02942947 0.02151534 0.02638301 0.02892304 0.03594609 0.03316581 0.02651670 0.03360695 0.02154010 0.02396363 0.03197223 0.03351076 0.01719490 0.03372974 0.03322098 0.02850650 0.03316898 0.03345460 0.05292617 0.03039598 0.03594826 0.03219601 0.03090130 0.03642016 0.03074677 0.03227975 0.03565712 0.01928598 0.02275148 0.02629060 0.02791261 0.03420478 0.03598390 0.03828886 0.02838691 0.03134256 0.03238475 0.03456815 0.02730549 0.03295210 0.03464543 0.03403043 0.03037251 0.03353857 0.02666075 0.03501061 0.03345791 0.02753744 
acrocephalus_orientalis_ku_28793       0.02005681 0.03337927 0.03336660 0.00000000 0.02136358 0.02957566 0.03540859 0.03050170 0.02181301 0.02993238 0.02844620 0.03166138 0.03298748 0.02703091 0.02901415 0.03127074 0.02428759 0.02995476 0.02577805 0.02407565 0.03795668 0.02925095 0.02929656 0.02861703 0.02227110 0.02657255 0.02838547 0.02674065 0.02385981 0.03068696 0.01852575 0.02898055 0.03305156 0.02885185 0.04519596 0.02529322 0.02204694 0.02789218 0.02860598 0.02561594 0.03256191 0.02716859 0.02358184 0.02857709 0.01610750 0.03721189 0.02628529 0.02703417 0.03515789 0.02778510 0.02193610 0.01125151 0.02872614 0.02887685 0.02716908 0.02561858 0.02110875 0.02498872 0.02996293 0.02233604 0.02705804 0.03015025 0.02469129 0.02177682 0.02703898 0.02441952 0.02238168 0.03306428 0.02586059 0.02789480 0.01827642 0.03189624 0.02731860 0.02666482 0.02205705 0.03120901 0.05562432 0.02485978 0.02492255 0.03300480 0.03105993 0.02537011 0.02517228 0.02674367 0.02426389 0.01985850 0.02344478 0.02921240 0.02831198 0.02305697 0.03050513 0.03149111 0.02862873 0.03173315 0.02142002 0.02935165 0.02775047 0.02736545 0.02363334 0.02363106 0.02033987 0.02256567 0.02503559 0.02932809 0.02773919 0.02845167 
aegithalos_concinnus_ku_28044          0.01783589 0.03206470 0.03183024 0.02136358 0.00000000 0.02862823 0.03390176 0.02912309 0.02091230 0.02879250 0.02721377 0.03062129 0.03178403 0.02597318 0.02788445 0.02992748 0.02342365 0.02963903 0.02530091 0.02370837 0.03577646 0.02830445 0.02822168 0.02753123 0.02183346 0.02569192 0.02739092 0.02562374 0.02071131 0.02949153 0.01868380 0.02764108 0.03156395 0.02749702 0.04378856 0.02442365 0.01947307 0.02732083 0.02758550 0.02502420 0.03122930 0.02652275 0.02274344 0.02723295 0.01659312 0.03539773 0.02521500 0.02679835 0.03362362 0.02664187 0.02195726 0.01130806 0.02747597 0.02765158 0.02611704 0.02489310 0.02068474 0.02407028 0.02870917 0.02197923 0.02627077 0.02892089 0.02358702 0.02135101 0.02590206 0.02361998 0.02195071 0.03149704 0.02493522 0.02651778 0.01857019 0.03020927 0.02636003 0.02603632 0.01945498 0.03020558 0.05309790 0.02414008 0.02413614 0.03178085 0.02985263 0.02434165 0.02422971 0.02550900 0.01193113 0.02026742 0.02348674 0.02865769 0.02713840 0.02203052 0.02937502 0.03017451 0.02758616 0.03009742 0.01886426 0.02780794 0.02658137 0.02618105 0.02245125 0.02281073 0.01749963 0.02160468 0.02430021 0.02824058 0.02674184 0.02753211 
aegithina_lafresnayei_ku_23213         0.02643729 0.02892017 0.02908596 0.02957566 0.02862823 0.00000000 0.03081578 0.01957314 0.02904591 0.03141070 0.02999873 0.02971244 0.03501651 0.02862029 0.02314568 0.03281451 0.03126977 0.02732889 0.02315255 0.01820450 0.03288925 0.02158924 0.03108211 0.02125004 0.02923104 0.02829303 0.02655812 0.03202112 0.03103463 0.03232405 0.01434117 0.02122212 0.02865467 0.03053095 0.04076394 0.03232538 0.02907728 0.02965646 0.03058068 0.01939540 0.02466764 0.02431488 0.03074087 0.01769105 0.02149888 0.03279923 0.02389050 0.02441280 0.03026662 0.02573296 0.02390856 0.00828819 0.02112310 0.03034971 0.02943981 0.02736872 0.02593485 0.02254065 0.02224186 0.01686195 0.01995384 0.02583977 0.03169895 0.02907026 0.01934461 0.02976256 0.01646886 0.02849619 0.02833529 0.02986208 0.01428672 0.02968192 0.02912831 0.02419163 0.02900183 0.02920166 0.05059187 0.02654976 0.03187109 0.02906856 0.01839271 0.03251029 0.02685153 0.02839422 0.03134812 0.01536954 0.01793457 0.02620386 0.02220858 0.03037957 0.03208555 0.03347190 0.01682751 0.02403181 0.02834377 0.03110242 0.02042897 0.02917159 0.03062345 0.02981876 0.02721902 0.02949723 0.02267095 0.03096939 0.02921416 0.02189482 
ailuroedus_buccoides_ku_12226          0.03074095 0.03228018 0.03227260 0.03540859 0.03390176 0.03081578 0.00000000 0.03229172 0.03522463 0.03797126 0.03625429 0.03651185 0.04104135 0.03492672 0.03082737 0.03934663 0.03677040 0.02314002 0.02854167 0.02515702 0.02872196 0.03108047 0.03763519 0.03037695 0.03401395 0.03405640 0.03259569 0.03846498 0.03723140 0.03863347 0.01873026 0.03051285 0.03183418 0.03668894 0.03993072 0.03860037 0.03511897 0.03617966 0.03688132 0.02685424 0.03436765 0.03028583 0.03705440 0.02996737 0.02498053 0.03619778 0.02958805 0.02557399 0.02833292 0.03216041 0.02809813 0.01107420 0.03027451 0.03669828 0.03421083 0.03344910 0.03079532 0.02849353 0.03131739 0.02318342 0.02836763 0.03094654 0.03809019 0.03519503 0.02844626 0.03587569 0.02316483 0.03207784 0.03414627 0.03579514 0.01864434 0.03626847 0.03541309 0.03053742 0.03539012 0.03576538 0.05022015 0.03277632 0.03829773 0.03425817 0.03291581 0.03848286 0.03307375 0.03466672 0.03766912 0.02077089 0.02409213 0.01149162 0.02986232 0.03651136 0.03806461 0.04022433 0.03024306 0.03339064 0.03463246 0.03682762 0.02909867 0.03525132 0.03697320 0.03612730 0.03244268 0.03585032 0.02868692 0.03698901 0.03577618 0.02954990 
artamus_cinereus_ku_6183               0.02714612 0.03017915 0.03045621 0.03050170 0.02912309 0.01957314 0.03229172 0.00000000 0.03014224 0.03272376 0.03110024 0.03108824 0.03574066 0.02993291 0.02427935 0.03373586 0.03202545 0.02798765 0.02412998 0.01873241 0.03474284 0.02305199 0.03255553 0.02237826 0.03006618 0.02947086 0.02723874 0.03272380 0.03189540 0.03319086 0.01493183 0.02231006 0.02991889 0.03138917 0.04255572 0.03339026 0.03004060 0.03107671 0.03185909 0.01988549 0.02623305 0.02522908 0.03164133 0.01847235 0.02185145 0.03392080 0.02477643 0.02475015 0.03182418 0.02685930 0.02460398 0.00875331 0.02213111 0.03127597 0.02958540 0.02874997 0.02677854 0.02349270 0.02350609 0.01733357 0.02088311 0.02695494 0.03270263 0.03017873 0.02042369 0.03089942 0.01715203 0.02991064 0.02960635 0.03070089 0.01481323 0.03052727 0.03028682 0.02550871 0.03014662 0.03053592 0.05285907 0.02757600 0.03294777 0.03001108 0.02052758 0.03351188 0.02797910 0.02925492 0.03257580 0.01584532 0.01862081 0.02671739 0.02333552 0.03123067 0.03310670 0.03509189 0.01840793 0.02491153 0.02927988 0.03216178 0.02132907 0.03019009 0.03159349 0.03116596 0.02826796 0.03065630 0.02360706 0.03200957 0.03059491 0.02255783 
bleda_syndactylus_ku_29008             0.01952305 0.03304453 0.03299317 0.02181301 0.02091230 0.02904591 0.03522463 0.03014224 0.00000000 0.02961263 0.02822791 0.03126587 0.03259693 0.02663492 0.02866820 0.03082998 0.02370125 0.02989447 0.02551706 0.02372477 0.03747709 0.02885375 0.02902531 0.02819256 0.02202412 0.02607849 0.02784197 0.02612041 0.02317920 0.03021985 0.01810989 0.02852947 0.03261358 0.02838807 0.04496431 0.02503445 0.02126445 0.02801188 0.02820257 0.02513155 0.03194486 0.02689937 0.02327852 0.02817277 0.01582239 0.03687181 0.02583391 0.02672670 0.03492635 0.02741051 0.02161722 0.01085458 0.02809389 0.02833035 0.02661135 0.02535751 0.02042576 0.02447461 0.02947179 0.02192118 0.02644096 0.02959328 0.02404220 0.02162906 0.02656527 0.02417422 0.02173993 0.03284834 0.02541631 0.02730444 0.01799186 0.03126833 0.02686641 0.02622668 0.02129130 0.03082330 0.05558756 0.02442955 0.02460573 0.03280292 0.03084831 0.02505884 0.02468623 0.02609431 0.02381712 0.01985216 0.02336225 0.02907297 0.02778415 0.01725221 0.03021145 0.03118508 0.02829359 0.03101854 0.02050570 0.02881916 0.02725521 0.02700251 0.02255530 0.02318450 0.01972794 0.02132292 0.02472076 0.02884126 0.02735090 0.02813403 
bombycilla_garrulus_ku_21744           0.02653692 0.03579332 0.03573861 0.02993238 0.02879250 0.03141070 0.03797126 0.03272376 0.02961263 0.00000000 0.03047651 0.03404507 0.03551912 0.02914980 0.03148266 0.03326027 0.03119516 0.03193961 0.02792818 0.02614831 0.04021843 0.03153452 0.03215355 0.03112130 0.02926232 0.01886377 0.03083439 0.03252559 0.03177196 0.03261721 0.01987286 0.03120675 0.03554794 0.03086828 0.04755058 0.03314791 0.02951867 0.03115588 0.03071003 0.02742960 0.03497065 0.02950706 0.03142807 0.03096251 0.02158269 0.03976695 0.02855503 0.02883965 0.03782775 0.03023747 0.02376833 0.01208559 0.03099787 0.03076518 0.02851183 0.02773115 0.02626426 0.02730477 0.03218692 0.02413833 0.02919904 0.03242437 0.03223600 0.02983417 0.02939972 0.03028563 0.02406962 0.03558006 0.02906614 0.02992577 0.01999252 0.03410191 0.02945484 0.02925495 0.02969392 0.03365023 0.05807251 0.02693400 0.03262162 0.03562812 0.03353446 0.03308886 0.02734022 0.02850164 0.03223212 0.02170188 0.02528397 0.03131441 0.03080457 0.03085272 0.03222644 0.03474567 0.03114245 0.03383507 0.02889969 0.03106721 0.02981124 0.02913496 0.03121257 0.03071936 0.02765220 0.03032280 0.02762561 0.03097401 0.02993655 0.03026666 
certhia_americana_ku_30065             0.02512030 0.03393009 0.03408400 0.02844620 0.02721377 0.02999873 0.03625429 0.03110024 0.02822791 0.03047651 0.00000000 0.03234049 0.03375474 0.02741792 0.02972609 0.03130370 0.02973651 0.03007430 0.02601125 0.02427260 0.03832694 0.02992885 0.03048035 0.02945152 0.02772124 0.02655268 0.02913352 0.03107401 0.02992404 0.03104915 0.01786992 0.02957071 0.03376753 0.02920619 0.04590763 0.03167995 0.02783748 0.02919296 0.02925568 0.02571637 0.03305629 0.02766203 0.02983417 0.02918956 0.01997843 0.03814822 0.02672382 0.02687849 0.03574551 0.02849474 0.02204987 0.01059253 0.02932628 0.02904391 0.02676919 0.02620084 0.02433517 0.02563750 0.03057880 0.02233136 0.02731799 0.03073619 0.03084259 0.02824969 0.02750612 0.02874194 0.02237611 0.03373375 0.02723321 0.02839899 0.01786128 0.03242788 0.02774388 0.02738433 0.02833771 0.03189020 0.05619742 0.02512512 0.03114714 0.03382512 0.03191493 0.03170130 0.02551069 0.02709950 0.03091314 0.01993028 0.02358688 0.02959018 0.02880392 0.02938225 0.03051761 0.03302423 0.02917324 0.03228252 0.02740387 0.02683211 0.02829068 0.02743270 0.02976241 0.02939488 0.02587486 0.02881597 0.02584509 0.02512680 0.02824706 0.02837802 
chaetops_aurantius_uwbm_52974          0.02798774 0.03436672 0.03412742 0.03166138 0.03062129 0.02971244 0.03651185 0.03108824 0.03126587 0.03404507 0.03234049 0.00000000 0.03736060 0.03117471 0.02970004 0.03491122 0.03293502 0.03054315 0.02647420 0.02451944 0.03842957 0.02985935 0.03382127 0.02938651 0.03082667 0.03039927 0.02866483 0.03450718 0.03322248 0.03464962 0.01867714 0.02961810 0.03389063 0.03278926 0.04632959 0.03480497 0.03121650 0.03266986 0.03285789 0.02598212 0.03315899 0.02794615 0.03315152 0.02912236 0.02254191 0.03795127 0.02680735 0.02780081 0.03601851 0.02823554 0.02552193 0.01127887 0.02929617 0.03295404 0.03060285 0.03009520 0.02757321 0.02546080 0.03050748 0.02293588 0.02753368 0.03064515 0.03409151 0.03159876 0.02763070 0.03219826 0.02252903 0.03373651 0.03032660 0.03189248 0.01854761 0.03181646 0.03165482 0.02702654 0.03136177 0.02320836 0.05690846 0.02884058 0.03435122 0.03356208 0.03152768 0.03499525 0.02920743 0.03077158 0.03390725 0.02031892 0.02399095 0.03006734 0.02894075 0.03276004 0.03462304 0.03623431 0.02930659 0.03215180 0.03074277 0.03315400 0.02802526 0.03132456 0.03284903 0.03242454 0.02906231 0.03219771 0.02593027 0.03319409 0.03198175 0.02880888 
chelidorhynx_hypoxanthus_ku_28022      0.02917547 0.03871272 0.03865816 0.03298748 0.03178403 0.03501651 0.04104135 0.03574066 0.03259693 0.03551912 0.03375474 0.03736060 0.00000000 0.03300101 0.03492233 0.03649054 0.03412517 0.03436561 0.03157034 0.02953435 0.04279039 0.03483164 0.03018667 0.03427220 0.03222020 0.03197744 0.03397647 0.03544634 0.03428867 0.03607741 0.02224908 0.03450166 0.03827163 0.03451873 0.04973123 0.03586583 0.03257058 0.03352056 0.03422330 0.03058823 0.03772661 0.03278858 0.03405197 0.03418422 0.02443495 0.04252253 0.03180093 0.03167826 0.04071037 0.03335416 0.02703405 0.01419754 0.03397088 0.03435660 0.03209936 0.03119821 0.02911861 0.03059433 0.03521993 0.02691976 0.03242208 0.03537414 0.03517633 0.03262344 0.03253729 0.03323128 0.02692992 0.03853933 0.03178811 0.03347705 0.02234559 0.03713349 0.03301643 0.03246857 0.03254237 0.03682067 0.06039442 0.03047474 0.03522728 0.03872063 0.03657023 0.03571431 0.03079248 0.03229161 0.03481792 0.02465728 0.02822125 0.03438737 0.03384844 0.03380144 0.03580664 0.03720803 0.03405561 0.03658678 0.03185716 0.03467704 0.03293081 0.03298512 0.03391322 0.03360207 0.03017429 0.03324780 0.03105365 0.03475628 0.03339120 0.03331055 
chloropsis_sonnerati_ku_24451          0.02396997 0.03290662 0.03289923 0.02703091 0.02597318 0.02862029 0.03492672 0.02993291 0.02663492 0.02914980 0.02741792 0.03117471 0.03300101 0.00000000 0.02847025 0.03024868 0.02864056 0.02915865 0.02513657 0.02355726 0.03672401 0.02862872 0.02913538 0.02789507 0.02676027 0.02544813 0.02777341 0.02967076 0.02846118 0.02574965 0.01763506 0.02825079 0.03253515 0.02367007 0.04502739 0.03003344 0.02659516 0.02790969 0.02333435 0.02468733 0.03182484 0.02661303 0.02846440 0.02776262 0.01923872 0.03664414 0.02537957 0.02646096 0.03436028 0.02710859 0.01973605 0.01060970 0.02794098 0.02343026 0.02593079 0.02211490 0.02362691 0.02426104 0.02911607 0.02173470 0.02614472 0.02935368 0.02939164 0.02694140 0.02612833 0.02737106 0.02150786 0.03267448 0.02602907 0.02277732 0.01743622 0.03104373 0.02228943 0.02599663 0.02679158 0.03069654 0.05531978 0.01980231 0.02963952 0.03253800 0.03037570 0.03007558 0.02237269 0.02151642 0.02904330 0.01946356 0.02263237 0.02844938 0.02766118 0.02791975 0.02954964 0.03176351 0.02795695 0.03081710 0.02603078 0.02854314 0.02701656 0.02625175 0.02844285 0.02767016 0.02491299 0.02739054 0.02439818 0.02828957 0.02283703 0.02754770 
cinclosoma_punctatum_uwbm_57790        0.02577621 0.02899967 0.02881350 0.02901415 0.02788445 0.02314568 0.03082737 0.02427935 0.02866820 0.03148266 0.02972609 0.02970004 0.03492233 0.02847025 0.00000000 0.03259412 0.03066373 0.02659543 0.02242295 0.01838617 0.03341851 0.02280747 0.03128123 0.02212118 0.02831266 0.02785419 0.02598652 0.03181116 0.03071102 0.03216400 0.01422993 0.02230849 0.02839478 0.03027832 0.04156147 0.03219634 0.02868388 0.02978458 0.03023770 0.01981644 0.02627464 0.02379319 0.03055175 0.02213373 0.02047462 0.03275493 0.02309714 0.02299966 0.03044623 0.02543693 0.02294044 0.00829696 0.02218924 0.03020132 0.02813067 0.02723455 0.02518075 0.02195921 0.02325351 0.01706195 0.02063686 0.02525036 0.03161483 0.02878780 0.02036094 0.02955141 0.01684544 0.02855712 0.02785651 0.02936646 0.01421943 0.02955650 0.02891689 0.02391051 0.02886459 0.02894766 0.05173657 0.02623649 0.03160211 0.02885494 0.02450027 0.03222514 0.02630019 0.02801336 0.03115193 0.01537497 0.01829395 0.02523843 0.01457780 0.02997056 0.03206005 0.03374230 0.02220246 0.02499181 0.02795194 0.03062263 0.02122463 0.02885300 0.03031528 0.02964505 0.02656346 0.02947536 0.02221796 0.03088155 0.02920423 0.02227699 
cinclus_pallasii_ku_11246              0.02756379 0.03703669 0.03698223 0.03127074 0.02992748 0.03281451 0.03934663 0.03373586 0.03082998 0.03326027 0.03130370 0.03491122 0.03649054 0.03024868 0.03259412 0.00000000 0.03265629 0.03244809 0.02913533 0.02693042 0.04128618 0.03266435 0.03308470 0.03216248 0.03038628 0.02922824 0.03194218 0.03379212 0.03283403 0.03372520 0.02039230 0.03236442 0.03658121 0.03190054 0.04845378 0.03432053 0.03095570 0.03203249 0.03186271 0.02819072 0.03601652 0.03076245 0.03254580 0.03188378 0.02209280 0.04101246 0.02958129 0.02950353 0.03882914 0.03130444 0.02432510 0.01253450 0.03198215 0.03169115 0.02390165 0.02868361 0.02705737 0.02851821 0.03331587 0.02476233 0.02995510 0.03346218 0.03362362 0.03100885 0.03040761 0.03134308 0.02470130 0.03682495 0.03000140 0.03093855 0.02030845 0.03523442 0.03042321 0.03023319 0.03090922 0.03467725 0.05905089 0.02778642 0.03391409 0.03654442 0.03465764 0.03425427 0.02824688 0.02969348 0.03340994 0.02212536 0.02601153 0.03237526 0.03175309 0.03207934 0.03335073 0.03581962 0.03216474 0.03487618 0.03039416 0.03194489 0.03107187 0.02442135 0.03227266 0.03188446 0.02835201 0.03160033 0.02871682 0.03199849 0.03086858 0.03123978 
cisticola_anonymus_ku_29165            0.02179453 0.03478766 0.03443428 0.02428759 0.02342365 0.03126977 0.03677040 0.03202545 0.02370125 0.03119516 0.02973651 0.03293502 0.03412517 0.02864056 0.03066373 0.03265629 0.00000000 0.03188750 0.02762128 0.02625393 0.03844032 0.03076728 0.03089374 0.03007406 0.02465195 0.02824456 0.02981346 0.02794845 0.02572838 0.03174974 0.02045450 0.03056158 0.03451480 0.03006697 0.04635834 0.02702412 0.02428472 0.02946559 0.03008528 0.02714545 0.03364330 0.02884407 0.02524493 0.03006317 0.01825297 0.03810339 0.02761634 0.02878669 0.03645151 0.02912025 0.02411720 0.01271102 0.03030212 0.03014921 0.02867132 0.02749180 0.02319553 0.02645021 0.03126864 0.02436042 0.02876691 0.03151908 0.01173919 0.02403655 0.02837573 0.02602193 0.02438871 0.03447559 0.02740075 0.02905276 0.02009098 0.03264115 0.02887967 0.02836704 0.02354038 0.03254503 0.05623071 0.02646769 0.02660620 0.03435633 0.03271965 0.02720516 0.02673833 0.02814468 0.02632786 0.02219050 0.02567940 0.03128384 0.02998088 0.02486211 0.03214064 0.03280178 0.03026394 0.03279494 0.02325539 0.03054339 0.02927365 0.02886259 0.02513211 0.02523848 0.02264317 0.02424168 0.02677609 0.03033361 0.02924106 0.03026533 
climacteris_melanurus_ku_8858          0.02873932 0.02738132 0.02700068 0.02995476 0.02963903 0.02732889 0.02314002 0.02798765 0.02989447 0.03193961 0.03007430 0.03054315 0.03436561 0.02915865 0.02659543 0.03244809 0.03188750 0.00000000 0.02604974 0.02425645 0.01461973 0.02697555 0.03141720 0.02621791 0.03134346 0.02978503 0.02732377 0.03218037 0.03116747 0.03233495 0.02075197 0.02613597 0.02691128 0.03075780 0.03450545 0.03212060 0.02969405 0.03051240 0.03094548 0.02536847 0.02899595 0.02649212 0.03072732 0.02597874 0.02507660 0.03041582 0.02572424 0.02534689 0.02424351 0.02678903 0.02665448 0.01246534 0.02604619 0.03066326 0.03028492 0.02847009 0.02883135 0.02432600 0.02674816 0.02390085 0.02531865 0.02663408 0.03191795 0.02954428 0.02440326 0.02979293 0.02323661 0.02661475 0.02917482 0.02987003 0.02069310 0.03003936 0.02947221 0.02577491 0.02937117 0.03044365 0.04201165 0.02765076 0.03181447 0.02961779 0.02801571 0.03225630 0.02783054 0.02931805 0.03141594 0.02194876 0.02461305 0.02129767 0.02595349 0.03078528 0.03209800 0.03330870 0.02607848 0.02828767 0.02898672 0.03152359 0.02568088 0.02995430 0.03087522 0.03021339 0.02929247 0.03034286 0.02478040 0.03112035 0.02990479 0.02734873 
cnemophilus_loriae_ku_16529            0.02370652 0.02669914 0.02663072 0.02577805 0.02530091 0.02315255 0.02854167 0.02412998 0.02551706 0.02792818 0.02601125 0.02647420 0.03157034 0.02513657 0.02242295 0.02913533 0.02762128 0.02604974 0.00000000 0.01884995 0.03082023 0.02269699 0.02781108 0.02238179 0.02601942 0.02519677 0.02251490 0.02832255 0.02732204 0.02846458 0.01491496 0.02229459 0.02635556 0.02704620 0.03931358 0.02869209 0.02547928 0.02626159 0.02679063 0.02038196 0.02564071 0.00459293 0.02701909 0.02202601 0.01917507 0.03040975 0.02003749 0.02252228 0.02810608 0.02195619 0.02088679 0.00833667 0.02227893 0.02653888 0.02566746 0.02386595 0.02309698 0.01864226 0.02319486 0.01783592 0.02102722 0.02379036 0.02794264 0.02557255 0.02025933 0.02600856 0.01767037 0.02613692 0.02491340 0.02606396 0.01468477 0.02595312 0.02562094 0.02056240 0.02563252 0.02575325 0.04881388 0.02278839 0.02827543 0.02677625 0.02448256 0.02890438 0.02318751 0.02477439 0.02802177 0.01621743 0.01902295 0.02417875 0.02179676 0.02662271 0.02859719 0.03012811 0.02179290 0.02462287 0.02485385 0.02755430 0.02164929 0.02566132 0.02720728 0.02623650 0.02407474 0.02602451 0.01887626 0.02736629 0.02578553 0.02298061 
coracina_tenuirostris_ku_23644         0.02233659 0.02384111 0.02355544 0.02407565 0.02370837 0.01820450 0.02515702 0.01873241 0.02372477 0.02614831 0.02427260 0.02451944 0.02953435 0.02355726 0.01838617 0.02693042 0.02625393 0.02425645 0.01884995 0.00000000 0.02751354 0.01736418 0.02562796 0.01669180 0.02475064 0.02359510 0.02120995 0.02642714 0.02563391 0.02673434 0.01218204 0.01681154 0.02337277 0.02494339 0.03542053 0.02671852 0.02389387 0.02443209 0.02520100 0.01579262 0.02017783 0.01957862 0.02496113 0.01676007 0.01828708 0.02716539 0.01875052 0.02051100 0.02480852 0.02054490 0.02008576 0.00669553 0.01681897 0.02467191 0.02435698 0.02252044 0.02184749 0.01720967 0.01777517 0.01378445 0.01605210 0.02076078 0.02615168 0.02367797 0.01483897 0.02402995 0.01333636 0.02316913 0.02293708 0.02422621 0.00940589 0.02405949 0.02393628 0.01912685 0.02361925 0.02399574 0.04458121 0.02143347 0.02637674 0.02405562 0.01880382 0.02711817 0.02167058 0.02305918 0.02596654 0.01244697 0.01527472 0.02200565 0.01746139 0.02479917 0.02682909 0.02800816 0.01651609 0.01900797 0.02292101 0.02571660 0.01615371 0.02384252 0.02496516 0.02444560 0.02266980 0.02432249 0.01763679 0.02531728 0.02412237 0.01782874 
cormobates_leucophaea_uwbm_57452       0.03233970 0.03452817 0.03463525 0.03795668 0.03577646 0.03288925 0.02872196 0.03474284 0.03747709 0.04021843 0.03832694 0.03842957 0.04279039 0.03672401 0.03341851 0.04128618 0.03844032 0.01461973 0.03082023 0.02751354 0.00000000 0.03339867 0.03973392 0.03281630 0.03598330 0.03603223 0.03451366 0.04064598 0.03927859 0.04079945 0.01992967 0.03278779 0.03422902 0.03871321 0.04173247 0.04053879 0.03710092 0.03869088 0.03874839 0.02884994 0.03666621 0.03249997 0.03909034 0.03238536 0.02635626 0.03842354 0.03189955 0.02715180 0.03080316 0.03421415 0.02965960 0.01170742 0.03244008 0.03868916 0.03568580 0.03564368 0.03253795 0.03087898 0.03389832 0.02487697 0.03073545 0.03297789 0.04012828 0.03745612 0.03091648 0.03822260 0.02491378 0.03428096 0.03619373 0.03793752 0.02019627 0.03819981 0.03737112 0.03244276 0.03741611 0.03776648 0.05223844 0.03480016 0.04063055 0.03638041 0.03517148 0.04036608 0.03535576 0.03673929 0.03986276 0.02212053 0.02571378 0.02304614 0.03212869 0.03894461 0.04027613 0.04224387 0.03266945 0.03575867 0.03662378 0.03897756 0.03139141 0.03744004 0.03900136 0.03838141 0.03418108 0.03809274 0.03105297 0.03914748 0.03776399 0.03153206 
corvus_corax_ku_30042                  0.02621026 0.02891850 0.02898594 0.02925095 0.02830445 0.02158924 0.03108047 0.02305199 0.02885375 0.03153452 0.02992885 0.02985935 0.03483164 0.02862872 0.02280747 0.03266435 0.03076728 0.02697555 0.02269699 0.01736418 0.03339867 0.00000000 0.03133205 0.02082623 0.02860978 0.02809044 0.02632544 0.03195392 0.03078828 0.03200570 0.01358321 0.02091146 0.02845769 0.03028381 0.04173892 0.03220954 0.02875525 0.02990825 0.03033516 0.01611275 0.01902502 0.02395321 0.03063787 0.02055911 0.02066707 0.03299730 0.02322844 0.02333206 0.03035476 0.02568438 0.02311261 0.00812768 0.01699867 0.03010458 0.02849687 0.02731701 0.02539682 0.02209955 0.02184496 0.01597334 0.01944190 0.02531001 0.03157355 0.02892428 0.01877148 0.02955199 0.01254421 0.02858829 0.02816052 0.02945156 0.01346386 0.02983453 0.02897749 0.02393591 0.02893364 0.02903953 0.05169215 0.02621801 0.03185414 0.02872216 0.02312821 0.03231566 0.02629670 0.02824488 0.03123753 0.01455075 0.01744181 0.02554080 0.02168832 0.03025668 0.03199971 0.03377283 0.02048190 0.02048889 0.02832590 0.03076308 0.01604176 0.02895943 0.03041935 0.02979350 0.02678970 0.02949700 0.02232528 0.03103803 0.02920885 0.02105835 
culicicapa_ceylonensis_ku_9948         0.02602355 0.03544547 0.03565213 0.02929656 0.02822168 0.03108211 0.03763519 0.03255553 0.02902531 0.03215355 0.03048035 0.03382127 0.03018667 0.02913538 0.03128123 0.03308470 0.03089374 0.03141720 0.02781108 0.02562796 0.03973392 0.03133205 0.00000000 0.03084876 0.02852500 0.02872601 0.03054033 0.03213443 0.03082462 0.03278329 0.01906464 0.03106903 0.03523383 0.03081298 0.04715996 0.03254174 0.02910014 0.03008631 0.03067045 0.02698194 0.03455715 0.02962297 0.03084759 0.03069966 0.02107531 0.03948252 0.02823931 0.02826243 0.03746133 0.02994648 0.02353947 0.01121776 0.03062352 0.03084088 0.02873624 0.02764038 0.02566982 0.02705071 0.03196431 0.02348224 0.02869182 0.03212125 0.03174345 0.02908512 0.02917494 0.02981648 0.02360427 0.03537275 0.02838435 0.03002057 0.01916031 0.03397993 0.02947958 0.02863329 0.02913047 0.03330373 0.05799677 0.02699156 0.03165075 0.03543438 0.03330407 0.03246661 0.02726699 0.02868698 0.03155589 0.02098028 0.02451717 0.03090775 0.03025443 0.03011591 0.03265500 0.03389154 0.03081004 0.03345766 0.02848756 0.03123236 0.02954835 0.02928104 0.03060673 0.03021097 0.02696984 0.02966509 0.02733224 0.03151682 0.03005671 0.02992214 
daphoenositta_chrysoptera_ku_23086     0.02540447 0.02832012 0.02822854 0.02861703 0.02753123 0.02125004 0.03037695 0.02237826 0.02819256 0.03112130 0.02945152 0.02938651 0.03427220 0.02789507 0.02212118 0.03216248 0.03007406 0.02621791 0.02238179 0.01669180 0.03281630 0.02082623 0.03084876 0.00000000 0.02794695 0.02757656 0.02566429 0.03097676 0.03042116 0.03165748 0.01329858 0.02038273 0.02787840 0.02967171 0.04118606 0.03164784 0.02816552 0.02944982 0.02999523 0.01817787 0.02433235 0.02336765 0.02989316 0.02017510 0.02004330 0.03213402 0.02282393 0.02267767 0.03006726 0.02500828 0.02282437 0.00744209 0.02020346 0.02964337 0.02784002 0.02676631 0.02490549 0.02149280 0.02151043 0.01544739 0.01899699 0.02499254 0.03076779 0.02828277 0.01829492 0.02912306 0.01517950 0.02796506 0.02759150 0.02900607 0.01275450 0.02897345 0.02839164 0.02372727 0.02824110 0.02867247 0.05111568 0.02572933 0.03137484 0.02812513 0.02264294 0.03177845 0.02596145 0.02768263 0.03086235 0.01394896 0.01695983 0.02479521 0.02126988 0.02958289 0.03159539 0.03351343 0.02024151 0.02312871 0.02760517 0.03007143 0.01929457 0.02818993 0.03001170 0.02922715 0.02641402 0.02894400 0.02161819 0.03014711 0.02880572 0.02058708 
donacobius_atricapilla_ku_1037         0.02086599 0.03226314 0.03207340 0.02227110 0.02183346 0.02923104 0.03401395 0.03006618 0.02202412 0.02926232 0.02772124 0.03082667 0.03222020 0.02676027 0.02831266 0.03038628 0.02465195 0.03134346 0.02601942 0.02475064 0.03598330 0.02860978 0.02852500 0.02794695 0.00000000 0.02678404 0.02768831 0.02638145 0.02387511 0.02979544 0.01995089 0.02822063 0.03205593 0.02832087 0.04404946 0.02503490 0.02234842 0.02738581 0.02816876 0.02619184 0.03153117 0.02695877 0.02138921 0.02804508 0.01759717 0.03578696 0.02607629 0.02806348 0.03381174 0.02705809 0.02304480 0.01240030 0.02822965 0.02804140 0.02726989 0.02563070 0.02210487 0.02466268 0.02909413 0.02326314 0.02697375 0.02937068 0.02445295 0.01959537 0.02629316 0.02402972 0.02360565 0.03179885 0.02567658 0.02721228 0.02006125 0.03072374 0.02680697 0.02625323 0.02200643 0.03024381 0.05288319 0.02459964 0.02453148 0.03242472 0.03008203 0.02512320 0.02490517 0.02638031 0.02409155 0.02160715 0.02469917 0.03000076 0.02782625 0.02313462 0.03003609 0.03070943 0.02797278 0.03047648 0.02121902 0.02896530 0.02754614 0.02723180 0.02335498 0.02345235 0.02099900 0.02271668 0.02481156 0.02835465 0.02715912 0.02871331 
dulus_dominicus_ku_6414                0.02404339 0.03202567 0.03179024 0.02657255 0.02569192 0.02829303 0.03405640 0.02947086 0.02607849 0.01886377 0.02655268 0.03039927 0.03197744 0.02544813 0.02785419 0.02922824 0.02824456 0.02978503 0.02519677 0.02359510 0.03603223 0.02809044 0.02872601 0.02757656 0.02678404 0.00000000 0.02716876 0.02871503 0.02806748 0.02896642 0.01865805 0.02770202 0.03190124 0.02720164 0.04407283 0.02964527 0.02614009 0.02730981 0.02723501 0.02470166 0.03119207 0.02628682 0.02756949 0.02745819 0.01980034 0.03598274 0.02524990 0.02671257 0.03369942 0.02653006 0.02157209 0.01122455 0.02752421 0.02695924 0.02584998 0.02438747 0.02375731 0.02360860 0.02843460 0.02209483 0.02589671 0.02869788 0.02868613 0.02625309 0.02576376 0.02664310 0.02181390 0.03164734 0.02576138 0.02654471 0.01837470 0.03004577 0.02597380 0.02560274 0.02617252 0.03000647 0.05363128 0.02341399 0.02880522 0.03213145 0.03003395 0.02981815 0.02366968 0.02519442 0.02847830 0.01993200 0.02314288 0.02881509 0.02704779 0.02729998 0.02887590 0.03083751 0.02746435 0.02998980 0.02559753 0.02765451 0.02658303 0.02566652 0.02734877 0.02705815 0.02470426 0.02663251 0.02405039 0.02753839 0.02644302 0.02743506 
eopsaltria_griseogularis_ku_8850       0.02484678 0.03063209 0.03041289 0.02838547 0.02739092 0.02655812 0.03259569 0.02723874 0.02784197 0.03083439 0.02913352 0.02866483 0.03397647 0.02777341 0.02598652 0.03194218 0.02981346 0.02732377 0.02251490 0.02120995 0.03451366 0.02632544 0.03054033 0.02566429 0.02768831 0.02716876 0.00000000 0.03083517 0.02997435 0.03129139 0.01606887 0.02583803 0.03001525 0.02942809 0.04273330 0.03133095 0.02820592 0.02931898 0.02959550 0.02273337 0.02947992 0.02394475 0.02965254 0.02549288 0.02008608 0.03435411 0.02308685 0.02416829 0.03212219 0.01887605 0.02275406 0.00916229 0.02561724 0.02955502 0.02737670 0.02653042 0.02456767 0.02202714 0.02662876 0.01961471 0.02371564 0.02687864 0.03074096 0.02802886 0.02381308 0.02868537 0.01945616 0.03004243 0.02726691 0.02850863 0.01602853 0.02654394 0.02815444 0.02326062 0.02811517 0.02824647 0.05280009 0.02550906 0.03102487 0.03019573 0.02803406 0.03126557 0.02586553 0.02738661 0.03057288 0.01771082 0.02053967 0.02645666 0.02511507 0.02929024 0.03115936 0.03284214 0.02563486 0.02832258 0.02731272 0.02964190 0.02477023 0.02795007 0.02966409 0.02899165 0.02585582 0.02877926 0.02221587 0.03001437 0.02851526 0.02525260 
eremophila_alpestris_ku_28950          0.02394111 0.03599347 0.03598216 0.02674065 0.02562374 0.03202112 0.03846498 0.03272380 0.02612041 0.03252559 0.03107401 0.03450718 0.03544634 0.02967076 0.03181116 0.03379212 0.02794845 0.03218037 0.02832255 0.02642714 0.04064598 0.03195392 0.03213443 0.03097676 0.02638145 0.02871503 0.03083517 0.00000000 0.02861995 0.03303604 0.02036902 0.03194244 0.03567629 0.03111340 0.04772231 0.02996541 0.02643053 0.03083329 0.03130855 0.02771408 0.03523437 0.02985618 0.02821412 0.03115940 0.01892066 0.03972482 0.02894897 0.02903953 0.03811864 0.03027678 0.02429591 0.01234146 0.03111899 0.03131179 0.02903412 0.02823582 0.02326512 0.02765423 0.03261790 0.02420045 0.02966230 0.03249612 0.02875378 0.02659950 0.02962995 0.02525069 0.02427430 0.03596711 0.02834120 0.03023232 0.01996826 0.03413766 0.03012314 0.02952184 0.02637174 0.03398461 0.05860530 0.02732030 0.02925826 0.03556142 0.03388570 0.02989224 0.02759618 0.02895578 0.02895694 0.02194972 0.02577305 0.03171860 0.03103835 0.02751642 0.03324771 0.03412858 0.03149420 0.03382294 0.02569297 0.03134117 0.03012510 0.02964168 0.02788741 0.02732198 0.02467875 0.02677237 0.02792227 0.03158080 0.03050478 0.03061177 
erythrocercus_mccallii_ku_8688         0.01826312 0.03478341 0.03497596 0.02385981 0.02071131 0.03103463 0.03723140 0.03189540 0.02317920 0.03177196 0.02992404 0.03322248 0.03428867 0.02846118 0.03071102 0.03283403 0.02572838 0.03116747 0.02732204 0.02563391 0.03927859 0.03078828 0.03082462 0.03042116 0.02387511 0.02806748 0.02997435 0.02861995 0.00000000 0.03195528 0.01931254 0.03057685 0.03469346 0.03032643 0.04692064 0.02699897 0.02137153 0.02998709 0.03029696 0.02680881 0.03398855 0.02877083 0.02546972 0.03008671 0.01755932 0.03904867 0.02780057 0.02846131 0.03678341 0.02945762 0.02318430 0.01179739 0.03027725 0.03015642 0.02853080 0.02724986 0.02226797 0.02646824 0.03153902 0.02354448 0.02849747 0.03144772 0.02626554 0.02365787 0.02853255 0.02606703 0.02346094 0.03462144 0.02748762 0.02946223 0.01942862 0.03332762 0.02884167 0.02843005 0.02172706 0.03282044 0.05702127 0.02642684 0.02663089 0.03464138 0.03243190 0.02705856 0.02670899 0.02815367 0.02331213 0.02122015 0.02470724 0.03064778 0.02974042 0.02455398 0.03207200 0.03308657 0.03026660 0.03311766 0.02114632 0.03087266 0.02896118 0.02896719 0.02483924 0.02519372 0.01835457 0.02356460 0.02672615 0.03099070 0.02930349 0.02955795 
estrilda_melpoda_ku_19721              0.02707297 0.03627129 0.03619708 0.03068696 0.02949153 0.03232405 0.03863347 0.03319086 0.03021985 0.03261721 0.03104915 0.03464962 0.03607741 0.02574965 0.03216400 0.03372520 0.03174974 0.03233495 0.02846458 0.02673434 0.04079945 0.03200570 0.03278329 0.03165748 0.02979544 0.02896642 0.03129139 0.03303604 0.03195528 0.00000000 0.01982646 0.03170094 0.03593741 0.02475556 0.04835112 0.03358043 0.03031938 0.03159406 0.02699167 0.02797721 0.03527202 0.02991892 0.03199507 0.03141402 0.02183996 0.04018972 0.02917847 0.02908736 0.03825496 0.03071126 0.02270195 0.01221292 0.03143115 0.02442181 0.02908642 0.02561920 0.02676158 0.02789737 0.03270157 0.02454514 0.02983234 0.03270835 0.03292502 0.03026855 0.02973118 0.03070892 0.02441332 0.03614977 0.02950543 0.02397932 0.02003080 0.03451832 0.02414205 0.02969758 0.03034037 0.03436975 0.05874986 0.01851878 0.03315481 0.03594145 0.03420619 0.03357740 0.02611539 0.02277778 0.03254865 0.02191094 0.02567986 0.03179831 0.03132759 0.03158179 0.03298161 0.03515717 0.03152139 0.03414119 0.02964589 0.03166213 0.03051164 0.02982452 0.03165741 0.03115206 0.02805733 0.03083178 0.02821669 0.03178469 0.01854968 0.03081534 
eulacestoma_nigropectus_ku_16397       0.01836490 0.01776575 0.01723653 0.01852575 0.01868380 0.01434117 0.01873026 0.01493183 0.01810989 0.01987286 0.01786992 0.01867714 0.02224908 0.01763506 0.01422993 0.02039230 0.02045450 0.02075197 0.01491496 0.01218204 0.01992967 0.01358321 0.01906464 0.01329858 0.01995089 0.01865805 0.01606887 0.02036902 0.01931254 0.01982646 0.00000000 0.01279423 0.01758718 0.01878985 0.02714886 0.02012763 0.01819375 0.01859710 0.01918138 0.01325856 0.01539753 0.01526171 0.01871228 0.01288436 0.01651493 0.02003022 0.01440866 0.01708284 0.01811389 0.01544952 0.01676938 0.00783368 0.01275752 0.01855409 0.01899445 0.01742727 0.01783784 0.01309138 0.01322818 0.01245242 0.01232510 0.01577354 0.02004127 0.01795145 0.01116839 0.01806188 0.01161700 0.01722121 0.01740235 0.01822375 0.01182625 0.01816798 0.01798691 0.01478829 0.01776716 0.01841889 0.03259454 0.01616131 0.02009208 0.01873717 0.01459633 0.02046826 0.01640745 0.01758029 0.01968501 0.01175144 0.01288770 0.01787780 0.01386115 0.01860912 0.01975511 0.02089210 0.01287019 0.01457400 0.01755155 0.01959616 0.01267505 0.01824049 0.01885887 0.01849571 0.01772891 0.01845752 0.01351916 0.01913992 0.01809427 0.01460509 
falcunculus_frontatus_uwbm_57627       0.02590903 0.02855779 0.02861085 0.02898055 0.02764108 0.02122212 0.03051285 0.02231006 0.02852947 0.03120675 0.02957071 0.02961810 0.03450166 0.02825079 0.02230849 0.03236442 0.03056158 0.02613597 0.02229459 0.01681154 0.03278779 0.02091146 0.03106903 0.02038273 0.02822063 0.02770202 0.02583803 0.03194244 0.03057685 0.03170094 0.01279423 0.00000000 0.02813431 0.02988986 0.04140147 0.03198343 0.02847099 0.02959377 0.02988105 0.01815290 0.02427730 0.02358754 0.03032960 0.02019602 0.02062247 0.03247375 0.02286529 0.02276099 0.03000272 0.02514093 0.02272672 0.00747861 0.02043592 0.02978126 0.02827382 0.02683255 0.02495273 0.02165248 0.02117414 0.01411126 0.01841077 0.02506316 0.03129909 0.02863115 0.01785429 0.02936769 0.01527960 0.02815918 0.02774349 0.02918509 0.01305071 0.02927545 0.02839769 0.02366652 0.02881874 0.02894642 0.05121669 0.02606897 0.03167204 0.02839941 0.02266519 0.03204865 0.02623268 0.02780490 0.03110112 0.01377570 0.01632214 0.02488866 0.02149291 0.02979868 0.03176524 0.03352170 0.02020395 0.02337345 0.02805781 0.03048748 0.01943367 0.02861299 0.03014504 0.02960044 0.02640949 0.02921935 0.02188639 0.03052666 0.02888550 0.02036373 
foulehaio_carunculatus_ku_26344        0.02909417 0.01237545 0.01237079 0.03305156 0.03156395 0.02865467 0.03183418 0.02991889 0.03261358 0.03554794 0.03376753 0.03389063 0.03827163 0.03253515 0.02839478 0.03658121 0.03451480 0.02691128 0.02635556 0.02337277 0.03422902 0.02845769 0.03523383 0.02787840 0.03205593 0.03190124 0.03001525 0.03567629 0.03469346 0.03593741 0.01758718 0.02813431 0.00000000 0.03421765 0.04223787 0.03619066 0.03257545 0.03399341 0.03409601 0.02477289 0.03172905 0.02788838 0.03444948 0.02786439 0.02332307 0.03022582 0.02716529 0.00811977 0.03128165 0.02951461 0.02626409 0.01031671 0.02778571 0.03407901 0.03190473 0.03134482 0.02890335 0.02602693 0.02888771 0.02166496 0.02616495 0.02851681 0.03553013 0.03295966 0.02608702 0.03340376 0.02150314 0.02347645 0.03203708 0.03326039 0.01733161 0.03332658 0.03285508 0.02802348 0.03283833 0.03310867 0.05255434 0.03009294 0.03567860 0.03180046 0.03050072 0.03603773 0.03054593 0.03201835 0.03530627 0.01936393 0.02275016 0.02635070 0.02744097 0.03379865 0.03601926 0.03796876 0.02785462 0.03092373 0.03206637 0.03436696 0.02685907 0.03269213 0.03417734 0.03365857 0.03029062 0.03327513 0.02640372 0.03467159 0.03324934 0.02713031 
