33
zanclostomus_javanicus   0.00000000 0.03660926 0.03282988 0.03719091 0.02712234 0.02928681 0.02522079 0.03034475 0.02796129 0.02548970 0.02713770 0.02673352 0.02664575 0.02511453 0.02694392 0.02973642 0.02708803 0.02983507 0.03272235 0.02654734 0.02465545 0.02889675 0.02703802 0.02670190 0.02759837 0.02973302 0.02601261 0.03323700 0.02130987 0.02207551 0.03077204 0.04452697 0.03295253 
pitta_guajana            0.03660926 0.00000000 0.02920044 0.03459073 0.02424738 0.02646292 0.02198617 0.02723486 0.02493790 0.02220239 0.02454071 0.02376643 0.02320052 0.02200244 0.02389187 0.02834579 0.02399030 0.02672782 0.03031654 0.02348097 0.02303549 0.02530270 0.02403097 0.02376565 0.02469512 0.02714698 0.02295292 0.03045448 0.03516678 0.01946081 0.02716119 0.04372883 0.02415172 
psittacula_alexandri     0.03282988 0.02920044 0.00000000 0.03068676 0.02000814 0.02220038 0.01808491 0.02324084 0.02038828 0.01793512 0.02077978 0.01926861 0.01918525 0.01765294 0.01937846 0.02478945 0.01944945 0.02306990 0.02688925 0.01891299 0.01963731 0.02099695 0.01960007 0.01919843 0.02047909 0.02286807 0.01886817 0.02672042 0.03179072 0.01596708 0.02352766 0.04100686 0.02737470 
gallus_gallus            0.03719091 0.03459073 0.03068676 0.00000000 0.02440446 0.02611113 0.02177285 0.02761193 0.02486388 0.02257727 0.02350439 0.02340221 0.02307017 0.02183001 0.02350565 0.02902825 0.02388678 0.02666479 0.03116408 0.02327089 0.02265331 0.02491954 0.02392093 0.02361715 0.02483067 0.02718619 0.02324699 0.03068467 0.03543663 0.01916161 0.02702498 0.04478447 0.03074043 
gampsonyx_swainsonii     0.02712234 0.02424738 0.02000814 0.02440446 0.00000000 0.01581728 0.01167446 0.01692220 0.01385325 0.01073854 0.01549171 0.01264139 0.01310976 0.01120118 0.01296718 0.01822671 0.01297298 0.01684532 0.02062674 0.01248982 0.01392991 0.01440823 0.01298421 0.01269567 0.01444100 0.01658119 0.01263606 0.02046081 0.02580990 0.01061124 0.01756184 0.03553778 0.02427746 
nyctibius_grandis        0.02928681 0.02646292 0.02220038 0.02611113 0.01581728 0.00000000 0.01382531 0.01889286 0.01600092 0.01382187 0.01715796 0.01479315 0.01495586 0.01332094 0.01527144 0.02072529 0.01515752 0.01926220 0.02286917 0.01457402 0.01657206 0.01668519 0.01507401 0.01481866 0.01651524 0.01853664 0.01532308 0.02206910 0.02849325 0.01332842 0.01973694 0.03723374 0.02532148 
phegornis_mitchelli      0.02522079 0.02198617 0.01808491 0.02177285 0.01167446 0.01382531 0.00000000 0.01515672 0.01199578 0.00976312 0.01375657 0.01082338 0.01082997 0.00935947 0.01145618 0.01653387 0.01089309 0.01486887 0.01857269 0.01055504 0.01274953 0.01253799 0.01125854 0.01067153 0.01230701 0.01453460 0.01144598 0.01846601 0.02426039 0.00957408 0.01589999 0.03327259 0.02220260 
ardeotis_kori            0.03034475 0.02723486 0.02324084 0.02761193 0.01692220 0.01889286 0.01515672 0.00000000 0.01725188 0.01502760 0.01797892 0.01604461 0.01621550 0.01431498 0.01647158 0.02188110 0.01636957 0.01972262 0.02402382 0.01585736 0.01733867 0.01785280 0.01648364 0.01610750 0.01760239 0.01985239 0.01642562 0.02382109 0.02939187 0.01485521 0.02068107 0.03774737 0.02597358 
phalacrocorax_carbo      0.02796129 0.02493790 0.02038828 0.02486388 0.01385325 0.01600092 0.01199578 0.01725188 0.00000000 0.01191246 0.01559310 0.01278839 0.01323205 0.01133380 0.01335098 0.01916279 0.01194071 0.01725243 0.02148893 0.01148675 0.01480247 0.01469604 0.01255127 0.01245373 0.01477960 0.01697617 0.01336160 0.02096858 0.02641895 0.01150155 0.01805888 0.03656773 0.02439767 
cathartes_aura           0.02548970 0.02220239 0.01793512 0.02257727 0.01073854 0.01382187 0.00976312 0.01502760 0.01191246 0.00000000 0.01380365 0.01063570 0.01083014 0.00919665 0.01128527 0.01622785 0.01088976 0.01503301 0.01864284 0.01035779 0.01229831 0.01251301 0.01099400 0.01054465 0.01236366 0.01472227 0.01070706 0.01890535 0.02429449 0.00898507 0.01617551 0.03343467 0.02247628 
opisthocomus_hoazin      0.02713770 0.02454071 0.02077978 0.02350439 0.01549171 0.01715796 0.01375657 0.01797892 0.01559310 0.01380365 0.00000000 0.01440673 0.01444141 0.01315268 0.01499298 0.01944451 0.01469915 0.01823851 0.02138219 0.01430399 0.01704514 0.01585708 0.01479662 0.01443343 0.01562427 0.01790526 0.01510548 0.02086567 0.02689508 0.01431544 0.01895483 0.03503060 0.02597024 
gavia_immer              0.02673352 0.02376643 0.01926861 0.02340221 0.01264139 0.01479315 0.01082338 0.01604461 0.01278839 0.01063570 0.01440673 0.00000000 0.01196760 0.01007657 0.01215706 0.01795961 0.01161160 0.01621503 0.02012833 0.01109588 0.01370541 0.01348657 0.01162947 0.01140783 0.01336454 0.01551320 0.01202187 0.02005634 0.02585464 0.01034599 0.01677764 0.03474283 0.02342744 
psophia_crepitans        0.02664575 0.02320052 0.01918525 0.02307017 0.01310976 0.01495586 0.01082997 0.01621550 0.01323205 0.01083014 0.01444141 0.01196760 0.00000000 0.01033949 0.01238548 0.01777102 0.01212940 0.01600057 0.02008324 0.01174874 0.01371957 0.01390748 0.01238778 0.01197938 0.01355317 0.01574710 0.01251773 0.01978689 0.02569823 0.01045263 0.01685948 0.03412189 0.02293216 
phoenicopterus_chilensis 0.02511453 0.02200244 0.01765294 0.02183001 0.01120118 0.01332094 0.00935947 0.01431498 0.01133380 0.00919665 0.01315268 0.01007657 0.01033949 0.00000000 0.00820472 0.01627596 0.01047451 0.01447877 0.01865584 0.00982572 0.01263123 0.01196854 0.01049369 0.01026214 0.01191299 0.01405273 0.01078874 0.01824603 0.02418602 0.00920011 0.01511881 0.03253347 0.02190927 
podiceps_auritus         0.02694392 0.02389187 0.01937846 0.02350565 0.01296718 0.01527144 0.01145618 0.01647158 0.01335098 0.01128527 0.01499298 0.01215706 0.01238548 0.00820472 0.00000000 0.01810544 0.01243783 0.01624615 0.02039307 0.01195810 0.01395905 0.01385889 0.01258311 0.01236751 0.01381294 0.01592912 0.01258477 0.01988783 0.02573931 0.01081530 0.01698540 0.03523236 0.02366313 
momotus_momota           0.02973642 0.02834579 0.02478945 0.02902825 0.01822671 0.02072529 0.01653387 0.02188110 0.01916279 0.01622785 0.01944451 0.01795961 0.01777102 0.01627596 0.01810544 0.00000000 0.01816198 0.02152559 0.02522176 0.01768833 0.01722798 0.01956877 0.01808417 0.01792963 0.01900108 0.02134874 0.01753945 0.02520010 0.02842967 0.01553662 0.02257525 0.03752721 0.02738271 
scopus_umbretta          0.02708803 0.02399030 0.01944945 0.02388678 0.01297298 0.01515752 0.01089309 0.01636957 0.01194071 0.01088976 0.01469915 0.01161160 0.01212940 0.01047451 0.01243783 0.01816198 0.00000000 0.01638736 0.02039826 0.00776482 0.01400785 0.01360283 0.01165185 0.01126346 0.01382838 0.01594329 0.01245465 0.01978938 0.02588386 0.01019592 0.01697122 0.03471819 0.02357415 
treron_vernans           0.02983507 0.02672782 0.02306990 0.02666479 0.01684532 0.01926220 0.01486887 0.01972262 0.01725243 0.01503301 0.01823851 0.01621503 0.01600057 0.01447877 0.01624615 0.02152559 0.01638736 0.00000000 0.02370995 0.01574466 0.01708147 0.01753485 0.01647293 0.01611565 0.01725664 0.01952744 0.01645400 0.02348595 0.02939470 0.01469182 0.02017061 0.03758363 0.02581640 
urocolius_indicus        0.03272235 0.03031654 0.02688925 0.03116408 0.02062674 0.02286917 0.01857269 0.02402382 0.02148893 0.01864284 0.02138219 0.02012833 0.02008324 0.01865584 0.02039307 0.02522176 0.02039826 0.02370995 0.00000000 0.02003039 0.01964241 0.02175994 0.02063127 0.02000205 0.02166497 0.02351304 0.01921521 0.02708873 0.03141537 0.01667714 0.02459200 0.04031265 0.02836188 
balaeniceps_rex          0.02654734 0.02348097 0.01891299 0.02327089 0.01248982 0.01457402 0.01055504 0.01585736 0.01148675 0.01035779 0.01430399 0.01109588 0.01174874 0.00982572 0.01195810 0.01768833 0.00776482 0.01574466 0.02003039 0.00000000 0.01373828 0.01323161 0.01104686 0.01070186 0.01322366 0.01537566 0.01212562 0.01971195 0.02546539 0.01019896 0.01672647 0.03450738 0.02351046 
trogon_personata         0.02465545 0.02303549 0.01963731 0.02265331 0.01392991 0.01657206 0.01274953 0.01733867 0.01480247 0.01229831 0.01704514 0.01370541 0.01371957 0.01263123 0.01395905 0.01722798 0.01400785 0.01708147 0.01964241 0.01373828 0.00000000 0.01498169 0.01402859 0.01367155 0.01455470 0.01655123 0.01357219 0.02045265 0.02432473 0.01319456 0.01793851 0.03216294 0.02376412 
phaethon_rubicauda       0.02889675 0.02530270 0.02099695 0.02491954 0.01440823 0.01668519 0.01253799 0.01785280 0.01469604 0.01251301 0.01585708 0.01348657 0.01390748 0.01196854 0.01385889 0.01956877 0.01360283 0.01753485 0.02175994 0.01323161 0.01498169 0.00000000 0.01382981 0.01344887 0.01534283 0.01710128 0.01388774 0.02137563 0.02746405 0.01204364 0.01821169 0.03629155 0.02472442 
eudyptula_minor          0.02703802 0.02403097 0.01960007 0.02392093 0.01298421 0.01507401 0.01125854 0.01648364 0.01255127 0.01099400 0.01479662 0.01162947 0.01238778 0.01049369 0.01258311 0.01808417 0.01165185 0.01647293 0.02063127 0.01104686 0.01402859 0.01382981 0.00000000 0.01123253 0.01385649 0.01600468 0.01257871 0.02012989 0.02621762 0.01059965 0.01727383 0.03498654 0.02350747 
oceanites_oceanicus      0.02670190 0.02376565 0.01919843 0.02361715 0.01269567 0.01481866 0.01067153 0.01610750 0.01245373 0.01054465 0.01443343 0.01140783 0.01197938 0.01026214 0.01236751 0.01792963 0.01126346 0.01611565 0.02000205 0.01070186 0.01367155 0.01344887 0.01123253 0.00000000 0.01358449 0.01581811 0.01227578 0.01980984 0.02579008 0.01026780 0.01691541 0.03479669 0.02323521 
tauraco_erythrolophus    0.02759837 0.02469512 0.02047909 0.02483067 0.01444100 0.01651524 0.01230701 0.01760239 0.01477960 0.01236366 0.01562427 0.01336454 0.01355317 0.01191299 0.01381294 0.01900108 0.01382838 0.01725664 0.02166497 0.01322366 0.01455470 0.01534283 0.01385649 0.01358449 0.00000000 0.01725884 0.01358594 0.02107855 0.02640100 0.01184710 0.01815032 0.03540501 0.02415187 
eurypyga_helias          0.02973302 0.02714698 0.02286807 0.02718619 0.01658119 0.01853664 0.01453460 0.01985239 0.01697617 0.01472227 0.01790526 0.01551320 0.01574710 0.01405273 0.01592912 0.02134874 0.01594329 0.01952744 0.02351304 0.01537566 0.01655123 0.01710128 0.01600468 0.01581811 0.01725884 0.00000000 0.01585117 0.02301287 0.02897089 0.01349702 0.02040729 0.03778760 0.02620033 
tyto_alba                0.02601261 0.02295292 0.01886817 0.02324699 0.01263606 0.01532308 0.01144598 0.01642562 0.01336160 0.01070706 0.01510548 0.01202187 0.01251773 0.01078874 0.01258477 0.01753945 0.01245465 0.01645400 0.01921521 0.01212562 0.01357219 0.01388774 0.01257871 0.01227578 0.01358594 0.01585117 0.00000000 0.01973229 0.02527422 0.01050888 0.01735048 0.03383565 0.02303070 
colibri_coruscans        0.03323700 0.03045448 0.02672042 0.03068467 0.02046081 0.02206910 0.01846601 0.02382109 0.02096858 0.01890535 0.02086567 0.02005634 0.01978689 0.01824603 0.01988783 0.02520010 0.01978938 0.02348595 0.02708873 0.01971195 0.02045265 0.02137563 0.02012989 0.01980984 0.02107855 0.02301287 0.01973229 0.00000000 0.03140642 0.01720898 0.02381516 0.04076565 0.02898629 
megalaima_virens         0.02130987 0.03516678 0.03179072 0.03543663 0.02580990 0.02849325 0.02426039 0.02939187 0.02641895 0.02429449 0.02689508 0.02585464 0.02569823 0.02418602 0.02573931 0.02842967 0.02588386 0.02939470 0.03141537 0.02546539 0.02432473 0.02746405 0.02621762 0.02579008 0.02640100 0.02897089 0.02527422 0.03140642 0.00000000 0.02270224 0.02991038 0.04344107 0.03248312 
micrastur_semitorquatus  0.02207551 0.01946081 0.01596708 0.01916161 0.01061124 0.01332842 0.00957408 0.01485521 0.01150155 0.00898507 0.01431544 0.01034599 0.01045263 0.00920011 0.01081530 0.01553662 0.01019592 0.01469182 0.01667714 0.01019896 0.01319456 0.01204364 0.01059965 0.01026780 0.01184710 0.01349702 0.01050888 0.01720898 0.02270224 0.00000000 0.01518156 0.03118936 0.02183020 
pterocles                0.03077204 0.02716119 0.02352766 0.02702498 0.01756184 0.01973694 0.01589999 0.02068107 0.01805888 0.01617551 0.01895483 0.01677764 0.01685948 0.01511881 0.01698540 0.02257525 0.01697122 0.02017061 0.02459200 0.01672647 0.01793851 0.01821169 0.01727383 0.01691541 0.01815032 0.02040729 0.01735048 0.02381516 0.02991038 0.01518156 0.00000000 0.03815439 0.02768086 
rhinopomastus_cyanomelas 0.04452697 0.04372883 0.04100686 0.04478447 0.03553778 0.03723374 0.03327259 0.03774737 0.03656773 0.03343467 0.03503060 0.03474283 0.03412189 0.03253347 0.03523236 0.03752721 0.03471819 0.03758363 0.04031265 0.03450738 0.03216294 0.03629155 0.03498654 0.03479669 0.03540501 0.03778760 0.03383565 0.04076565 0.04344107 0.03118936 0.03815439 0.00000000 0.04017783 
vidua_macroura           0.03295253 0.02415172 0.02737470 0.03074043 0.02427746 0.02532148 0.02220260 0.02597358 0.02439767 0.02247628 0.02597024 0.02342744 0.02293216 0.02190927 0.02366313 0.02738271 0.02357415 0.02581640 0.02836188 0.02351046 0.02376412 0.02472442 0.02350747 0.02323521 0.02415187 0.02620033 0.02303070 0.02898629 0.03248312 0.02183020 0.02768086 0.04017783 0.00000000 
