33
zanclostomus_javanicus   0.00000000 0.03680125 0.03298322 0.03737299 0.02723229 0.02936315 0.02530122 0.03048660 0.02806660 0.02557382 0.02724910 0.02683800 0.02677498 0.02522494 0.02704476 0.02984195 0.02719021 0.02994822 0.03288405 0.02664795 0.02473074 0.02899772 0.02712843 0.02679193 0.02769629 0.02984889 0.02609614 0.03339595 0.02136991 0.02212196 0.03085485 0.04466648 0.03318416 
pitta_guajana            0.03680125 0.00000000 0.02931157 0.03474697 0.02433610 0.02653039 0.02206134 0.02733228 0.02504816 0.02227089 0.02466599 0.02385500 0.02329091 0.02208679 0.02397126 0.02845784 0.02408103 0.02683083 0.03043826 0.02357855 0.02310998 0.02539381 0.02411694 0.02384132 0.02478748 0.02725719 0.02304568 0.03059364 0.03530356 0.01952885 0.02723675 0.04387826 0.02429973 
psittacula_alexandri     0.03298322 0.02931157 0.00000000 0.03082176 0.02007154 0.02224050 0.01813320 0.02332335 0.02046250 0.01798033 0.02087365 0.01932792 0.01924933 0.01770062 0.01943459 0.02485957 0.01951248 0.02313329 0.02699825 0.01896493 0.01968105 0.02106533 0.01965327 0.01924271 0.02053796 0.02295054 0.01892857 0.02682034 0.03191079 0.01600377 0.02358573 0.04114634 0.02755023 
gallus_gallus            0.03737299 0.03474697 0.03082176 0.00000000 0.02450843 0.02617849 0.02185795 0.02773222 0.02497106 0.02265615 0.02362827 0.02350802 0.02318343 0.02192108 0.02360136 0.02915116 0.02398896 0.02675920 0.03130234 0.02336920 0.02272647 0.02502476 0.02401326 0.02369599 0.02493259 0.02730707 0.02333191 0.03083206 0.03559686 0.01921744 0.02712444 0.04494719 0.03095387 
gampsonyx_swainsonii     0.02723229 0.02433610 0.02007154 0.02450843 0.00000000 0.01584879 0.01170373 0.01697230 0.01387553 0.01076230 0.01555998 0.01267125 0.01313684 0.01122688 0.01300062 0.01827422 0.01300102 0.01689557 0.02069114 0.01251806 0.01395195 0.01444586 0.01300831 0.01271929 0.01448007 0.01663283 0.01266971 0.02052352 0.02586505 0.01063140 0.01761175 0.03565297 0.02444438 
nyctibius_grandis        0.02936315 0.02653039 0.02224050 0.02617849 0.01584879 0.00000000 0.01384683 0.01893557 0.01602752 0.01384647 0.01721853 0.01482200 0.01498243 0.01335233 0.01529894 0.02075379 0.01518416 0.01929323 0.02293141 0.01459241 0.01659710 0.01671048 0.01509339 0.01483199 0.01654030 0.01856835 0.01534911 0.02213380 0.02857367 0.01335523 0.01975526 0.03730354 0.02545432 
phegornis_mitchelli      0.02530122 0.02206134 0.01813320 0.02185795 0.01170373 0.01384683 0.00000000 0.01519995 0.01201986 0.00978236 0.01380535 0.01084199 0.01085522 0.00937861 0.01148398 0.01657420 0.01091286 0.01490550 0.01864844 0.01057886 0.01276943 0.01256768 0.01127942 0.01069167 0.01233710 0.01457206 0.01147537 0.01852426 0.02432971 0.00958969 0.01592964 0.03335055 0.02231932 
ardeotis_kori            0.03048660 0.02733228 0.02332335 0.02773222 0.01697230 0.01893557 0.01519995 0.00000000 0.01730118 0.01506270 0.01805153 0.01609646 0.01627506 0.01435912 0.01651534 0.02194789 0.01642472 0.01977208 0.02410953 0.01589813 0.01737683 0.01790412 0.01653239 0.01615025 0.01765272 0.01992057 0.01647612 0.02391690 0.02951037 0.01488715 0.02074372 0.03786477 0.02610614 
phalacrocorax_carbo      0.02806660 0.02504816 0.02046250 0.02497106 0.01387553 0.01602752 0.01201986 0.01730118 0.00000000 0.01193791 0.01566537 0.01281378 0.01327251 0.01135911 0.01338024 0.01921843 0.01197264 0.01729248 0.02156973 0.01151322 0.01483830 0.01473453 0.01257742 0.01248066 0.01481957 0.01702694 0.01339559 0.02105458 0.02649548 0.01152728 0.01809237 0.03669268 0.02456285 
cathartes_aura           0.02557382 0.02227089 0.01798033 0.02265615 0.01076230 0.01384647 0.00978236 0.01506270 0.01193791 0.00000000 0.01385473 0.01066003 0.01085648 0.00921700 0.01130803 0.01625993 0.01091472 0.01507020 0.01870989 0.01037587 0.01231231 0.01254004 0.01100807 0.01056055 0.01238471 0.01474915 0.01072679 0.01896200 0.02436498 0.00900110 0.01621580 0.03350464 0.02259241 
opisthocomus_hoazin      0.02724910 0.02466599 0.02087365 0.02362827 0.01555998 0.01721853 0.01380535 0.01805153 0.01566537 0.01385473 0.00000000 0.01446299 0.01450262 0.01320712 0.01506168 0.01952436 0.01475681 0.01831824 0.02148616 0.01436450 0.01710016 0.01593144 0.01486135 0.01449101 0.01570430 0.01798070 0.01517561 0.02098687 0.02701102 0.01440235 0.01903023 0.03517805 0.02612484 
gavia_immer              0.02683800 0.02385500 0.01932792 0.02350802 0.01267125 0.01482200 0.01084199 0.01609646 0.01281378 0.01066003 0.01446299 0.00000000 0.01199586 0.01010142 0.01218701 0.01800597 0.01163724 0.01625838 0.02021447 0.01112088 0.01373972 0.01352261 0.01165326 0.01143191 0.01340300 0.01556298 0.01205313 0.02012746 0.02594638 0.01037581 0.01681505 0.03484021 0.02356005 
psophia_crepitans        0.02677498 0.02329091 0.01924933 0.02318343 0.01313684 0.01498243 0.01085522 0.01627506 0.01327251 0.01085648 0.01450262 0.01199586 0.00000000 0.01035574 0.01242084 0.01782862 0.01216236 0.01604444 0.02016990 0.01177688 0.01374860 0.01394665 0.01241389 0.01200682 0.01359483 0.01579480 0.01255015 0.01986714 0.02580039 0.01047532 0.01690806 0.03422968 0.02307904 
phoenicopterus_chilensis 0.02522494 0.02208679 0.01770062 0.02192108 0.01122688 0.01335233 0.00937861 0.01435912 0.01135911 0.00921700 0.01320712 0.01010142 0.01035574 0.00000000 0.00822671 0.01632681 0.01050346 0.01451689 0.01873708 0.00984584 0.01265198 0.01199916 0.01051287 0.01028632 0.01194759 0.01409515 0.01082492 0.01831468 0.02427391 0.00922130 0.01516217 0.03260477 0.02203725 
podiceps_auritus         0.02704476 0.02397126 0.01943459 0.02360136 0.01300062 0.01529894 0.01148398 0.01651534 0.01338024 0.01130803 0.01506168 0.01218701 0.01242084 0.00822671 0.00000000 0.01814920 0.01246607 0.01629832 0.02047270 0.01198334 0.01398150 0.01389267 0.01261123 0.01239193 0.01384759 0.01597816 0.01261840 0.01996453 0.02581427 0.01084059 0.01703335 0.03533686 0.02381090 
momotus_momota           0.02984195 0.02845784 0.02485957 0.02915116 0.01827422 0.02075379 0.01657420 0.02194789 0.01921843 0.01625993 0.01952436 0.01800597 0.01782862 0.01632681 0.01814920 0.00000000 0.01821341 0.02159159 0.02531325 0.01773393 0.01726945 0.01962297 0.01813009 0.01796644 0.01904636 0.02140997 0.01757846 0.02529222 0.02854305 0.01556710 0.02263084 0.03764782 0.02754872 
scopus_umbretta          0.02719021 0.02408103 0.01951248 0.02398896 0.01300102 0.01518416 0.01091286 0.01642472 0.01197264 0.01091472 0.01475681 0.01163724 0.01216236 0.01050346 0.01246607 0.01821341 0.00000000 0.01643215 0.02047746 0.00777350 0.01403627 0.01363540 0.01167934 0.01128918 0.01386499 0.01599851 0.01249004 0.01986270 0.02596854 0.01021901 0.01701329 0.03480977 0.02371667 
treron_vernans           0.02994822 0.02683083 0.02313329 0.02675920 0.01689557 0.01929323 0.01490550 0.01977208 0.01729248 0.01507020 0.01831824 0.01625838 0.01604444 0.01451689 0.01629832 0.02159159 0.01643215 0.00000000 0.02380839 0.01577974 0.01713055 0.01756792 0.01650710 0.01615102 0.01729935 0.01958806 0.01649937 0.02356786 0.02952147 0.01472636 0.02022684 0.03769184 0.02597672 
urocolius_indicus        0.03288405 0.03043826 0.02699825 0.03130234 0.02069114 0.02293141 0.01864844 0.02410953 0.02156973 0.01870989 0.02148616 0.02021447 0.02016990 0.01873708 0.02047270 0.02531325 0.02047746 0.02380839 0.00000000 0.02010349 0.01970898 0.02184063 0.02070892 0.02006566 0.02174774 0.02360675 0.01929023 0.02722512 0.03156616 0.01673071 0.02467875 0.04045702 0.02855464 
balaeniceps_rex          0.02664795 0.02357855 0.01896493 0.02336920 0.01251806 0.01459241 0.01057886 0.01589813 0.01151322 0.01037587 0.01436450 0.01112088 0.01177688 0.00984584 0.01198334 0.01773393 0.00777350 0.01577974 0.02010349 0.00000000 0.01376149 0.01326071 0.01106553 0.01072213 0.01325781 0.01540500 0.01214991 0.01977761 0.02554622 0.01022098 0.01676548 0.03459242 0.02363338 
trogon_personata         0.02473074 0.02310998 0.01968105 0.02272647 0.01395195 0.01659710 0.01276943 0.01737683 0.01483830 0.01231231 0.01710016 0.01373972 0.01374860 0.01265198 0.01398150 0.01726945 0.01403627 0.01713055 0.01970898 0.01376149 0.00000000 0.01501441 0.01404726 0.01368578 0.01457026 0.01659027 0.01359474 0.02052905 0.02439644 0.01320425 0.01797677 0.03224107 0.02381237 
phaethon_rubicauda       0.02899772 0.02539381 0.02106533 0.02502476 0.01444586 0.01671048 0.01256768 0.01790412 0.01473453 0.01254004 0.01593144 0.01352261 0.01394665 0.01199916 0.01389267 0.01962297 0.01363540 0.01756792 0.02184063 0.01326071 0.01501441 0.00000000 0.01386125 0.01347582 0.01538390 0.01716607 0.01392002 0.02145490 0.02755926 0.01206835 0.01825158 0.03639415 0.02486595 
eudyptula_minor          0.02712843 0.02411694 0.01965327 0.02401326 0.01300831 0.01509339 0.01127942 0.01653239 0.01257742 0.01100807 0.01486135 0.01165326 0.01241389 0.01051287 0.01261123 0.01813009 0.01167934 0.01650710 0.02070892 0.01106553 0.01404726 0.01386125 0.00000000 0.01125544 0.01388426 0.01604568 0.01260606 0.02019707 0.02629864 0.01063259 0.01731279 0.03507885 0.02366671 
oceanites_oceanicus      0.02679193 0.02384132 0.01924271 0.02369599 0.01271929 0.01483199 0.01069167 0.01615025 0.01248066 0.01056055 0.01449101 0.01143191 0.01200682 0.01028632 0.01239193 0.01796644 0.01128918 0.01615102 0.02006566 0.01072213 0.01368578 0.01347582 0.01125544 0.00000000 0.01361461 0.01585384 0.01230494 0.01987544 0.02586646 0.01028710 0.01694959 0.03488761 0.02337238 
tauraco_erythrolophus    0.02769629 0.02478748 0.02053796 0.02493259 0.01448007 0.01654030 0.01233710 0.01765272 0.01481957 0.01238471 0.01570430 0.01340300 0.01359483 0.01194759 0.01384759 0.01904636 0.01386499 0.01729935 0.02174774 0.01325781 0.01457026 0.01538390 0.01388426 0.01361461 0.00000000 0.01730293 0.01362126 0.02115602 0.02648457 0.01187003 0.01819434 0.03551247 0.02426213 
eurypyga_helias          0.02984889 0.02725719 0.02295054 0.02730707 0.01663283 0.01856835 0.01457206 0.01992057 0.01702694 0.01474915 0.01798070 0.01556298 0.01579480 0.01409515 0.01597816 0.02140997 0.01599851 0.01958806 0.02360675 0.01540500 0.01659027 0.01716607 0.01604568 0.01585384 0.01730293 0.00000000 0.01588608 0.02310663 0.02907097 0.01353207 0.02045549 0.03790354 0.02639176 
tyto_alba                0.02609614 0.02304568 0.01892857 0.02333191 0.01266971 0.01534911 0.01147537 0.01647612 0.01339559 0.01072679 0.01517561 0.01205313 0.01255015 0.01082492 0.01261840 0.01757846 0.01249004 0.01649937 0.01929023 0.01214991 0.01359474 0.01392002 0.01260606 0.01230494 0.01362126 0.01588608 0.00000000 0.01980685 0.02534063 0.01053338 0.01738885 0.03391408 0.02315089 
colibri_coruscans        0.03339595 0.03059364 0.02682034 0.03083206 0.02052352 0.02213380 0.01852426 0.02391690 0.02105458 0.01896200 0.02098687 0.02012746 0.01986714 0.01831468 0.01996453 0.02529222 0.01986270 0.02356786 0.02722512 0.01977761 0.02052905 0.02145490 0.02019707 0.01987544 0.02115602 0.02310663 0.01980685 0.00000000 0.03155103 0.01726495 0.02392043 0.04090187 0.02914802 
megalaima_virens         0.02136991 0.03530356 0.03191079 0.03559686 0.02586505 0.02857367 0.02432971 0.02951037 0.02649548 0.02436498 0.02701102 0.02594638 0.02580039 0.02427391 0.02581427 0.02854305 0.02596854 0.02952147 0.03156616 0.02554622 0.02439644 0.02755926 0.02629864 0.02586646 0.02648457 0.02907097 0.02534063 0.03155103 0.00000000 0.02272149 0.02998671 0.04354124 0.03266740 
micrastur_semitorquatus  0.02212196 0.01952885 0.01600377 0.01921744 0.01063140 0.01335523 0.00958969 0.01488715 0.01152728 0.00900110 0.01440235 0.01037581 0.01047532 0.00922130 0.01084059 0.01556710 0.01021901 0.01472636 0.01673071 0.01022098 0.01320425 0.01206835 0.01063259 0.01028710 0.01187003 0.01353207 0.01053338 0.01726495 0.02272149 0.00000000 0.01522545 0.03125976 0.02190926 
pterocles                0.03085485 0.02723675 0.02358573 0.02712444 0.01761175 0.01975526 0.01592964 0.02074372 0.01809237 0.01621580 0.01903023 0.01681505 0.01690806 0.01516217 0.01703335 0.02263084 0.01701329 0.02022684 0.02467875 0.01676548 0.01797677 0.01825158 0.01731279 0.01694959 0.01819434 0.02045549 0.01738885 0.02392043 0.02998671 0.01522545 0.00000000 0.03821138 0.02781640 
rhinopomastus_cyanomelas 0.04466648 0.04387826 0.04114634 0.04494719 0.03565297 0.03730354 0.03335055 0.03786477 0.03669268 0.03350464 0.03517805 0.03484021 0.03422968 0.03260477 0.03533686 0.03764782 0.03480977 0.03769184 0.04045702 0.03459242 0.03224107 0.03639415 0.03507885 0.03488761 0.03551247 0.03790354 0.03391408 0.04090187 0.04354124 0.03125976 0.03821138 0.00000000 0.04045541 
vidua_macroura           0.03318416 0.02429973 0.02755023 0.03095387 0.02444438 0.02545432 0.02231932 0.02610614 0.02456285 0.02259241 0.02612484 0.02356005 0.02307904 0.02203725 0.02381090 0.02754872 0.02371667 0.02597672 0.02855464 0.02363338 0.02381237 0.02486595 0.02366671 0.02337238 0.02426213 0.02639176 0.02315089 0.02914802 0.03266740 0.02190926 0.02781640 0.04045541 0.00000000 
