10
anolis_carolinensis        0.00000000 0.12868910 0.08624261 0.09305976 0.09007970 0.07771031 0.07443842 0.07897402 0.07202035 0.06291709 
homo_sapiens               0.12868910 0.00000000 0.16863916 0.09755335 0.09443252 0.08098037 0.07938188 0.08292242 0.07805126 0.07347803 
pantherophis_guttata       0.08624261 0.16863916 0.00000000 0.13118738 0.12814181 0.11345397 0.11008027 0.11469629 0.10534414 0.09626845 
zebra_finch                0.09305976 0.09755335 0.13118738 0.00000000 0.03144269 0.03963742 0.03839689 0.04436939 0.04406349 0.04235318 
gallus_gallus              0.09007970 0.09443252 0.12814181 0.03144269 0.00000000 0.03676258 0.03566318 0.04127461 0.04101715 0.03968851 
alligator_mississippiensis 0.07771031 0.08098037 0.11345397 0.03963742 0.03676258 0.00000000 0.00511221 0.02781588 0.03003668 0.02985513 
crocodylus_porosus         0.07443842 0.07938188 0.11008027 0.03839689 0.03566318 0.00511221 0.00000000 0.02701650 0.03005840 0.02962613 
chrysemys_picta            0.07897402 0.08292242 0.11469629 0.04436939 0.04127461 0.02781588 0.02701650 0.00000000 0.02004648 0.03138453 
pelomedusa_subrufa         0.07202035 0.07805126 0.10534414 0.04406349 0.04101715 0.03003668 0.03005840 0.02004648 0.00000000 0.03498009 
sphenodon_tuatara          0.06291709 0.07347803 0.09626845 0.04235318 0.03968851 0.02985513 0.02962613 0.03138453 0.03498009 0.00000000 
