18
cyrtonyx_montezumae       0.00000000 0.02777610 0.02891049 0.02854249 0.02811488 0.02825207 0.02660017 0.02842051 0.02762833 0.02814740 0.03026698 0.02720765 0.03014714 0.02805240 0.03067999 0.01438783 0.01430021 0.02740250 
alectoris_rufa            0.02777610 0.00000000 0.01672328 0.01650804 0.01634046 0.01542333 0.01525082 0.01653521 0.01654196 0.01637893 0.01819162 0.01471506 0.01807683 0.01629475 0.02189112 0.00729941 0.00758163 0.01586177 
catreus_wallichi          0.02891049 0.01672328 0.00000000 0.00488389 0.00400095 0.01740133 0.00886007 0.00434870 0.00361338 0.00442964 0.01150430 0.01653191 0.00995832 0.00485107 0.02270119 0.00205694 0.00209811 0.01008187 
chrysolophus_pictus       0.02854249 0.01650804 0.00488389 0.00000000 0.00446324 0.01704132 0.00857690 0.00460735 0.00376391 0.00457886 0.01119647 0.01615965 0.00983415 0.00459904 0.02221496 0.00192071 0.00201901 0.00971353 
crossoptilon_crossoptilon 0.02811488 0.01634046 0.00400095 0.00446324 0.00000000 0.01689556 0.00850200 0.00395831 0.00324382 0.00394659 0.01113769 0.01596101 0.00963070 0.00439864 0.02218851 0.00185961 0.00192157 0.00969519 
galgal4                   0.02825207 0.01542333 0.01740133 0.01704132 0.01689556 0.00000000 0.01462651 0.01713950 0.01581394 0.01705770 0.01875594 0.01496234 0.01833796 0.01684240 0.02132726 0.00795842 0.00806553 0.01566843 
lophophorus_impejanus     0.02660017 0.01525082 0.00886007 0.00857690 0.00850200 0.01462651 0.00000000 0.00860924 0.00838332 0.00860102 0.01000547 0.01369265 0.01041253 0.00841527 0.02019026 0.00385130 0.00403171 0.00790871 
lophura_inornata          0.02842051 0.01653521 0.00434870 0.00460735 0.00395831 0.01713950 0.00860924 0.00000000 0.00252004 0.00356428 0.01121536 0.01609129 0.00976925 0.00440990 0.02234094 0.00183474 0.00192519 0.00977686 
lophura_nycthemera        0.02762833 0.01654196 0.00361338 0.00376391 0.00324382 0.01581394 0.00838332 0.00252004 0.00000000 0.00275209 0.01014999 0.01493231 0.00908800 0.00368251 0.02124163 0.00166553 0.00167132 0.00931269 
lophura_swinhoii          0.02814740 0.01637893 0.00442964 0.00457886 0.00394659 0.01705770 0.00860102 0.00356428 0.00275209 0.00000000 0.01132408 0.01617941 0.00985139 0.00442775 0.02219935 0.00187637 0.00192817 0.00964776 
melgal2                   0.03026698 0.01819162 0.01150430 0.01119647 0.01113769 0.01875594 0.01000547 0.01121536 0.01014999 0.01132408 0.00000000 0.01762933 0.01272851 0.01106519 0.02365624 0.00491024 0.00508738 0.01111410 
pavo_cristatus            0.02720765 0.01471506 0.01653191 0.01615965 0.01596101 0.01496234 0.01369265 0.01609129 0.01493231 0.01617941 0.01762933 0.00000000 0.01746857 0.01612539 0.02091149 0.00744943 0.00760925 0.01482343 
perdix                    0.03014714 0.01807683 0.00995832 0.00983415 0.00963070 0.01833796 0.01041253 0.00976925 0.00908800 0.00985139 0.01272851 0.01746857 0.00000000 0.00968540 0.02385071 0.00420267 0.00437850 0.01142888 
phasianus_colchicus       0.02805240 0.01629475 0.00485107 0.00459904 0.00439864 0.01684240 0.00841527 0.00440990 0.00368251 0.00442775 0.01106519 0.01612539 0.00968540 0.00000000 0.02211767 0.00173964 0.00177324 0.00954929 
rollulus_rouloul          0.03067999 0.02189112 0.02270119 0.02221496 0.02218851 0.02132726 0.02019026 0.02234094 0.02124163 0.02219935 0.02365624 0.02091149 0.02385071 0.02211767 0.00000000 0.01011850 0.01049903 0.02103983 
syrmaticus_ellioti        0.01438783 0.00729941 0.00205694 0.00192071 0.00185961 0.00795842 0.00385130 0.00183474 0.00166553 0.00187637 0.00491024 0.00744943 0.00420267 0.00173964 0.01011850 0.00000000 0.00152613 0.00455811 
syrmaticus_reevesii       0.01430021 0.00758163 0.00209811 0.00201901 0.00192157 0.00806553 0.00403171 0.00192519 0.00167132 0.00192817 0.00508738 0.00760925 0.00437850 0.00177324 0.01049903 0.00152613 0.00000000 0.00471367 
tragopan_blythii          0.02740250 0.01586177 0.01008187 0.00971353 0.00969519 0.01566843 0.00790871 0.00977686 0.00931269 0.00964776 0.01111410 0.01482343 0.01142888 0.00954929 0.02103983 0.00455811 0.00471367 0.00000000 
