187
Acromyrmex_echinatior_Genome         0.0000000 0.2806996 0.2861101 0.7431202 0.0143001 0.2608404 0.2568396 0.1153986 0.0910519 0.4858623 0.1211013 0.7319919 0.8628707 0.7323571 0.2763670 0.2489124 0.2592117 0.1509733 0.1040656 0.2614805 0.2602243 0.7197173 0.0670137 0.6325629 0.7144490 0.0762688 0.0579959 0.9213067 0.0650718 0.0495246 0.7556180 0.2949269 0.3522179 0.2657983 0.2320896 0.2671824 0.2562075 0.2915396 0.6731980 0.2827918 0.2682161 0.1755365 0.2639480 0.2426920 0.3012297 0.6174845 0.2355934 0.6228180 0.2638702 0.2377746 0.2470687 0.2743933 0.2958128 0.2642108 0.3990494 0.2804564 0.2809820 0.2630420 0.2416875 0.2877974 0.2366506 0.2483800 0.3362283 0.3051854 0.2619381 0.2777945 0.2860500 0.4171199 0.3304515 0.4151848 0.5810401 0.3218477 0.3870618 0.3167777 0.2844547 0.3912937 0.2989439 0.4614625 0.2736880 0.2690183 0.2676465 0.4593110 0.5350850 0.6259074 0.2943813 0.3551480 0.2615203 0.2719379 0.2539789 0.5150122 0.2718493 0.2449376 0.3475843 0.2881413 0.7278191 0.2412015 0.3704814 0.3768961 0.3749693 0.6187399 0.3268067 0.2570076 0.2964808 0.5455862 0.6638672 0.2365429 0.3026536 0.3364501 0.5734719 0.4589223 0.3158693 0.4468529 0.3300976 0.2383008 0.5447749 0.2889082 0.2859550 0.2241586 0.3085230 0.2593154 0.3291171 0.3373287 0.2413165 0.3377668 0.3024050 0.3273749 0.4520717 0.3666876 0.4844842 0.2358247 0.2449208 0.3766954 0.2430811 0.3069179 0.6135942 0.3081634 0.2636490 0.2790075 0.2648465 0.2628739 0.2955863 0.3404822 0.2789977 0.3331002 0.2115366 0.2860462 0.1389689 0.3187233 0.4555707 0.6822455 0.5961168 0.2401770 0.2745121 0.3134221 0.2697120 0.5065175 0.3200303 0.3048537 0.3006974 0.2437597 0.4888306 0.5021715 0.2702435 0.6527830 0.0965367 0.3815569 0.7007025 0.2268902 0.3179181 0.4572707 0.5410136 0.2480563 0.7629081 0.2361274 0.4752423 0.4718030 0.5262673 0.2550281 0.2770773 0.2563973 0.3249370 0.2518053 0.2615685 0.5057361 0.7649867 0.1877107 0.2534006 
Apis_mellifera_Genome                0.2806996 0.0000000 0.2726544 0.7120930 0.2645384 0.0991117 0.1024384 0.2891195 0.3048622 0.4474152 0.2751917 0.6689199 0.7659104 0.7141738 0.1601092 0.0917722 0.1130433 0.2806840 0.2655380 0.1336936 0.1115475 0.7081447 0.2929649 0.6220767 0.6701239 0.2812555 0.2846164 0.8414079 0.2820851 0.2801440 0.7319103 0.1683497 0.2897115 0.2309549 0.1261571 0.1450852 0.1352401 0.2638952 0.5974741 0.1659874 0.1545138 0.1648420 0.2026062 0.0910627 0.2796621 0.5771286 0.1301624 0.5994731 0.1530587 0.1353051 0.1008711 0.1452777 0.2181424 0.2057834 0.3860815 0.2835278 0.2747965 0.1402239 0.1347499 0.2710577 0.1285109 0.1082893 0.3477733 0.2911176 0.1542738 0.1580628 0.1619675 0.3914354 0.2769602 0.3676341 0.5778805 0.3216656 0.3445783 0.1840426 0.1489500 0.3804957 0.1635209 0.4244723 0.1486449 0.2000295 0.1455643 0.4708173 0.5293241 0.5805821 0.1730170 0.3615884 0.1468476 0.1228967 0.1543107 0.5142057 0.1426156 0.1477847 0.3266812 0.2899494 0.6939789 0.1817571 0.3373879 0.3437924 0.3477624 0.5991024 0.3135497 0.2425048 0.2684106 0.5303544 0.6283417 0.1336271 0.2455101 0.3130772 0.5090368 0.4342594 0.2887631 0.4335580 0.3019368 0.1295043 0.5221116 0.2789008 0.1686526 0.1670614 0.2513997 0.1070921 0.2568811 0.3116910 0.1802049 0.3225829 0.2826652 0.2668614 0.4277146 0.3550701 0.4705331 0.2192828 0.1366008 0.3444452 0.1798958 0.2816217 0.6071068 0.2956357 0.1502356 0.2134580 0.2504592 0.2509029 0.2662399 0.3196663 0.2406852 0.3168896 0.1725084 0.1705612 0.2698322 0.2520031 0.4385060 0.6048002 0.5745120 0.1475676 0.1343657 0.2871650 0.1516833 0.4542073 0.3149151 0.2342837 0.2627580 0.1331212 0.4487849 0.4582085 0.1237678 0.6339337 0.2739452 0.3549984 0.6590589 0.1587594 0.3046695 0.4518018 0.5077208 0.0903888 0.6982636 0.1266889 0.4524626 0.4740992 0.4830717 0.1194905 0.2562689 0.1356263 0.2925037 0.2344765 0.2478574 0.4892151 0.7336211 0.1831841 0.1807530 
Apterogyna_za01_Genome               0.2861101 0.2726544 0.0000000 0.6415298 0.2750349 0.2598924 0.2632566 0.2882318 0.2891992 0.4357938 0.2886573 0.6869845 0.7577467 0.6952346 0.2645782 0.2459763 0.2505171 0.2823407 0.2817154 0.2641746 0.2646612 0.6803389 0.2753068 0.5883085 0.6115459 0.2806709 0.2792722 0.8886745 0.2845655 0.2800900 0.6548626 0.2644645 0.3407566 0.2581211 0.2228419 0.2580903 0.2482337 0.2532137 0.5864572 0.2550967 0.2715362 0.1544366 0.2476723 0.2561395 0.2925345 0.5752351 0.2544251 0.6158177 0.2721037 0.2457168 0.2436609 0.2747306 0.2711554 0.2591462 0.3846768 0.2764459 0.2801671 0.2712351 0.2374076 0.2922589 0.2335492 0.2447514 0.3392149 0.2899299 0.2627001 0.2633867 0.3018945 0.3904177 0.3099025 0.3883247 0.5484763 0.3097799 0.3607877 0.3019581 0.2957976 0.4028698 0.2720654 0.4550665 0.2684184 0.2614942 0.2610405 0.4755398 0.4974707 0.5582188 0.2772343 0.3376817 0.2555963 0.2679760 0.2602099 0.4946518 0.2649196 0.2532920 0.3292915 0.2635295 0.6397188 0.2418814 0.3302229 0.2941765 0.3514067 0.5708140 0.3064079 0.2386218 0.2914882 0.4828022 0.6397460 0.2555300 0.2902981 0.3122443 0.4792658 0.4298963 0.3059113 0.4625138 0.3053163 0.2658375 0.5269235 0.2801555 0.2777913 0.2276564 0.2985887 0.2661304 0.3038237 0.3030858 0.2559050 0.3039402 0.2749780 0.2804134 0.4348016 0.3451402 0.4582404 0.2145153 0.2347193 0.3557161 0.2551513 0.2905882 0.5435509 0.3092051 0.2572895 0.2465557 0.2504319 0.2386537 0.3144416 0.3323264 0.3020306 0.3212761 0.2102271 0.2716158 0.2749207 0.2743761 0.4235431 0.5893154 0.5670125 0.2322805 0.2842663 0.2908071 0.2763517 0.4760567 0.3057517 0.2775497 0.2764452 0.2382452 0.4605012 0.4533444 0.2506810 0.6218998 0.2651365 0.3543218 0.6653404 0.2293507 0.2687666 0.4086253 0.4816709 0.2239855 0.6451276 0.2499914 0.4368825 0.4532928 0.4790899 0.2425930 0.2598261 0.2560271 0.3046625 0.1828534 0.2556778 0.4754981 0.7425599 0.0103172 0.2493249 
Athalia_rosae_Genome                 0.7431202 0.7120930 0.6415298 0.0000000 0.7055960 0.6774047 0.6583274 0.7504288 0.7423441 0.6802789 0.7234650 1.0446357 1.1091314 1.0689449 0.6698752 0.6661821 0.6658901 0.7240171 0.7007840 0.6487085 0.6444198 1.0086652 0.7186904 0.9434551 0.3607883 0.7306544 0.7258066 1.2218277 0.7156728 0.7222699 0.3991911 0.6887391 0.7646513 0.6756903 0.6095022 0.6761691 0.6579537 0.6928413 0.4673434 0.6762551 0.6588340 0.4792678 0.6318119 0.6236537 0.7395905 0.8916065 0.6305985 0.8774262 0.6518656 0.6602909 0.6298994 0.6769930 0.7066455 0.6875475 0.7924816 0.6991055 0.6820457 0.6549459 0.6537677 0.7150644 0.6263710 0.6280392 0.7729898 0.7368482 0.6711556 0.6755412 0.7349268 0.8222462 0.6983834 0.8081501 0.8065859 0.7604868 0.7673609 0.7136628 0.6861081 0.7856350 0.6605474 0.6677115 0.6754355 0.6666837 0.6431971 0.7264404 0.7948325 0.8834176 0.7006678 0.7718439 0.6538035 0.6969627 0.6413233 0.8903619 0.6775167 0.6703148 0.7285939 0.7124437 0.9025994 0.6785226 0.7762196 0.7220597 0.7677291 0.8971046 0.7517720 0.6465166 0.6857389 0.8194464 0.3502579 0.6621808 0.7153916 0.7357913 0.6675762 0.7868420 0.7397195 0.7886379 0.6990534 0.6463613 0.8569156 0.7306637 0.6875349 0.6173371 0.7302470 0.6568307 0.7502561 0.7109868 0.6449447 0.7372611 0.7020695 0.7503722 0.7990522 0.7999751 0.7365093 0.6561184 0.6692270 0.7723815 0.6557727 0.7557364 0.9661708 0.7338715 0.6547331 0.6778705 0.6789253 0.6713740 0.6952179 0.7239323 0.7180090 0.7569321 0.6117728 0.6762678 0.6710731 0.7696698 0.7637275 0.2795110 0.8523073 0.6476234 0.6687808 0.7284303 0.6889976 0.7179231 0.7393842 0.7158397 0.7005851 0.6568311 0.6918948 0.6129479 0.6660800 0.9811281 0.7118459 0.8206752 0.5201839 0.6376578 0.5543110 0.7845893 0.8487617 0.6167967 1.0370334 0.6542002 0.8168581 0.8322918 0.7606480 0.6582651 0.6972172 0.6552450 0.7395161 0.4954467 0.6653597 0.7635192 0.5954763 0.4740442 0.6943230 
Atta_cephalotes_Genome               0.0143001 0.2645384 0.2750349 0.7055960 0.0000000 0.2366726 0.2412953 0.1035250 0.0841176 0.4540681 0.1190180 0.7347225 0.7879869 0.7343942 0.2635607 0.2434259 0.2541450 0.1389042 0.0974071 0.2523299 0.2595565 0.7117055 0.0622343 0.6328908 0.6683333 0.0725151 0.0528660 0.9043199 0.0605357 0.0497637 0.7477599 0.2741531 0.3397683 0.2569930 0.2249335 0.2516724 0.2497416 0.2815489 0.6827314 0.2616956 0.2678917 0.1936218 0.2740231 0.2428262 0.2812314 0.5823819 0.2348130 0.6244136 0.2535970 0.2354903 0.2381824 0.2607920 0.2679483 0.2629799 0.3728543 0.2698222 0.2677428 0.2605186 0.2391841 0.2672529 0.2401275 0.2391432 0.3352699 0.3102386 0.2514134 0.2640769 0.2920118 0.4066390 0.3294293 0.3959611 0.6008583 0.3130821 0.3526359 0.3117893 0.2751992 0.4196824 0.2735260 0.4566014 0.2608535 0.2508257 0.2386206 0.4661437 0.5416812 0.5844288 0.2773398 0.3689637 0.2476061 0.2486328 0.2381629 0.5331994 0.2602624 0.2484844 0.3356230 0.2838618 0.6829760 0.2593581 0.3523838 0.3259693 0.3708114 0.6110034 0.3125253 0.2442629 0.2789821 0.5522359 0.6581742 0.2280243 0.3089263 0.3209105 0.5390320 0.4431358 0.3261026 0.4417647 0.3288645 0.2520993 0.5531099 0.2881498 0.2675034 0.2368740 0.2956379 0.2593448 0.3145107 0.3120034 0.2417948 0.3385573 0.2810187 0.3360145 0.4674560 0.3567650 0.4644527 0.2329296 0.2527757 0.3610433 0.2482022 0.2940824 0.6062285 0.3033010 0.2522606 0.2801549 0.2626032 0.2600662 0.2848876 0.3256622 0.2871333 0.3183211 0.2290922 0.2840421 0.1483429 0.3077932 0.4540505 0.6347585 0.6325880 0.2448285 0.2622899 0.3013216 0.2565288 0.4796020 0.3070396 0.3072280 0.3211595 0.2426641 0.4483204 0.5181495 0.2700676 0.6421834 0.1016828 0.3944203 0.7088921 0.2347735 0.3078420 0.4544605 0.5113786 0.2319447 0.7602274 0.2367408 0.4477743 0.4799667 0.5283783 0.2512190 0.2906395 0.2574777 0.3276232 0.2479104 0.2626868 0.4999894 0.7373929 0.1887943 0.2523093 
Bombus_impatiens_Genome              0.2608404 0.0991117 0.2598924 0.6774047 0.2366726 0.0000000 0.0064306 0.2611317 0.2756346 0.4354061 0.2552686 0.6724252 0.7566923 0.6843973 0.1266983 0.0571444 0.0797732 0.2686591 0.2511886 0.1076812 0.0642981 0.6599076 0.2542127 0.6218699 0.6078497 0.2595360 0.2539370 0.8268641 0.2518069 0.2447021 0.6772775 0.1412258 0.2624172 0.2106836 0.1035375 0.1171315 0.1101637 0.2414339 0.6047018 0.1415881 0.1381340 0.1645651 0.1634788 0.0079659 0.2696788 0.5498265 0.0980124 0.5885672 0.1247742 0.1046050 0.0623768 0.1172007 0.2038171 0.1812091 0.3619855 0.2538931 0.2437451 0.1125872 0.1044926 0.2564421 0.0993077 0.0696724 0.3154904 0.2764523 0.1242299 0.1310093 0.1460673 0.3732685 0.2487277 0.3566242 0.5533974 0.3043551 0.3445414 0.1646732 0.1171657 0.3753167 0.1432720 0.4112997 0.1160573 0.1862893 0.1147611 0.4428740 0.5151931 0.5778440 0.1408910 0.3267633 0.1225244 0.0841923 0.1314808 0.4913244 0.1163766 0.1187545 0.3161776 0.2485875 0.6656617 0.1694939 0.3237896 0.3242739 0.3270608 0.5861478 0.3023472 0.2380779 0.2389803 0.5343817 0.6285793 0.0987498 0.2203144 0.2990835 0.4843462 0.4178089 0.2733395 0.4205695 0.2769433 0.1016045 0.5041996 0.2536617 0.1455685 0.1385431 0.2202092 0.0683201 0.2473704 0.3057640 0.1505540 0.3022262 0.2669214 0.2409244 0.4164139 0.3312970 0.4577233 0.1899273 0.1122254 0.3160390 0.1527538 0.2634021 0.5905345 0.2711868 0.1238410 0.1959450 0.2277913 0.2197253 0.2435887 0.2960863 0.2088937 0.3096595 0.1452926 0.1436853 0.2471279 0.2313780 0.4124725 0.6367444 0.5631816 0.1273050 0.1102407 0.2583560 0.1260892 0.4414777 0.2904792 0.2235726 0.2482257 0.1017439 0.4054396 0.4495550 0.0967038 0.6093295 0.2377198 0.3460240 0.6378740 0.1377065 0.2896013 0.4378515 0.4929505 0.0539717 0.6697094 0.1004257 0.4218174 0.4645058 0.4772862 0.0877323 0.2348068 0.1122432 0.2817116 0.2112448 0.2199052 0.4747126 0.7623959 0.1809926 0.1545614 
Bombus_terrestris_Genome             0.2568396 0.1024384 0.2632566 0.6583274 0.2412953 0.0064306 0.0000000 0.2570534 0.2761536 0.4353839 0.2514299 0.6807057 0.7708319 0.7261141 0.1286643 0.0585630 0.0831122 0.2647196 0.2522324 0.1124401 0.0682409 0.6868332 0.2616168 0.6358420 0.6566484 0.2562301 0.2559846 0.8390674 0.2560438 0.2609956 0.7000189 0.1448415 0.2766779 0.2142587 0.1055728 0.1184554 0.1110988 0.2555568 0.6127830 0.1434144 0.1379322 0.1624234 0.1752770 0.0085301 0.2688118 0.5625977 0.1022781 0.5836495 0.1264888 0.1041431 0.0667749 0.1203694 0.2039213 0.1936095 0.3813783 0.2496098 0.2484704 0.1183088 0.1060255 0.2643561 0.0987185 0.0707802 0.3209875 0.2817835 0.1281607 0.1328337 0.1493430 0.3937985 0.2612516 0.3528368 0.5635757 0.3105382 0.3453422 0.1620925 0.1195521 0.3765240 0.1453320 0.4238171 0.1173465 0.1839844 0.1109348 0.4537254 0.4982354 0.5902288 0.1467709 0.3312353 0.1261648 0.0857530 0.1277300 0.5158234 0.1180121 0.1198773 0.3133266 0.2670357 0.6858880 0.1649706 0.3257852 0.3192945 0.3486010 0.5832007 0.3035776 0.2316236 0.2489328 0.5353185 0.6454882 0.1004226 0.2247347 0.2975992 0.4838282 0.4269175 0.2820867 0.4210968 0.2844432 0.1056654 0.5211341 0.2618549 0.1436955 0.1422944 0.2221174 0.0694672 0.2480154 0.3022611 0.1561537 0.3003489 0.2697966 0.2415209 0.4109595 0.3459522 0.4642715 0.1953264 0.1081078 0.3189407 0.1526490 0.2590276 0.6077525 0.2839693 0.1231021 0.1982933 0.2328149 0.2274865 0.2541587 0.3018372 0.2177555 0.3080314 0.1482019 0.1508774 0.2449410 0.2266485 0.4283096 0.6449613 0.5847693 0.1301337 0.1157062 0.2738359 0.1236217 0.4356356 0.2971821 0.2196898 0.2500748 0.1014326 0.4104460 0.4546000 0.0982178 0.6253692 0.2397868 0.3602114 0.6486289 0.1410583 0.2988579 0.4521218 0.5096901 0.0566944 0.6760222 0.1055988 0.4584799 0.4615876 0.4798439 0.0887191 0.2444073 0.1101615 0.2822561 0.2119235 0.2223848 0.4764966 0.7069888 0.1837545 0.1620468 
Camponotus_floridanus_Genome         0.1153986 0.2891195 0.2882318 0.7504288 0.1035250 0.2611317 0.2570534 0.0000000 0.1309761 0.4837987 0.1275694 0.7215023 0.8407736 0.7435343 0.2686428 0.2415044 0.2449917 0.1553440 0.1074772 0.2576018 0.2621803 0.7334056 0.1172855 0.6617868 0.7060548 0.1096509 0.1105929 0.8961195 0.1110683 0.1041746 0.7404540 0.2989840 0.3463393 0.2713617 0.2364977 0.2601538 0.2617336 0.2738556 0.6681367 0.2832113 0.2742947 0.1799079 0.2682311 0.2444472 0.2950182 0.5933682 0.2450045 0.6129867 0.2698258 0.2475760 0.2466638 0.2680980 0.2882959 0.2594697 0.4015977 0.2827263 0.2680609 0.2657900 0.2491330 0.2851069 0.2367304 0.2593275 0.3476346 0.3076745 0.2681319 0.2797038 0.2903870 0.4267491 0.3216023 0.4113657 0.5746147 0.3360842 0.3844668 0.3289375 0.2748916 0.4197634 0.2885115 0.4579963 0.2781414 0.2682968 0.2582510 0.4874025 0.5510725 0.6360038 0.2899430 0.3482061 0.2652351 0.2824492 0.2555066 0.5364399 0.2738348 0.2496785 0.3653823 0.2853733 0.7292435 0.2578252 0.3603408 0.3806106 0.3974927 0.6459928 0.3390579 0.2701638 0.2790538 0.5575088 0.6821076 0.2430469 0.3144717 0.3277175 0.5445929 0.4568602 0.3190732 0.4291463 0.3269370 0.2490221 0.5445049 0.2895348 0.2800737 0.2296006 0.3073172 0.2776639 0.3149864 0.3258494 0.2488211 0.3600218 0.3130712 0.3116909 0.4359704 0.3724176 0.4654232 0.2459893 0.2497307 0.3475675 0.2406320 0.3017510 0.6102376 0.3189341 0.2748985 0.2710315 0.2695197 0.2692726 0.2895913 0.3463980 0.2895889 0.3328005 0.2243240 0.2889715 0.1456087 0.3193677 0.4778623 0.6522812 0.6044267 0.2476288 0.2679970 0.3163750 0.2792736 0.5041401 0.3279938 0.2970937 0.3131767 0.2386777 0.4775276 0.5027150 0.2721366 0.6561243 0.0422089 0.3961918 0.7185111 0.2361608 0.3132492 0.4718429 0.5534630 0.2398919 0.7384286 0.2357791 0.4682697 0.5010903 0.5207918 0.2530776 0.2660137 0.2467067 0.3275557 0.2551652 0.2544699 0.5316450 0.7518566 0.1918654 0.2602903 
Cardiocondyla_obscurior_Genome       0.0910519 0.3048622 0.2891992 0.7423441 0.0841176 0.2756346 0.2761536 0.1309761 0.0000000 0.4920116 0.1356139 0.7547188 0.8207011 0.7543000 0.2901376 0.2683233 0.2669194 0.1735854 0.1221897 0.2718306 0.2780303 0.7620612 0.0921517 0.6512803 0.7045207 0.0986055 0.0871470 0.8935905 0.0842510 0.0797516 0.7522698 0.3015279 0.3607349 0.2826192 0.2484590 0.2725603 0.2761600 0.2981065 0.6644422 0.2987370 0.2832381 0.1929084 0.2976333 0.2525937 0.3152097 0.6247239 0.2554458 0.6017998 0.2889844 0.2623775 0.2797620 0.2954126 0.2973021 0.2893058 0.4101552 0.2946787 0.2880174 0.2866843 0.2533468 0.3116107 0.2556161 0.2740980 0.3762296 0.3281885 0.2881619 0.2872649 0.3018627 0.4236979 0.3229796 0.4296175 0.5894287 0.3411074 0.4064825 0.3246409 0.2901373 0.4252862 0.3147855 0.4546101 0.2866160 0.2722742 0.2771403 0.4893917 0.5484784 0.6445886 0.3174008 0.3905161 0.2838900 0.2929743 0.2703878 0.5475285 0.2899414 0.2669192 0.3838492 0.3055360 0.7252340 0.2656109 0.3677821 0.3769108 0.3826745 0.6329549 0.3501059 0.2858849 0.3098116 0.5718258 0.7293460 0.2653875 0.3169213 0.3593752 0.5452677 0.4811063 0.3255287 0.4608215 0.3340398 0.2653120 0.5903081 0.3178694 0.3093351 0.2500362 0.3134049 0.2842958 0.3329375 0.3549651 0.2706741 0.3718774 0.3269697 0.3406574 0.4599665 0.3875408 0.4721242 0.2495571 0.2570320 0.3543947 0.2482120 0.3049591 0.6842181 0.3306180 0.2814303 0.2838875 0.2786047 0.2782688 0.3119709 0.3674756 0.3030974 0.3548794 0.2435963 0.3180324 0.1603455 0.3225136 0.4741057 0.6875455 0.6267575 0.2641694 0.2957132 0.3461400 0.2906251 0.5176858 0.3324656 0.3084210 0.3142843 0.2551982 0.4695955 0.5018062 0.2847965 0.6819056 0.1158499 0.4006729 0.7080142 0.2517874 0.3168801 0.4753499 0.5457225 0.2618496 0.7361318 0.2487618 0.5023170 0.4875670 0.5470794 0.2672011 0.2926857 0.2602076 0.3334705 0.2469833 0.2769051 0.5333769 0.8051383 0.2059402 0.2729035 
Cephus_cinctus_Genome                0.4858623 0.4474152 0.4357938 0.6802789 0.4540681 0.4354061 0.4353839 0.4837987 0.4920116 0.0000000 0.4731053 0.7709279 0.8658044 0.7666853 0.4542746 0.4287743 0.4176096 0.5013089 0.4791946 0.4301548 0.4371992 0.7364722 0.4680933 0.7052999 0.6590458 0.4873826 0.4828218 0.9959550 0.4814194 0.4864490 0.6907102 0.4421718 0.5025808 0.4535329 0.4050300 0.4271509 0.4280130 0.4418890 0.6284670 0.4507873 0.4253893 0.2605984 0.4394652 0.4049038 0.4491197 0.6441773 0.4034952 0.6657205 0.4400842 0.4169402 0.4122309 0.4201515 0.4595279 0.4325259 0.5638287 0.4322421 0.4310553 0.4229647 0.4139507 0.4455884 0.3932589 0.4112628 0.5311254 0.4658011 0.4383617 0.4459118 0.4426154 0.5378651 0.4642472 0.5422898 0.6075901 0.5233349 0.5197376 0.4872876 0.4514376 0.5335414 0.4632652 0.0750380 0.4585313 0.4181330 0.4422579 0.4940683 0.5712596 0.6623092 0.4594524 0.5096779 0.4408326 0.4452824 0.4157904 0.5824917 0.4431810 0.4222753 0.5054264 0.4577626 0.7311790 0.4239442 0.4616072 0.5226573 0.5362111 0.6387671 0.4848461 0.4072716 0.4388381 0.5896554 0.6311299 0.4406725 0.4778013 0.4959507 0.5255733 0.5342814 0.4739901 0.4813601 0.4640508 0.4274276 0.6110915 0.4560615 0.4537675 0.4063227 0.4663430 0.4085214 0.4770859 0.4737816 0.4300857 0.4834911 0.4927242 0.4570209 0.5052935 0.5298521 0.5028819 0.4049485 0.3999153 0.4819029 0.4138306 0.4722412 0.6817119 0.4423183 0.4394370 0.4145771 0.4438465 0.4284234 0.4347294 0.5132263 0.4698096 0.5041847 0.3742719 0.4542832 0.4614408 0.4719603 0.5224013 0.6298681 0.6577917 0.4000979 0.4260944 0.4726202 0.4526242 0.4635430 0.4814060 0.4571822 0.4005786 0.4140657 0.4197517 0.4568799 0.4551744 0.6715982 0.4564089 0.5019152 0.6794951 0.4044281 0.3402267 0.5183020 0.5932850 0.3854269 0.7827545 0.4118847 0.5279964 0.5605343 0.5193676 0.4042487 0.4444563 0.4077808 0.4498531 0.3311243 0.4249069 0.5178445 0.7520100 0.2790812 0.4204425 
Cerapachys_biroi_Genome              0.1211013 0.2751917 0.2886573 0.7234650 0.1190180 0.2552686 0.2514299 0.1275694 0.1356139 0.4731053 0.0000000 0.7697430 0.8191443 0.7493261 0.2700057 0.2490997 0.2557429 0.1451327 0.1135370 0.2684692 0.2742006 0.7479826 0.1209713 0.6426666 0.6874531 0.1269175 0.1152395 0.9601225 0.1123507 0.1135527 0.7600332 0.2903714 0.3472485 0.2630927 0.2268418 0.2666505 0.2593543 0.2882216 0.6659673 0.2853585 0.2738835 0.1872790 0.2606398 0.2582643 0.3066711 0.6114217 0.2491499 0.6352205 0.2553997 0.2440533 0.2513793 0.2797906 0.2769881 0.2650391 0.3896534 0.2870664 0.2811791 0.2692896 0.2530095 0.2780058 0.2360374 0.2532924 0.3502674 0.3182654 0.2580071 0.2747352 0.3038570 0.4304396 0.3311575 0.4203112 0.6016491 0.3305317 0.4120182 0.3145517 0.2906985 0.4123507 0.2907208 0.4576577 0.2625630 0.2631253 0.2543752 0.4680428 0.5602533 0.6467194 0.2873833 0.3549264 0.2595329 0.2561692 0.2519341 0.5246304 0.2673580 0.2597085 0.3650781 0.2965525 0.7479504 0.2433737 0.3605808 0.3754684 0.3880378 0.6256131 0.3365350 0.2771789 0.3005681 0.5696780 0.6726173 0.2382589 0.3195843 0.3391023 0.5755778 0.4619292 0.3309881 0.4532057 0.3431813 0.2548709 0.5572880 0.2936073 0.2762453 0.2373057 0.3070638 0.2760983 0.3251067 0.3330558 0.2526499 0.3702000 0.2973209 0.3261725 0.4415269 0.3709342 0.4862698 0.2461233 0.2592479 0.3735036 0.2524090 0.3117337 0.6058094 0.3176097 0.2544974 0.2733151 0.2660364 0.2714925 0.2935622 0.3421416 0.3021877 0.3438229 0.2209999 0.2950777 0.1478825 0.3139565 0.4492962 0.6580214 0.6132697 0.2511172 0.2660996 0.3223037 0.2691205 0.5008392 0.3305582 0.2996481 0.3092912 0.2421542 0.4589445 0.5220008 0.2688513 0.6488250 0.1108407 0.3788882 0.7162751 0.2367017 0.3152129 0.4846484 0.5506379 0.2396059 0.7689378 0.2481635 0.4656824 0.4740222 0.5113924 0.2561379 0.2916331 0.2557796 0.3268169 0.2468920 0.2736410 0.5204831 0.8414210 0.1964735 0.2511842 
Ceratosolen_solmsi_Genome            0.7319919 0.6689199 0.6869845 1.0446357 0.7347225 0.6724252 0.6807057 0.7215023 0.7547188 0.7709279 0.7697430 0.0000000 0.7642479 1.0796694 0.7089354 0.6987704 0.6744758 0.7261816 0.7353240 0.6860727 0.7029834 1.0226894 0.7160873 0.4882983 0.9615987 0.7309585 0.7551476 0.9544628 0.7206844 0.7366943 1.0729620 0.6539324 0.7485329 0.7039187 0.6115802 0.6576855 0.6620111 0.6660227 1.0003054 0.6654318 0.7464895 0.4220974 0.6782228 0.6657317 0.7644211 0.3994918 0.6942528 0.8684090 0.6774495 0.6766971 0.6511339 0.6758602 0.6952686 0.6945770 0.7848328 0.7323295 0.7132790 0.7156945 0.6591909 0.7191436 0.6514479 0.6488784 0.7321896 0.6729353 0.7006735 0.6778362 0.7402095 0.7940825 0.7328829 0.7770252 0.8630020 0.7158575 0.7941033 0.7349686 0.7526569 0.7689337 0.7115667 0.7968290 0.7165285 0.6510369 0.6695357 0.7202621 0.8286079 0.3893958 0.7221010 0.7320149 0.6546224 0.6982975 0.6637118 0.7919494 0.6805479 0.6833184 0.7402171 0.6863026 0.9610098 0.6843260 0.7789640 0.7202645 0.7895909 0.4533426 0.7795391 0.6361963 0.7429693 0.4232131 1.0068271 0.6625122 0.7039957 0.7731667 0.8105931 0.7953442 0.7241643 0.7129311 0.7498869 0.6757952 0.8204770 0.7464321 0.7224253 0.6554884 0.7455024 0.6790426 0.7532898 0.6952986 0.6738275 0.7444058 0.7382145 0.7258648 0.8074222 0.7653414 0.7269365 0.6737790 0.6742421 0.7517482 0.6808139 0.6716583 0.8322970 0.7460317 0.6726964 0.6286007 0.7160238 0.6833018 0.7480789 0.7499728 0.7172258 0.7248136 0.6251145 0.7133979 0.7286463 0.7356481 0.8246757 0.9866659 0.4735614 0.6126262 0.7097384 0.7091670 0.7133876 0.8081516 0.7282067 0.6708685 0.6742772 0.6460772 0.7756750 0.8188214 0.6907485 0.9413906 0.6959673 0.7604372 0.9844138 0.6671702 0.4660991 0.7102967 0.6846601 0.6095266 0.6880169 0.6706369 0.7951404 0.8185535 0.8333095 0.6481256 0.7460517 0.6790553 0.7679337 0.4351067 0.6895475 0.7208021 1.1423447 0.4349710 0.6625241 
Copidosoma_floridanum_Genome         0.8628707 0.7659104 0.7577467 1.1091314 0.7879869 0.7566923 0.7708319 0.8407736 0.8207011 0.8658044 0.8191443 0.7642479 0.0000000 1.1217239 0.8112863 0.7516237 0.7591607 0.8594243 0.8196805 0.7515408 0.7529439 1.0620466 0.8360351 0.6472769 1.0724905 0.7872758 0.8172408 0.9623538 0.8179005 0.7908795 1.0718772 0.7604699 0.8155874 0.8009518 0.6555925 0.7634108 0.7359029 0.7318007 1.0423041 0.7490011 0.7401227 0.5362072 0.7377593 0.7323633 0.8208654 0.6178920 0.7244780 0.9720310 0.7957124 0.7532982 0.7191412 0.7236165 0.7730219 0.7917557 0.8503150 0.7922223 0.7975159 0.7985106 0.7497566 0.7654863 0.7196572 0.7401593 0.8095090 0.8102753 0.8017009 0.7483405 0.7642665 0.8952090 0.8264306 0.9152406 0.9799369 0.8092683 0.8579254 0.8247804 0.7639666 0.8834642 0.7730134 0.8589176 0.7728556 0.7589366 0.7770599 0.8332663 0.9012441 0.5992436 0.7891387 0.7717312 0.7561623 0.7422027 0.7497022 0.9287491 0.7633128 0.7324029 0.8234709 0.7184077 1.0877846 0.7648358 0.8323962 0.8204932 0.9054988 0.5743582 0.8222638 0.7267711 0.8172835 0.5809024 1.0460688 0.7745499 0.8163295 0.8311290 0.9864203 0.8605302 0.7997730 0.8367326 0.8617418 0.7542803 0.9022451 0.7740744 0.7869304 0.7590231 0.7963640 0.7433610 0.8261974 0.8287389 0.7633793 0.7689181 0.8093524 0.7431482 0.8889784 0.8450472 0.8532884 0.7695323 0.6936452 0.8371019 0.7324175 0.7647238 0.9275365 0.8014118 0.7492187 0.7407283 0.7650942 0.7516112 0.7540333 0.8364992 0.7654409 0.8539242 0.7275869 0.7979587 0.7710714 0.7889188 0.9144977 1.0386857 0.6386979 0.7109522 0.7786541 0.7910959 0.7625246 0.9054724 0.8444924 0.8170322 0.7477479 0.7455711 0.9385711 0.9084351 0.7789391 1.0067320 0.7924614 0.8951457 1.1102953 0.7657820 0.5941370 0.8206933 0.8310838 0.6882008 0.7924619 0.7545383 0.8873539 0.9227657 0.8962689 0.7174781 0.7837775 0.7542365 0.7802471 0.5818159 0.7997490 0.7961907 1.2158983 0.5204914 0.7765711 
Cotesia_vestalis_Genome              0.7323571 0.7141738 0.6952346 1.0689449 0.7343942 0.6843973 0.7261141 0.7435343 0.7543000 0.7666853 0.7493261 1.0796694 1.1217239 0.0000000 0.7240754 0.7202450 0.7302840 0.7895905 0.7448050 0.7156644 0.7141383 0.1699490 0.7546320 0.9593453 1.0682279 0.7471747 0.7535037 1.2888198 0.7609724 0.7661821 1.0642209 0.7245707 0.8057858 0.7214290 0.6296822 0.7064200 0.7089985 0.7062154 0.9954280 0.6961987 0.7383432 0.4593679 0.6885255 0.6823798 0.7734844 0.9339905 0.6746102 0.7603725 0.6719929 0.7007905 0.7117121 0.7471021 0.7381082 0.7296828 0.7957834 0.7272176 0.7552541 0.7024087 0.7056656 0.7690133 0.6795908 0.6771002 0.7915967 0.7510719 0.6968575 0.7271463 0.7558125 0.8351537 0.7918505 0.8532250 0.6315346 0.8002891 0.7754399 0.7877451 0.7196700 0.8062160 0.7669402 0.7786738 0.6973508 0.7068202 0.6963889 0.7430529 0.7694505 0.8877023 0.7308537 0.8024740 0.6876288 0.6917927 0.7413775 0.8252806 0.7239360 0.7362841 0.7334002 0.6752696 0.1100612 0.6264340 0.7365283 0.7311960 0.7691695 0.8982608 0.7676486 0.7097611 0.7336891 0.8713263 0.9070273 0.7044795 0.7816492 0.7857726 0.8477968 0.8361765 0.7520698 0.7396836 0.7899400 0.7211172 0.8732937 0.7264092 0.7250009 0.6705180 0.7904392 0.7165690 0.7775487 0.7370689 0.7103145 0.7020190 0.7525269 0.7529714 0.8391621 0.8439758 0.7377242 0.6801809 0.6730068 0.7879065 0.7255951 0.7896272 0.9500677 0.7756907 0.7161059 0.7150537 0.7550607 0.7196560 0.7165356 0.8017968 0.7489105 0.7565892 0.6757789 0.7335652 0.7750669 0.7722341 0.8085653 0.9879775 0.9477892 0.6579917 0.7442700 0.7505317 0.7106784 0.8546032 0.7628945 0.7503894 0.6966640 0.6834236 0.8061469 0.7950311 0.7307958 0.6833722 0.7477344 0.8771635 1.0123604 0.6826515 0.5337690 0.7993822 0.8932912 0.6406040 1.0277468 0.6875714 0.8145676 0.8860550 0.8603772 0.7031285 0.7354771 0.7006043 0.8073792 0.4475998 0.7038253 0.7288998 1.2375326 0.4085534 0.7705446 
Dufourea_novaeangliae_Genome         0.2763670 0.1601092 0.2645782 0.6698752 0.2635607 0.1266983 0.1286643 0.2686428 0.2901376 0.4542746 0.2700057 0.7089354 0.8112863 0.7240754 0.0000000 0.1232586 0.1225538 0.2803294 0.2598840 0.1339901 0.1409052 0.6964620 0.2769305 0.6282537 0.6718019 0.2697149 0.2673307 0.8882700 0.2695566 0.2586366 0.7200992 0.1147847 0.2809901 0.2218358 0.1067932 0.1228683 0.1227015 0.2557380 0.6060858 0.1160557 0.1059861 0.1609025 0.1787149 0.1165645 0.2726839 0.6009703 0.1021618 0.6024270 0.1448260 0.1044507 0.1193540 0.1545623 0.2229549 0.1949836 0.3822074 0.2612579 0.2582384 0.1439663 0.0991188 0.2779130 0.0969565 0.1195261 0.3264278 0.2937370 0.1467343 0.1070014 0.1691215 0.3870251 0.2585331 0.3750828 0.5636261 0.3063873 0.3425618 0.1988034 0.1575038 0.3825539 0.1234745 0.4476392 0.1450139 0.1971688 0.1141235 0.5033574 0.5172261 0.5817895 0.1724213 0.3461573 0.1400259 0.1406477 0.1364660 0.5325427 0.1445012 0.1245648 0.3345202 0.2768326 0.7056622 0.1822674 0.3385224 0.3401857 0.3593261 0.5916009 0.3106716 0.2464683 0.2586289 0.5648794 0.6590655 0.1008286 0.2296870 0.3076920 0.4943639 0.4311002 0.2931980 0.4496460 0.3096709 0.1255737 0.5140493 0.2663626 0.1493531 0.1548185 0.2326208 0.1399476 0.2473002 0.2975902 0.1662748 0.3219428 0.2921989 0.2592649 0.4336793 0.3465597 0.4838983 0.2112307 0.1171307 0.3352816 0.1722527 0.2775383 0.6022397 0.2872186 0.1236941 0.2091053 0.2495630 0.2390113 0.2684754 0.3038799 0.2233892 0.3159859 0.1570101 0.1172214 0.2687278 0.2407547 0.4496232 0.6311258 0.5959918 0.0992418 0.1549834 0.2857577 0.1533656 0.4756957 0.3029441 0.2363070 0.2666214 0.0982470 0.4584230 0.4638799 0.1449873 0.6462233 0.2579576 0.3716336 0.6492021 0.1479516 0.3080313 0.4629293 0.5157527 0.1171158 0.7197992 0.1017409 0.4458231 0.4780079 0.5206595 0.1301163 0.2618264 0.0391767 0.2912746 0.2220712 0.2401214 0.4822622 0.7056245 0.1783936 0.1681612 
Eufriesea_mexicana_Genome            0.2489124 0.0917722 0.2459763 0.6661821 0.2434259 0.0571444 0.0585630 0.2415044 0.2683233 0.4287743 0.2490997 0.6987704 0.7516237 0.7202450 0.1232586 0.0000000 0.0775181 0.2508270 0.2359443 0.1055477 0.0752289 0.6738407 0.2488889 0.5834355 0.6244944 0.2461402 0.2476317 0.8791204 0.2494102 0.2428014 0.7016328 0.1342684 0.2761848 0.2007187 0.0955830 0.1074025 0.1058649 0.2552763 0.6270354 0.1260447 0.1343379 0.1527042 0.1701353 0.0541225 0.2530329 0.5991152 0.0959480 0.6011449 0.1139281 0.0958249 0.0534450 0.1172486 0.2009895 0.1784361 0.3555282 0.2462110 0.2466247 0.1181831 0.0971766 0.2492219 0.0944879 0.0621473 0.3020662 0.2667430 0.1188766 0.1208719 0.1418650 0.3657414 0.2559794 0.3435212 0.5443291 0.2748868 0.3296693 0.1530053 0.1148064 0.3724900 0.1378684 0.4161158 0.1085968 0.1754079 0.1063894 0.4122653 0.5063562 0.5428415 0.1378294 0.3279738 0.1154666 0.0792328 0.1249776 0.4815137 0.1115444 0.1075434 0.3012965 0.2516946 0.6683991 0.1627502 0.3139638 0.2868387 0.3348338 0.5963802 0.2804073 0.2216954 0.2401529 0.5138644 0.6352866 0.0907684 0.2175749 0.2843287 0.4768733 0.4040765 0.2741854 0.4259301 0.2768637 0.1011959 0.5049955 0.2501522 0.1386577 0.1319931 0.2165966 0.0774369 0.2340740 0.2828085 0.1429590 0.2949537 0.2595970 0.2356027 0.4097435 0.3318338 0.4327929 0.1932440 0.1034189 0.3204599 0.1496241 0.2569101 0.5562816 0.2750828 0.1136925 0.1949547 0.2164618 0.2199256 0.2469987 0.2941215 0.2038840 0.2770132 0.1416640 0.1346253 0.2432885 0.2213010 0.4134668 0.6386188 0.6016542 0.1228581 0.1075761 0.2625727 0.1142254 0.4485225 0.2761309 0.2106714 0.2559015 0.0971950 0.4167874 0.4666667 0.0929502 0.6348161 0.2325653 0.3435794 0.6564931 0.1321186 0.2846048 0.4267471 0.4870159 0.0126412 0.6930957 0.0976108 0.4361265 0.4586197 0.4742963 0.0861018 0.2314685 0.1082975 0.2659242 0.2159014 0.2219357 0.4592247 0.7211373 0.1716073 0.1486016 
Habropoda_laboriosa_Genome           0.2592117 0.1130433 0.2505171 0.6658901 0.2541450 0.0797732 0.0831122 0.2449917 0.2669194 0.4176096 0.2557429 0.6744758 0.7591607 0.7302840 0.1225538 0.0775181 0.0000000 0.2538536 0.2496664 0.1166671 0.0988204 0.6748443 0.2542439 0.5875528 0.6655740 0.2553476 0.2577089 0.8676835 0.2545769 0.2486680 0.7111728 0.1335275 0.2710268 0.2014448 0.0953682 0.1146742 0.1124910 0.2621928 0.6457183 0.1325092 0.1267277 0.1765265 0.1822391 0.0787123 0.2567858 0.5960972 0.1023687 0.5996040 0.1217436 0.1023688 0.0753944 0.1290593 0.2020278 0.1857944 0.3572223 0.2552816 0.2568750 0.1253710 0.1043931 0.2641472 0.1045476 0.0758515 0.3076402 0.2908213 0.1224699 0.1253828 0.1527502 0.3810360 0.2647872 0.3550878 0.5750017 0.2747005 0.3187169 0.1488109 0.1181427 0.3864053 0.1389847 0.4116201 0.1175085 0.1844012 0.1104915 0.4628465 0.5025986 0.5416786 0.1401151 0.3408331 0.1187449 0.0885493 0.1287685 0.4797942 0.1154392 0.1141630 0.3027691 0.2683706 0.6803674 0.1754512 0.3186139 0.2850092 0.3071508 0.6062644 0.2821005 0.2207864 0.2488786 0.5289942 0.6419094 0.0965246 0.2260992 0.2889767 0.4771861 0.3967768 0.2884231 0.4093575 0.2974007 0.1027931 0.5262082 0.2529344 0.1368909 0.1403655 0.2229129 0.0975777 0.2294868 0.2831783 0.1488604 0.3125034 0.2646998 0.2460719 0.4253186 0.3478505 0.4488559 0.2036499 0.1119453 0.3550891 0.1589462 0.2631319 0.5632730 0.2817026 0.1179352 0.2036331 0.2351696 0.2234976 0.2517061 0.2911890 0.2107654 0.2926161 0.1550965 0.1427913 0.2607312 0.2287459 0.3937843 0.6406194 0.6078560 0.1229147 0.1225142 0.2709032 0.1175275 0.4644953 0.2816634 0.2273035 0.2613614 0.1051853 0.4132917 0.4689147 0.1057991 0.6479601 0.2459006 0.3610269 0.6538915 0.1468480 0.3141138 0.4365870 0.5015574 0.0780575 0.6866137 0.1110842 0.4549495 0.4814938 0.4740450 0.0541301 0.2611677 0.1175855 0.2824877 0.2083194 0.2381644 0.4846126 0.7640451 0.1938577 0.1689393 
Harpegnathos_saltator_Genome         0.1509733 0.2806840 0.2823407 0.7240171 0.1389042 0.2686591 0.2647196 0.1553440 0.1735854 0.5013089 0.1451327 0.7261816 0.8594243 0.7895905 0.2803294 0.2508270 0.2538536 0.0000000 0.1373717 0.2784686 0.2653722 0.7564103 0.1494851 0.6397405 0.6982759 0.1475798 0.1470728 0.9007299 0.1419458 0.1350716 0.7466992 0.2855770 0.3428577 0.2696972 0.2218357 0.2702677 0.2516098 0.2734086 0.6694369 0.2813566 0.2664423 0.1738338 0.2672881 0.2549602 0.3046242 0.6102982 0.2589802 0.6456642 0.2713064 0.2476429 0.2585472 0.2742067 0.2794417 0.2790570 0.3941316 0.2826992 0.2874840 0.2736207 0.2425945 0.2934421 0.2384165 0.2662979 0.3536577 0.3146598 0.2759350 0.2846392 0.3017143 0.4203650 0.3283344 0.4052063 0.5997411 0.3280949 0.3767878 0.3318314 0.2866262 0.4145180 0.2891583 0.4655508 0.2865374 0.2684852 0.2608610 0.4732317 0.5448839 0.6137581 0.3073569 0.3511493 0.2636566 0.2711902 0.2547640 0.5441847 0.2957969 0.2597630 0.3728949 0.2943366 0.7618133 0.2521932 0.3692814 0.3648030 0.3956203 0.6306386 0.3387741 0.2706764 0.2990191 0.5712478 0.7101414 0.2532154 0.3135168 0.3412353 0.5653498 0.4748180 0.3261645 0.4568441 0.3288481 0.2554149 0.5476219 0.3017219 0.2842506 0.2422213 0.3010966 0.2686433 0.3341863 0.3343272 0.2563965 0.3761958 0.3098369 0.3185477 0.4698042 0.3817718 0.5060912 0.2499453 0.2459946 0.3847250 0.2464191 0.3075631 0.6374631 0.3224953 0.2714388 0.2783089 0.2842368 0.2654568 0.3017503 0.3435548 0.2998607 0.3523572 0.2299477 0.3017476 0.1339139 0.3039219 0.4756259 0.6524799 0.6229544 0.2417090 0.2772951 0.3241677 0.2869021 0.5051279 0.3378942 0.3068176 0.2961323 0.2413365 0.4845183 0.5156339 0.2830138 0.6844769 0.1304702 0.3995642 0.6871830 0.2408633 0.3271231 0.4941228 0.5248983 0.2551002 0.7687790 0.2481055 0.4716194 0.4820191 0.5237543 0.2544100 0.2977495 0.2543624 0.3203352 0.2566199 0.2720762 0.5456861 0.8205480 0.1869946 0.2666418 
Linepithema_humile_Genome            0.1040656 0.2655380 0.2817154 0.7007840 0.0974071 0.2511886 0.2522324 0.1074772 0.1221897 0.4791946 0.1135370 0.7353240 0.8196805 0.7448050 0.2598840 0.2359443 0.2496664 0.1373717 0.0000000 0.2557280 0.2588734 0.7379126 0.1067937 0.6418569 0.6794532 0.1052069 0.0971670 0.8932401 0.0984719 0.0979730 0.7418376 0.2896854 0.3214311 0.2592325 0.2268984 0.2587393 0.2395322 0.2796232 0.6694127 0.2691302 0.2590478 0.1808392 0.2615141 0.2383780 0.2968837 0.6128770 0.2396245 0.6288924 0.2553391 0.2381836 0.2414699 0.2663884 0.2858471 0.2622601 0.3841520 0.2798333 0.2769242 0.2629889 0.2415115 0.2842386 0.2278634 0.2454821 0.3294421 0.2950369 0.2444779 0.2687499 0.2950070 0.4044256 0.3044531 0.4006419 0.5869796 0.3278874 0.3726873 0.3052799 0.2656755 0.4247335 0.2742470 0.4520297 0.2543000 0.2659126 0.2415440 0.4619058 0.5393995 0.6524858 0.2809157 0.3585038 0.2536384 0.2507358 0.2456224 0.5360748 0.2577620 0.2499022 0.3650506 0.3079281 0.6989011 0.2416334 0.3576616 0.3725246 0.3847783 0.6332600 0.3278271 0.2534865 0.2895571 0.5866344 0.6707898 0.2350199 0.2940298 0.3361488 0.5511157 0.4486205 0.3146631 0.4419595 0.3296648 0.2353058 0.5267708 0.2808744 0.2718025 0.2215671 0.2995052 0.2636089 0.3140171 0.3334407 0.2381919 0.3462893 0.2912308 0.3168853 0.4583316 0.3584251 0.4700730 0.2315193 0.2398109 0.3500376 0.2360818 0.3003082 0.6260746 0.3059667 0.2535256 0.2714671 0.2720519 0.2500967 0.2909079 0.3245161 0.2839707 0.3215418 0.2176036 0.2813485 0.1366112 0.3093021 0.4445242 0.6672775 0.6038510 0.2295793 0.2634593 0.3116221 0.2605657 0.4818036 0.3229592 0.2886303 0.3082649 0.2447307 0.4625355 0.4878489 0.2654913 0.6633173 0.0921114 0.3756788 0.6741453 0.2224642 0.3014012 0.4746916 0.5447619 0.2275568 0.7333735 0.2349467 0.4642587 0.4724283 0.4875658 0.2426734 0.2709880 0.2444558 0.3132921 0.2450070 0.2584848 0.5109663 0.7919467 0.1786577 0.2457304 
Megachile_rotundata_Genome           0.2614805 0.1336936 0.2641746 0.6487085 0.2523299 0.1076812 0.1124401 0.2576018 0.2718306 0.4301548 0.2684692 0.6860727 0.7515408 0.7156644 0.1339901 0.1055477 0.1166671 0.2784686 0.2557280 0.0000000 0.1212706 0.7014084 0.2528774 0.6100711 0.6650369 0.2499167 0.2495676 0.8581243 0.2530219 0.2460279 0.7087488 0.1437831 0.2803017 0.2186053 0.1127188 0.1275797 0.1258220 0.2471060 0.6110926 0.1400480 0.1482287 0.1622958 0.1829353 0.1093093 0.2745837 0.5767697 0.1108856 0.6158650 0.1296903 0.1082856 0.0976621 0.1435344 0.2143428 0.1863297 0.3529898 0.2557413 0.2616804 0.0288505 0.1180567 0.2686733 0.1136664 0.0988944 0.3265629 0.2858316 0.1300775 0.1384630 0.1249185 0.3770941 0.2558397 0.3792553 0.5716266 0.3013891 0.3551288 0.1863635 0.1437444 0.3744174 0.1559766 0.4393181 0.0633288 0.1955322 0.1184396 0.4614671 0.4980427 0.5488951 0.1163352 0.3492568 0.1277095 0.1162640 0.1362424 0.5006681 0.0178376 0.1258251 0.3095378 0.2716589 0.6471689 0.1658420 0.3164339 0.3319052 0.3271645 0.6186046 0.2946246 0.2272661 0.2464031 0.5310922 0.6339694 0.1052277 0.2319024 0.3055171 0.4983426 0.4270416 0.2806836 0.4325538 0.2997159 0.0752392 0.4962259 0.2654741 0.1476340 0.1485609 0.2257383 0.1221772 0.2403911 0.2986188 0.1646388 0.3033229 0.2621778 0.2580276 0.4553779 0.3432446 0.4655890 0.2078423 0.1243825 0.3518099 0.1628954 0.2702347 0.5878599 0.2792456 0.1269819 0.2050229 0.2493819 0.2389741 0.2718782 0.2971836 0.2180081 0.3222472 0.1537634 0.1471871 0.2595972 0.2459297 0.4073485 0.6248155 0.5864488 0.1338339 0.1412612 0.2738685 0.0700243 0.4736278 0.2882793 0.2364988 0.2748529 0.1151327 0.4177768 0.4647079 0.1307113 0.6273645 0.2511408 0.3630464 0.6393484 0.1417792 0.3015128 0.4413483 0.4999407 0.0996796 0.7017670 0.1154832 0.4475263 0.4898466 0.5208925 0.1170465 0.2482770 0.1244397 0.2977431 0.2213025 0.2279021 0.4938789 0.6979473 0.1755331 0.1699746 
