55
eleutheronema_tetradactylum  0.00000000 0.03412971 0.13795725 0.03646344 0.04034860 0.04625448 0.06187759 0.03398723 0.03110633 0.03602341 0.17732136 0.03473445 0.09883921 0.05727423 0.28459935 0.04744790 0.03081436 0.04828914 0.03258686 0.05079273 0.04855888 0.07621984 0.03705143 0.03601434 0.13964138 0.03368201 0.08541922 0.10250649 0.06016659 0.12044096 0.04940358 0.03488023 0.07271616 0.11829057 0.08914128 0.06634983 0.03295296 0.00809449 0.06724165 0.03209249 0.03479910 0.03720814 0.03476710 0.04289159 0.05491566 0.05076010 0.03140670 0.04294565 0.03247767 0.04140035 0.06967056 0.04924571 0.03706510 0.05231705 0.27697219 
sphyranea_sphyranea          0.03412971 0.00000000 0.12864372 0.03084327 0.03496733 0.04043090 0.05537176 0.02944103 0.02555567 0.03071513 0.16974841 0.02908309 0.09445777 0.05128885 0.27530562 0.04147849 0.02534110 0.04314382 0.02606242 0.04479123 0.04275806 0.06934130 0.03184066 0.01784630 0.13383344 0.02917184 0.07943169 0.09492390 0.05386283 0.11241908 0.04350554 0.02982748 0.06621261 0.11123812 0.08251116 0.06029602 0.02703956 0.03416831 0.06008448 0.02650982 0.02935051 0.03127362 0.02952210 0.03691062 0.04907990 0.04545437 0.02509566 0.03679664 0.02601088 0.03498800 0.06364369 0.04307542 0.03121859 0.04602275 0.26361786 
lampris_guttatus             0.13795725 0.12864372 0.00000000 0.13473145 0.13770442 0.13899394 0.15581036 0.12531094 0.13078035 0.13431721 0.19411222 0.13163244 0.19097436 0.14149628 0.29534721 0.13289104 0.12924622 0.12837602 0.12714719 0.13741379 0.14525361 0.16553014 0.13487311 0.12850628 0.22987632 0.12947110 0.17846951 0.19057737 0.15409391 0.19773111 0.14587008 0.13383690 0.11401593 0.20226317 0.16674920 0.15984739 0.13136042 0.13690591 0.15760999 0.12936161 0.13081170 0.13591862 0.13308616 0.14166941 0.13815232 0.14734579 0.12836415 0.14188749 0.13044560 0.13815347 0.16521234 0.14621489 0.13623607 0.14641820 0.34844575 
chloroscombrus_orqueta       0.03646344 0.03084327 0.13473145 0.00000000 0.03731259 0.04241764 0.05840238 0.01141233 0.01772756 0.00931100 0.17545728 0.02248541 0.09578007 0.05450150 0.28325701 0.04437418 0.02761198 0.04531723 0.02918315 0.04691734 0.04489206 0.07171277 0.01233632 0.03243564 0.13515943 0.00875673 0.08141847 0.09690437 0.05659073 0.11610359 0.04548514 0.00867579 0.06965381 0.11411369 0.08695242 0.06209027 0.02069164 0.03640115 0.06278761 0.01991642 0.01069566 0.03381253 0.02299093 0.03972534 0.05190129 0.04742184 0.02811667 0.03937343 0.02838680 0.02915912 0.06558948 0.03716252 0.03382761 0.04905602 0.27179809 
citharoides_macrolepis       0.04034860 0.03496733 0.13770442 0.03731259 0.00000000 0.04479464 0.05395242 0.03571721 0.03238263 0.03746107 0.17651216 0.03597534 0.09162841 0.05886895 0.28203906 0.04957726 0.03266277 0.04165845 0.03344662 0.05200992 0.04072123 0.06624983 0.03833035 0.03612608 0.13003697 0.03551736 0.07752608 0.09220913 0.05222604 0.10975959 0.04138943 0.03622737 0.07320520 0.10743131 0.08922122 0.05764635 0.03374927 0.04064610 0.03537283 0.03354437 0.03540368 0.03835572 0.03616140 0.04409323 0.05673660 0.04313277 0.03289789 0.04390771 0.03327199 0.04232775 0.06211823 0.05048757 0.03877862 0.04472328 0.27588658 
psettodes_eneumeri           0.04625448 0.04043090 0.13899394 0.04241764 0.04479464 0.00000000 0.06449913 0.04033906 0.03677164 0.04217695 0.18025948 0.04150508 0.10301951 0.06324936 0.28611811 0.05399644 0.03786403 0.05282150 0.03869910 0.05731271 0.05342638 0.08007693 0.04342131 0.04177700 0.13935616 0.04088932 0.08901195 0.10488779 0.06280610 0.12021810 0.05417420 0.04164408 0.07853917 0.11881684 0.09436534 0.06926255 0.03958763 0.04628221 0.06766815 0.03885750 0.04151078 0.04414844 0.04162914 0.04930491 0.06140688 0.05627979 0.03817123 0.04930354 0.03853704 0.04789984 0.07405325 0.05609416 0.04379988 0.05646623 0.27422450 
mancopsetta_milfordi         0.06187759 0.05537176 0.15581036 0.05840238 0.05395242 0.06449913 0.00000000 0.05633091 0.05309165 0.05799589 0.19888479 0.05732236 0.10418687 0.08034655 0.30397813 0.07008525 0.05357681 0.05452800 0.05421804 0.07331498 0.05630142 0.08163767 0.05936599 0.05703428 0.14285484 0.05631445 0.08804561 0.10664023 0.00149088 0.12186820 0.05680404 0.05752412 0.09483921 0.11850544 0.10848317 0.06849049 0.05513595 0.06232019 0.07580967 0.05419050 0.05659912 0.06030633 0.05735550 0.06600854 0.07755392 0.05932190 0.05462737 0.06544366 0.05381636 0.06248502 0.07502501 0.07114668 0.05974786 0.05783166 0.29619954 
decapterus_maruadsi          0.03398723 0.02944103 0.12531094 0.01141233 0.03571721 0.04033906 0.05633091 0.00000000 0.01705613 0.01113935 0.16146710 0.02174394 0.09164771 0.05084905 0.26857829 0.04173093 0.02623136 0.04443297 0.02727399 0.04382676 0.04274155 0.06863504 0.01217938 0.03038788 0.12896035 0.00961278 0.07853556 0.09177943 0.05449635 0.11046478 0.04385642 0.00975106 0.06524151 0.10758024 0.08095810 0.05896764 0.01997703 0.03447199 0.06019062 0.01934154 0.00557397 0.03224824 0.02173732 0.03735768 0.04860272 0.04572212 0.02688157 0.03740079 0.02665297 0.02727531 0.06315376 0.03494129 0.03220268 0.04666928 0.24976567 
seriola_zonata               0.03110633 0.02555567 0.13078035 0.01772756 0.03238263 0.03677164 0.05309165 0.01705613 0.00000000 0.01749442 0.17175225 0.01663362 0.09223483 0.04924389 0.28017664 0.03909622 0.02138517 0.04176196 0.02324108 0.04180723 0.04039313 0.06916587 0.01819623 0.02703092 0.13256267 0.01619028 0.07674134 0.09536450 0.05199014 0.11361487 0.04116850 0.01635428 0.06513544 0.11107467 0.08242395 0.05707629 0.01439852 0.03136340 0.05994541 0.01389456 0.01653601 0.02743447 0.01702039 0.03379599 0.04690973 0.04271611 0.02245495 0.03353956 0.02253533 0.02380153 0.06157578 0.03198474 0.02781748 0.04430250 0.26978603 
alepes_kleinii               0.03602341 0.03071513 0.13431721 0.00931100 0.03746107 0.04217695 0.05799589 0.01113935 0.01749442 0.00000000 0.17505663 0.02225917 0.09663275 0.05416535 0.28111868 0.04442323 0.02721432 0.04526616 0.02925084 0.04673276 0.04461540 0.07248960 0.01246163 0.03203843 0.13553312 0.00889689 0.08149392 0.09791677 0.05620639 0.11510377 0.04534722 0.00857855 0.06935970 0.11364922 0.08641416 0.06183297 0.02068627 0.03605455 0.06302784 0.01997419 0.01084258 0.03361252 0.02296489 0.03945160 0.05145654 0.04744016 0.02791769 0.03927779 0.02836727 0.02914153 0.06569579 0.03686787 0.03350971 0.04891553 0.27122925 
ceratoscopelus_warmingii     0.17732136 0.16974841 0.19411222 0.17545728 0.17651216 0.18025948 0.19888479 0.16146710 0.17175225 0.17505663 0.00000000 0.17080598 0.23550707 0.17824264 0.32738269 0.17092330 0.16970237 0.16068199 0.16773801 0.17824003 0.18401544 0.20677516 0.17563783 0.16892299 0.27415691 0.16579065 0.22174169 0.22653675 0.19569564 0.23871834 0.18562804 0.17362603 0.15433425 0.23579281 0.20877104 0.20156172 0.17091946 0.17813970 0.19213496 0.16936177 0.16890350 0.17789876 0.17341754 0.18242703 0.17996660 0.18637303 0.17025467 0.18409553 0.17149913 0.17743043 0.20643923 0.18600023 0.17674897 0.18461960 0.40125328 
scomberoides_commersonnianus 0.03473445 0.02908309 0.13163244 0.02248541 0.03597534 0.04150508 0.05732236 0.02174394 0.01663362 0.02225917 0.17080598 0.00000000 0.09563405 0.05197601 0.28047520 0.04255003 0.02536418 0.04421974 0.02747862 0.04491826 0.04369719 0.07159317 0.02316709 0.03053310 0.13606105 0.02126197 0.08044828 0.09718681 0.05571035 0.11573345 0.04447409 0.02131920 0.06717972 0.11315993 0.08501733 0.06058285 0.01497985 0.03454891 0.06275698 0.01482935 0.02136411 0.03175555 0.02077422 0.03738666 0.04967492 0.04615948 0.02636228 0.03725509 0.02667405 0.02729354 0.06528228 0.03540405 0.03191090 0.04767505 0.27031262 
samariscus_xenicus           0.09883921 0.09445777 0.19097436 0.09578007 0.09162841 0.10301951 0.10418687 0.09164771 0.09223483 0.09663275 0.23550707 0.09563405 0.00000000 0.11795506 0.33482064 0.10844964 0.09234246 0.08654109 0.09381165 0.11125133 0.09428985 0.11468139 0.09655689 0.09722592 0.17025740 0.09305588 0.12592839 0.13630396 0.10151544 0.15002470 0.09442447 0.09633797 0.13366472 0.14683563 0.14381858 0.10669072 0.09414716 0.09994824 0.11039152 0.09267383 0.09505932 0.09941780 0.09632225 0.10508097 0.11484524 0.09598993 0.09306490 0.10474523 0.09338995 0.10255273 0.10766516 0.11002303 0.09887092 0.09197648 0.32749588 
kurtus_gulliveri             0.05727423 0.05128885 0.14149628 0.05450150 0.05886895 0.06324936 0.08034655 0.05084905 0.04924389 0.05416535 0.17824264 0.05197601 0.11795506 0.00000000 0.28913769 0.05294761 0.04847617 0.06346832 0.04914089 0.05874704 0.06584100 0.09245986 0.05475943 0.05304251 0.15616110 0.05171940 0.10367358 0.11866696 0.07815938 0.13567973 0.06671992 0.05312960 0.07643491 0.13347276 0.09549170 0.08330288 0.05051925 0.05709649 0.08420723 0.04995334 0.05238754 0.05516288 0.05301354 0.06044004 0.03682722 0.06857723 0.04877684 0.06042677 0.04997809 0.05937041 0.08675146 0.06687781 0.05455126 0.06929780 0.28012404 
gadus_morhua                 0.28459935 0.27530562 0.29534721 0.28325701 0.28203906 0.28611811 0.30397813 0.26857829 0.28017664 0.28111868 0.32738269 0.28047520 0.33482064 0.28913769 0.00000000 0.28444622 0.27900774 0.25966900 0.28026248 0.28682878 0.29380963 0.31530467 0.28355735 0.28093622 0.37352390 0.27159712 0.32797448 0.33321140 0.30109850 0.32929245 0.29294553 0.28364152 0.26800241 0.33350123 0.31786858 0.30894619 0.27959949 0.28556836 0.29159870 0.27526745 0.27579107 0.28760086 0.28321896 0.29467557 0.28828000 0.29541388 0.27640750 0.29396561 0.28247785 0.28973182 0.31399034 0.29732044 0.28432403 0.29200223 0.49833731 
scomber_scombrus             0.04744790 0.04147849 0.13289104 0.04437418 0.04957726 0.05399644 0.07008525 0.04173093 0.03909622 0.04442323 0.17092330 0.04255003 0.10844964 0.05294761 0.28444622 0.00000000 0.03856207 0.05507636 0.03973073 0.04836356 0.05616922 0.08363662 0.04482419 0.04329066 0.14967786 0.04229039 0.09426568 0.10995023 0.06844331 0.12903457 0.05755956 0.04332203 0.06870268 0.12718550 0.08052656 0.07368431 0.04057081 0.04724418 0.07644896 0.03970855 0.04255077 0.04500968 0.04273718 0.05048261 0.05028268 0.05869481 0.03876205 0.05024651 0.04004381 0.04910809 0.07789892 0.05685109 0.04449968 0.06022159 0.26851063 
toxotes_jaculatrix           0.03081436 0.02534110 0.12924622 0.02761198 0.03266277 0.03786403 0.05357681 0.02623136 0.02138517 0.02721432 0.16970237 0.02536418 0.09234246 0.04847617 0.27900774 0.03856207 0.00000000 0.04154941 0.02337123 0.04150513 0.04013662 0.06874519 0.02791925 0.02699487 0.13222446 0.02577183 0.07737276 0.09464488 0.05192032 0.11340068 0.04123974 0.02598216 0.06396525 0.11079152 0.08206031 0.05706377 0.02322105 0.03071063 0.05974559 0.02275722 0.02611000 0.02701852 0.02553766 0.03283941 0.04644710 0.04267284 0.02202446 0.03257292 0.01908200 0.03197073 0.06137000 0.03974302 0.02728589 0.04431170 0.26738341 
scophthalmus_rhombus         0.04828914 0.04314382 0.12837602 0.04531723 0.04165845 0.05282150 0.05452800 0.04443297 0.04176196 0.04526616 0.16068199 0.04421974 0.08654109 0.06346832 0.25966900 0.05507636 0.04154941 0.00000000 0.04212943 0.05640403 0.04082436 0.06120013 0.04603548 0.04474984 0.12058028 0.04426549 0.07526975 0.08260222 0.05336927 0.09612616 0.04131087 0.04485924 0.07570371 0.09468101 0.08601823 0.05874041 0.04270295 0.04880852 0.06206014 0.04243404 0.04443027 0.04727891 0.04454881 0.05158729 0.06152790 0.04310048 0.04259909 0.05135197 0.04234544 0.04881090 0.06228025 0.05661534 0.04670063 0.04608050 0.23994306 
centropomus_medius           0.03258686 0.02606242 0.12714719 0.02918315 0.03344662 0.03869910 0.05421804 0.02727399 0.02324108 0.02925084 0.16773801 0.02747862 0.09381165 0.04914089 0.28026248 0.03973073 0.02337123 0.04212943 0.00000000 0.04178864 0.04132266 0.06759022 0.02997484 0.02645726 0.13359622 0.02718985 0.07787350 0.09447769 0.05291753 0.11190106 0.04209112 0.02812591 0.06537451 0.10962378 0.08129564 0.05798811 0.02504986 0.03245808 0.05953316 0.02476317 0.02776685 0.02941959 0.02765671 0.03488661 0.04715927 0.04368091 0.02292794 0.03459748 0.02363488 0.03408224 0.06253812 0.04220866 0.02956491 0.04485279 0.26767713 
acanthurus_bahianus          0.05079273 0.04479123 0.13741379 0.04691734 0.05200992 0.05731271 0.07331498 0.04382676 0.04180723 0.04673276 0.17824003 0.04491826 0.11125133 0.05874704 0.28682878 0.04836356 0.04150513 0.05640403 0.04178864 0.00000000 0.05917503 0.08537410 0.04754898 0.04484144 0.15057628 0.04452873 0.09744553 0.11098724 0.07132691 0.12726322 0.05996755 0.04607223 0.07349378 0.12661251 0.09120961 0.07675735 0.04383499 0.05067008 0.07756077 0.04283518 0.04525934 0.04804686 0.04588191 0.05351177 0.05590696 0.06109093 0.04156644 0.05334168 0.04302933 0.05227925 0.08048987 0.05993892 0.04817898 0.06304240 0.27849491 
paralichthys_albigutta       0.04855888 0.04275806 0.14525361 0.04489206 0.04072123 0.05342638 0.05630142 0.04274155 0.04039313 0.04461540 0.18401544 0.04369719 0.09428985 0.06584100 0.29380963 0.05616922 0.04013662 0.04082436 0.04132266 0.05917503 0.00000000 0.05823864 0.04553046 0.04413015 0.13184042 0.04298054 0.08083228 0.08453951 0.05460672 0.10352529 0.00928607 0.04390055 0.08109630 0.10013213 0.09604073 0.06053430 0.04165069 0.04866990 0.06476437 0.04105174 0.04331127 0.04652102 0.04377710 0.05162129 0.06368464 0.01775168 0.04066744 0.05133018 0.04100977 0.04939703 0.06494612 0.05790734 0.04633485 0.04736990 0.28498556 
cyclopsetta_fimbriata        0.07621984 0.06934130 0.16553014 0.07171277 0.06624983 0.08007693 0.08163767 0.06863504 0.06916587 0.07248960 0.20677516 0.07159317 0.11468139 0.09245986 0.31530467 0.08363662 0.06874519 0.06120013 0.06759022 0.08537410 0.05823864 0.00000000 0.07286795 0.07002537 0.15277425 0.06938455 0.10606921 0.07352752 0.07958133 0.11068841 0.05846777 0.07151641 0.10886285 0.10749956 0.11686954 0.08594474 0.07037829 0.07517726 0.08441922 0.06915747 0.06965909 0.07520092 0.07184444 0.07980235 0.09132248 0.06047424 0.06877574 0.07979667 0.06909762 0.07647007 0.08905518 0.08487013 0.07489056 0.07159409 0.30830952 
alectis_indicus              0.03705143 0.03184066 0.13487311 0.01233632 0.03833035 0.04342131 0.05936599 0.01217938 0.01819623 0.01246163 0.17563783 0.02316709 0.09655689 0.05475943 0.28355735 0.04482419 0.02791925 0.04603548 0.02997484 0.04754898 0.04553046 0.07286795 0.00000000 0.03330962 0.13704611 0.01082445 0.08207859 0.09885188 0.05767284 0.11769664 0.04645125 0.01036821 0.07014309 0.11531970 0.08787908 0.06242260 0.02139607 0.03710517 0.06502471 0.02058911 0.01178730 0.03404235 0.02337968 0.03998208 0.05209244 0.04802529 0.02874215 0.03966682 0.02909411 0.02910799 0.06558174 0.03781095 0.03446014 0.04968099 0.27644917 
sphyraena_putnamae           0.03601434 0.01784630 0.12850628 0.03243564 0.03612608 0.04177700 0.05703428 0.03038788 0.02703092 0.03203843 0.16892299 0.03053310 0.09722592 0.05304251 0.28093622 0.04329066 0.02699487 0.04474984 0.02645726 0.04484144 0.04413015 0.07002537 0.03330962 0.00000000 0.13615704 0.03085173 0.08124995 0.09672680 0.05545479 0.11467548 0.04479014 0.03154883 0.06741939 0.11279242 0.08267901 0.06170365 0.02819994 0.03566402 0.06142310 0.02777988 0.03055047 0.03315855 0.03103705 0.03816668 0.05022157 0.04663091 0.02673078 0.03830363 0.02768358 0.03634310 0.06564488 0.04479270 0.03305578 0.04758604 0.26768508 
symphurus_plagiusa           0.13964138 0.13383344 0.22987632 0.13515943 0.13003697 0.13935616 0.14285484 0.12896035 0.13256267 0.13553312 0.27415691 0.13606105 0.17025740 0.15616110 0.37352390 0.14967786 0.13222446 0.12058028 0.13359622 0.15057628 0.13184042 0.15277425 0.13704611 0.13615704 0.00000000 0.13221983 0.16464910 0.17380361 0.14076281 0.18157845 0.13297094 0.13656265 0.17317589 0.18276549 0.17821658 0.14428437 0.13434864 0.14056811 0.14938791 0.13229039 0.13361347 0.14018742 0.13645855 0.14656106 0.15625349 0.13505089 0.13431108 0.14613852 0.13462058 0.14266277 0.13718923 0.15006995 0.13741233 0.12498142 0.37472123 
megalaspis_cordyla           0.03368201 0.02917184 0.12947110 0.00875673 0.03551736 0.04088932 0.05631445 0.00961278 0.01619028 0.00889689 0.16579065 0.02126197 0.09305588 0.05171940 0.27159712 0.04229039 0.02577183 0.04426549 0.02718985 0.04452873 0.04298054 0.06938455 0.01082445 0.03085173 0.13221983 0.00000000 0.07931405 0.09367732 0.05469704 0.11097486 0.04370699 0.00361724 0.06685503 0.10911790 0.08267463 0.05979718 0.01909035 0.03423472 0.06113127 0.01854677 0.00930241 0.03175902 0.02117688 0.03764401 0.04937014 0.04532143 0.02613547 0.03725033 0.02666668 0.02735398 0.06303859 0.03505246 0.03195520 0.04693934 0.26072762 
gymnachirus_melas            0.08541922 0.07943169 0.17846951 0.08141847 0.07752608 0.08901195 0.08804561 0.07853556 0.07674134 0.08149392 0.22174169 0.08044828 0.12592839 0.10367358 0.32797448 0.09426568 0.07737276 0.07526975 0.07787350 0.09744553 0.08083228 0.10606921 0.08207859 0.08124995 0.16464910 0.07931405 0.00000000 0.12961342 0.08577947 0.14123855 0.08119147 0.08064691 0.11915710 0.14043444 0.13195478 0.04415627 0.07880420 0.08569746 0.09937741 0.07800246 0.07984978 0.08394667 0.08096732 0.08938146 0.10094036 0.08333024 0.07778042 0.08940260 0.07824438 0.08659594 0.09758446 0.09547820 0.08351132 0.08076341 0.31995545 
etropus_cyclosquamus         0.10250649 0.09492390 0.19057737 0.09690437 0.09220913 0.10488779 0.10664023 0.09177943 0.09536450 0.09791677 0.22653675 0.09718681 0.13630396 0.11866696 0.33321140 0.10995023 0.09464488 0.08260222 0.09447769 0.11098724 0.08453951 0.07352752 0.09885188 0.09672680 0.17380361 0.09367732 0.12961342 0.00000000 0.10422490 0.12696121 0.08406729 0.09770837 0.13456040 0.12473807 0.13981292 0.11087744 0.09641341 0.10184152 0.10571442 0.09500336 0.09541214 0.10193996 0.09821022 0.10629152 0.11631673 0.08601282 0.09540751 0.10620891 0.09576063 0.10331141 0.11386271 0.11165471 0.10094723 0.09613423 0.33293406 
mancopsetta_maculata         0.06016659 0.05386283 0.15409391 0.05659073 0.05222604 0.06280610 0.00149088 0.05449635 0.05199014 0.05620639 0.19569564 0.05571035 0.10151544 0.07815938 0.30109850 0.06844331 0.05192032 0.05336927 0.05291753 0.07132691 0.05460672 0.07958133 0.05767284 0.05545479 0.14076281 0.05469704 0.08577947 0.10422490 0.00000000 0.12002593 0.05521376 0.05573916 0.09245053 0.11644579 0.10637089 0.06638663 0.05351896 0.06038704 0.07380767 0.05256731 0.05483204 0.05844596 0.05571590 0.06413710 0.07543814 0.05762491 0.05286353 0.06367567 0.05268426 0.06126155 0.07401781 0.06973657 0.05811266 0.05622874 0.29151739 
bothus_pantherinus           0.12044096 0.11241908 0.19773111 0.11610359 0.10975959 0.12021810 0.12186820 0.11046478 0.11361487 0.11510377 0.23871834 0.11573345 0.15002470 0.13567973 0.32929245 0.12903457 0.11340068 0.09612616 0.11190106 0.12726322 0.10352529 0.11068841 0.11769664 0.11467548 0.18157845 0.11097486 0.14123855 0.12696121 0.12002593 0.00000000 0.10237877 0.11599754 0.15032297 0.06927417 0.15421485 0.12841551 0.11496897 0.12137762 0.12010465 0.11330515 0.11380893 0.12021835 0.11611305 0.12440721 0.13614374 0.10381470 0.11376071 0.12367682 0.11380412 0.12106180 0.13171877 0.12987522 0.11911388 0.11460688 0.33526848 
hippoglossina_oblonga        0.04940358 0.04350554 0.14587008 0.04548514 0.04138943 0.05417420 0.05680404 0.04385642 0.04116850 0.04534722 0.18562804 0.04447409 0.09442447 0.06671992 0.29294553 0.05755956 0.04123974 0.04131087 0.04209112 0.05996755 0.00928607 0.05846777 0.04645125 0.04479014 0.13297094 0.04370699 0.08119147 0.08406729 0.05521376 0.10237877 0.00000000 0.04448758 0.08258693 0.09931357 0.09570724 0.06118351 0.04264091 0.04932686 0.06493405 0.04195297 0.04414992 0.04728802 0.04469700 0.05248629 0.06462805 0.01845484 0.04171276 0.05222346 0.04197811 0.05032968 0.06491271 0.05865053 0.04714192 0.04793786 0.28515052 
caranx_melampygus            0.03488023 0.02982748 0.13383690 0.00867579 0.03622737 0.04164408 0.05752412 0.00975106 0.01635428 0.00857855 0.17362603 0.02131920 0.09633797 0.05312960 0.28364152 0.04332203 0.02598216 0.04485924 0.02812591 0.04607223 0.04390055 0.07151641 0.01036821 0.03154883 0.13656265 0.00361724 0.08064691 0.09770837 0.05573916 0.11599754 0.04448758 0.00000000 0.06841445 0.11328351 0.08568154 0.06096661 0.01961775 0.03503122 0.06273540 0.01891174 0.00930437 0.03219577 0.02170030 0.03832780 0.05046668 0.04637260 0.02657432 0.03804191 0.02706733 0.02787176 0.06527777 0.03594933 0.03236740 0.04771267 0.27274413 
myripristis_violacea         0.07271616 0.06621261 0.11401593 0.06965381 0.07320520 0.07853917 0.09483921 0.06524151 0.06513544 0.06935970 0.15433425 0.06717972 0.13366472 0.07643491 0.26800241 0.06870268 0.06396525 0.07570371 0.06537451 0.07349378 0.08109630 0.10886285 0.07014309 0.06741939 0.17317589 0.06685503 0.11915710 0.13456040 0.09245053 0.15032297 0.08258693 0.06841445 0.00000000 0.14904894 0.10967249 0.09787504 0.06616613 0.07233537 0.09798028 0.06504752 0.06700347 0.07043319 0.06808547 0.07652249 0.07338935 0.08395394 0.06426340 0.07635043 0.06528570 0.07489778 0.10269589 0.08296892 0.07044677 0.08450582 0.29964781 
crossorhombus_kobensis       0.11829057 0.11123812 0.20226317 0.11411369 0.10743131 0.11881684 0.11850544 0.10758024 0.11107467 0.11364922 0.23579281 0.11315993 0.14683563 0.13347276 0.33350123 0.12718550 0.11079152 0.09468101 0.10962378 0.12661251 0.10013213 0.10749956 0.11531970 0.11279242 0.18276549 0.10911790 0.14043444 0.12473807 0.11644579 0.06927417 0.09931357 0.11328351 0.14904894 0.00000000 0.15208061 0.12585387 0.11309512 0.11743331 0.11814550 0.11218440 0.11143655 0.11777195 0.11411073 0.12363793 0.13350959 0.10039344 0.11094162 0.12259293 0.11189163 0.11955285 0.12922272 0.12771805 0.11549411 0.11149875 0.33242359 
pseudupeneus_maculatus       0.08914128 0.08251116 0.16674920 0.08695242 0.08922122 0.09436534 0.10848317 0.08095810 0.08242395 0.08641416 0.20877104 0.08501733 0.14381858 0.09549170 0.31786858 0.08052656 0.08206031 0.08601823 0.08129564 0.09120961 0.09604073 0.11686954 0.08787908 0.08267901 0.17821658 0.08267463 0.13195478 0.13981292 0.10637089 0.15421485 0.09570724 0.08568154 0.10967249 0.15208061 0.00000000 0.11221987 0.08402397 0.08864315 0.10716570 0.08272023 0.08372095 0.08895893 0.08620221 0.09414123 0.09368197 0.09844917 0.08228336 0.09374059 0.08366327 0.08993165 0.11698589 0.09918143 0.08842026 0.09903558 0.28972074 
trinectes_maculatus          0.06634983 0.06029602 0.15984739 0.06209027 0.05764635 0.06926255 0.06849049 0.05896764 0.05707629 0.06183297 0.20156172 0.06058285 0.10669072 0.08330288 0.30894619 0.07368431 0.05706377 0.05874041 0.05798811 0.07675735 0.06053430 0.08594474 0.06242260 0.06170365 0.14428437 0.05979718 0.04415627 0.11087744 0.06638663 0.12841551 0.06118351 0.06096661 0.09787504 0.12585387 0.11221987 0.00000000 0.05891990 0.06642926 0.08082194 0.05808975 0.06026863 0.06343416 0.06083692 0.06931858 0.08092452 0.06281740 0.05776914 0.06915056 0.05867688 0.06672372 0.07770583 0.07490123 0.06363199 0.06236597 0.30149572 
trachinotus_blochii          0.03295296 0.02703956 0.13136042 0.02069164 0.03374927 0.03958763 0.05513595 0.01997703 0.01439852 0.02068627 0.17091946 0.01497985 0.09414716 0.05051925 0.27959949 0.04057081 0.02322105 0.04270295 0.02504986 0.04383499 0.04165069 0.07037829 0.02139607 0.02819994 0.13434864 0.01909035 0.07880420 0.09641341 0.05351896 0.11496897 0.04264091 0.01961775 0.06616613 0.11309512 0.08402397 0.05891990 0.00000000 0.03307977 0.06110417 0.00255720 0.01933921 0.02919257 0.01833564 0.03502954 0.04835236 0.04390741 0.02404781 0.03493811 0.02429268 0.02458989 0.06328946 0.03308373 0.02993784 0.04580002 0.27012545 
polydactylus_sexfilis        0.00809449 0.03416831 0.13690591 0.03640115 0.04064610 0.04628221 0.06232019 0.03447199 0.03136340 0.03605455 0.17813970 0.03454891 0.09994824 0.05709649 0.28556836 0.04724418 0.03071063 0.04880852 0.03245808 0.05067008 0.04866990 0.07517726 0.03710517 0.03566402 0.14056811 0.03423472 0.08569746 0.10184152 0.06038704 0.12137762 0.04932686 0.03503122 0.07233537 0.11743331 0.08864315 0.06642926 0.03307977 0.00000000 0.06670262 0.03227017 0.03471980 0.03742612 0.03482593 0.04310106 0.05507763 0.05105718 0.03158573 0.04277388 0.03242082 0.04154196 0.06958080 0.04926679 0.03702349 0.05235914 0.27248429 
citharus_linguata            0.06724165 0.06008448 0.15760999 0.06278761 0.03537283 0.06766815 0.07580967 0.06019062 0.05994541 0.06302784 0.19213496 0.06275698 0.11039152 0.08420723 0.29159870 0.07644896 0.05974559 0.06206014 0.05953316 0.07756077 0.06476437 0.08441922 0.06502471 0.06142310 0.14938791 0.06113127 0.09937741 0.10571442 0.07380767 0.12010465 0.06493405 0.06273540 0.09798028 0.11814550 0.10716570 0.08082194 0.06110417 0.06670262 0.00000000 0.06064998 0.06112704 0.06634338 0.06303737 0.07134947 0.08232729 0.06735356 0.06004812 0.07102965 0.05999315 0.06872797 0.08587225 0.07663124 0.06508836 0.06803456 0.29252644 
trachinotus_ovatus           0.03209249 0.02650982 0.12936161 0.01991642 0.03354437 0.03885750 0.05419050 0.01934154 0.01389456 0.01997419 0.16936177 0.01482935 0.09267383 0.04995334 0.27526745 0.03970855 0.02275722 0.04243404 0.02476317 0.04283518 0.04105174 0.06915747 0.02058911 0.02777988 0.13229039 0.01854677 0.07800246 0.09500336 0.05256731 0.11330515 0.04195297 0.01891174 0.06504752 0.11218440 0.08272023 0.05808975 0.00255720 0.03227017 0.06064998 0.00000000 0.01876998 0.02865889 0.01771433 0.03439340 0.04771175 0.04310185 0.02351308 0.03433692 0.02372408 0.02446304 0.06222709 0.03225988 0.02924341 0.04510166 0.26245764 
trachurus_trachurus          0.03479910 0.02935051 0.13081170 0.01069566 0.03540368 0.04151078 0.05659912 0.00557397 0.01653601 0.01084258 0.16890350 0.02136411 0.09505932 0.05238754 0.27579107 0.04255077 0.02611000 0.04443027 0.02776685 0.04525934 0.04331127 0.06965909 0.01178730 0.03055047 0.13361347 0.00930241 0.07984978 0.09541214 0.05483204 0.11380893 0.04414992 0.00930437 0.06700347 0.11143655 0.08372095 0.06026863 0.01933921 0.03471980 0.06112704 0.01876998 0.00000000 0.03247059 0.02162004 0.03787849 0.04954620 0.04618105 0.02650265 0.03773703 0.02705010 0.02778562 0.06410316 0.03564199 0.03250078 0.04742616 0.26743216 
xiphius_gladius              0.03720814 0.03127362 0.13591862 0.03381253 0.03835572 0.04414844 0.06030633 0.03224824 0.02743447 0.03361252 0.17789876 0.03175555 0.09941780 0.05516288 0.28760086 0.04500968 0.02701852 0.04727891 0.02941959 0.04804686 0.04652102 0.07520092 0.03404235 0.03315855 0.14018742 0.03175902 0.08394667 0.10193996 0.05844596 0.12021835 0.04728802 0.03219577 0.07043319 0.11777195 0.08895893 0.06343416 0.02919257 0.03742612 0.06634338 0.02865889 0.03247059 0.00000000 0.03136133 0.03074594 0.05284166 0.04858496 0.02846127 0.03042140 0.02825027 0.03803513 0.06754290 0.04642776 0.03257502 0.05021235 0.27475588 
rachycentron_canadum         0.03476710 0.02952210 0.13308616 0.02299093 0.03616140 0.04162914 0.05735550 0.02173732 0.01702039 0.02296489 0.17341754 0.02077422 0.09632225 0.05301354 0.28321896 0.04273718 0.02553766 0.04454881 0.02765671 0.04588191 0.04377710 0.07184444 0.02337968 0.03103705 0.13645855 0.02117688 0.08096732 0.09821022 0.05571590 0.11611305 0.04469700 0.02170030 0.06808547 0.11411073 0.08620221 0.06083692 0.01833564 0.03482593 0.06303737 0.01771433 0.02162004 0.03136133 0.00000000 0.03752665 0.05020204 0.04616225 0.02651193 0.03726116 0.02656305 0.01500768 0.06510813 0.02867124 0.03226591 0.04760293 0.27252991 
tetrapturus_angustirostris   0.04289159 0.03691062 0.14166941 0.03972534 0.04409323 0.04930491 0.06600854 0.03735768 0.03379599 0.03945160 0.18242703 0.03738666 0.10508097 0.06044004 0.29467557 0.05048261 0.03283941 0.05158729 0.03488661 0.05351177 0.05162129 0.07980235 0.03998208 0.03816668 0.14656106 0.03764401 0.08938146 0.10629152 0.06413710 0.12440721 0.05248629 0.03832780 0.07652249 0.12363793 0.09414123 0.06931858 0.03502954 0.04310106 0.07134947 0.03439340 0.03787849 0.03074594 0.03752665 0.00000000 0.05826428 0.05405489 0.03403962 0.00289618 0.03439226 0.04353187 0.07344781 0.05177428 0.03814870 0.05548316 0.28307573 
apogon_lateralis             0.05491566 0.04907990 0.13815232 0.05190129 0.05673660 0.06140688 0.07755392 0.04860272 0.04690973 0.05145654 0.17996660 0.04967492 0.11484524 0.03682722 0.28828000 0.05028268 0.04644710 0.06152790 0.04715927 0.05590696 0.06368464 0.09132248 0.05209244 0.05022157 0.15625349 0.04937014 0.10094036 0.11631673 0.07543814 0.13614374 0.06462805 0.05046668 0.07338935 0.13350959 0.09368197 0.08092452 0.04835236 0.05507763 0.08232729 0.04771175 0.04954620 0.05284166 0.05020204 0.05826428 0.00000000 0.06612756 0.04647138 0.05812960 0.04766689 0.05590725 0.08466203 0.06380346 0.05273636 0.06676301 0.27945161 
hypopsetta_guttulata         0.05076010 0.04545437 0.14734579 0.04742184 0.04313277 0.05627979 0.05932190 0.04572212 0.04271611 0.04744016 0.18637303 0.04615948 0.09598993 0.06857723 0.29541388 0.05869481 0.04267284 0.04310048 0.04368091 0.06109093 0.01775168 0.06047424 0.04802529 0.04663091 0.13505089 0.04532143 0.08333024 0.08601282 0.05762491 0.10381470 0.01845484 0.04637260 0.08395394 0.10039344 0.09844917 0.06281740 0.04390741 0.05105718 0.06735356 0.04310185 0.04618105 0.04858496 0.04616225 0.05405489 0.06612756 0.00000000 0.04318710 0.05391212 0.04364310 0.05167502 0.06736521 0.06025097 0.04896916 0.04952197 0.28786737 
lates_calcarifer             0.03140670 0.02509566 0.12836415 0.02811667 0.03289789 0.03817123 0.05462737 0.02688157 0.02245495 0.02791769 0.17025467 0.02636228 0.09306490 0.04877684 0.27640750 0.03876205 0.02202446 0.04259909 0.02292794 0.04156644 0.04066744 0.06877574 0.02874215 0.02673078 0.13431108 0.02613547 0.07778042 0.09540751 0.05286353 0.11376071 0.04171276 0.02657432 0.06426340 0.11094162 0.08228336 0.05776914 0.02404781 0.03158573 0.06004812 0.02351308 0.02650265 0.02846127 0.02651193 0.03403962 0.04647138 0.04318710 0.00000000 0.03387679 0.02320040 0.03293619 0.06238455 0.04118941 0.02880075 0.04485719 0.26843476 
istiophorus_platypterus      0.04294565 0.03679664 0.14188749 0.03937343 0.04390771 0.04930354 0.06544366 0.03740079 0.03353956 0.03927779 0.18409553 0.03725509 0.10474523 0.06042677 0.29396561 0.05024651 0.03257292 0.05135197 0.03459748 0.05334168 0.05133018 0.07979667 0.03966682 0.03830363 0.14613852 0.03725033 0.08940260 0.10620891 0.06367567 0.12367682 0.05222346 0.03804191 0.07635043 0.12259293 0.09374059 0.06915056 0.03493811 0.04277388 0.07102965 0.03433692 0.03773703 0.03042140 0.03726116 0.00289618 0.05812960 0.05391212 0.03387679 0.00000000 0.03405874 0.04341921 0.07328032 0.05144319 0.03779454 0.05556449 0.28387208 
leptobrama_muelleri          0.03247767 0.02601088 0.13044560 0.02838680 0.03327199 0.03853704 0.05381636 0.02665297 0.02253533 0.02836727 0.17149913 0.02667405 0.09338995 0.04997809 0.28247785 0.04004381 0.01908200 0.04234544 0.02363488 0.04302933 0.04100977 0.06909762 0.02909411 0.02768358 0.13462058 0.02666668 0.07824438 0.09576063 0.05268426 0.11380412 0.04197811 0.02706733 0.06528570 0.11189163 0.08366327 0.05867688 0.02429268 0.03242082 0.05999315 0.02372408 0.02705010 0.02825027 0.02656305 0.03439226 0.04766689 0.04364310 0.02320040 0.03405874 0.00000000 0.03318652 0.06319886 0.04146782 0.02850727 0.04498362 0.27034333 
coryphaena_hippurus          0.04140035 0.03498800 0.13815347 0.02915912 0.04232775 0.04789984 0.06248502 0.02727531 0.02380153 0.02914153 0.17743043 0.02729354 0.10255273 0.05937041 0.28973182 0.04910809 0.03197073 0.04881090 0.03408224 0.05227925 0.04939703 0.07647007 0.02910799 0.03634310 0.14266277 0.02735398 0.08659594 0.10331141 0.06126155 0.12106180 0.05032968 0.02787176 0.07489778 0.11955285 0.08993165 0.06672372 0.02458989 0.04154196 0.06872797 0.02446304 0.02778562 0.03803513 0.01500768 0.04353187 0.05590725 0.05167502 0.03293619 0.04341921 0.03318652 0.00000000 0.07101314 0.03464392 0.03874996 0.05285963 0.27784466 
parachirus_xenicus           0.06967056 0.06364369 0.16521234 0.06558948 0.06211823 0.07405325 0.07502501 0.06315376 0.06157578 0.06569579 0.20643923 0.06528228 0.10766516 0.08675146 0.31399034 0.07789892 0.06137000 0.06228025 0.06253812 0.08048987 0.06494612 0.08905518 0.06558174 0.06564488 0.13718923 0.06303859 0.09758446 0.11386271 0.07401781 0.13171877 0.06491271 0.06527777 0.10269589 0.12922272 0.11698589 0.07770583 0.06328946 0.06958080 0.08587225 0.06222709 0.06410316 0.06754290 0.06510813 0.07344781 0.08466203 0.06736521 0.06238455 0.07328032 0.06319886 0.07101314 0.00000000 0.07885622 0.06766204 0.05710746 0.30519618 
echeneis_cf_naucratoides     0.04924571 0.04307542 0.14621489 0.03716252 0.05048757 0.05609416 0.07114668 0.03494129 0.03198474 0.03686787 0.18600023 0.03540405 0.11002303 0.06687781 0.29732044 0.05685109 0.03974302 0.05661534 0.04220866 0.05993892 0.05790734 0.08487013 0.03781095 0.04479270 0.15006995 0.03505246 0.09547820 0.11165471 0.06973657 0.12987522 0.05865053 0.03594933 0.08296892 0.12771805 0.09918143 0.07490123 0.03308373 0.04926679 0.07663124 0.03225988 0.03564199 0.04642776 0.02867124 0.05177428 0.06380346 0.06025097 0.04118941 0.05144319 0.04146782 0.03464392 0.07885622 0.00000000 0.04713457 0.06147513 0.28679170 
mene_maculatus               0.03706510 0.03121859 0.13623607 0.03382761 0.03877862 0.04379988 0.05974786 0.03220268 0.02781748 0.03350971 0.17674897 0.03191090 0.09887092 0.05455126 0.28432403 0.04449968 0.02728589 0.04670063 0.02956491 0.04817898 0.04633485 0.07489056 0.03446014 0.03305578 0.13741233 0.03195520 0.08351132 0.10094723 0.05811266 0.11911388 0.04714192 0.03236740 0.07044677 0.11549411 0.08842026 0.06363199 0.02993784 0.03702349 0.06508836 0.02924341 0.03250078 0.03257502 0.03226591 0.03814870 0.05273636 0.04896916 0.02880075 0.03779454 0.02850727 0.03874996 0.06766204 0.04713457 0.00000000 0.05073352 0.27411584 
poecilopsetta_plinthus       0.05231705 0.04602275 0.14641820 0.04905602 0.04472328 0.05646623 0.05783166 0.04666928 0.04430250 0.04891553 0.18461960 0.04767505 0.09197648 0.06929780 0.29200223 0.06022159 0.04431170 0.04608050 0.04485279 0.06304240 0.04736990 0.07159409 0.04968099 0.04758604 0.12498142 0.04693934 0.08076341 0.09613423 0.05622874 0.11460688 0.04793786 0.04771267 0.08450582 0.11149875 0.09903558 0.06236597 0.04580002 0.05235914 0.06803456 0.04510166 0.04742616 0.05021235 0.04760293 0.05548316 0.06676301 0.04952197 0.04485719 0.05556449 0.04498362 0.05285963 0.05710746 0.06147513 0.05073352 0.00000000 0.28223940 
syngnathus_fuscus            0.27697219 0.26361786 0.34844575 0.27179809 0.27588658 0.27422450 0.29619954 0.24976567 0.26978603 0.27122925 0.40125328 0.27031262 0.32749588 0.28012404 0.49833731 0.26851063 0.26738341 0.23994306 0.26767713 0.27849491 0.28498556 0.30830952 0.27644917 0.26768508 0.37472123 0.26072762 0.31995545 0.33293406 0.29151739 0.33526848 0.28515052 0.27274413 0.29964781 0.33242359 0.28972074 0.30149572 0.27012545 0.27248429 0.29252644 0.26245764 0.26743216 0.27475588 0.27252991 0.28307573 0.27945161 0.28786737 0.26843476 0.28387208 0.27034333 0.27784466 0.30519618 0.28679170 0.27411584 0.28223940 0.00000000 
