106
abroscopus_albogularis_ku_28164        0.00000000 0.03035997 0.03008779 0.02034514 0.01808081 0.02698627 0.03145419 0.02770583 0.01979696 0.02704523 0.02558428 0.02856574 0.02980437 0.02438704 0.02626941 0.02811128 0.02215064 0.02947918 0.02413813 0.02274660 0.03313591 0.02670943 0.02652482 0.02588222 0.02121162 0.02447351 0.02530413 0.02434740 0.01850170 0.02760565 0.01872027 0.02640515 0.02972388 0.02591157 0.04184141 0.02329623 0.01836456 0.02561701 0.02602674 0.02421733 0.02923933 0.02496580 0.02131142 0.02567610 0.01641463 0.03356005 0.02393358 0.02623886 0.03141368 0.02471618 0.02127223 0.01161084 0.02590422 0.02589072 0.02509363 0.02361003 0.02017425 0.02232962 0.02692361 0.02207969 0.02479804 0.02716739 0.02223826 0.01999318 0.02397584 0.02221330 0.02149777 0.02966304 0.02350862 0.02485331 0.01881198 0.02775607 0.02461493 0.02437833 0.01839159 0.02851861 0.05081280 0.02279770 0.02258448 0.03032703 0.02812621 0.02328290 0.02261431 0.02385433 0.01988348 0.02015326 0.02332839 0.02783434 0.02587533 0.02090970 0.02806677 0.02831673 0.02593295 0.02827503 0.01788404 0.02643770 0.02540195 0.02463567 0.02097555 0.02148351 0.01153397 0.02037218 0.02268930 0.02663635 0.02533097 0.02637778 
timeliopsis_fulvigula_12152            0.03035997 0.00000000 0.01318421 0.03398378 0.03273153 0.02946134 0.03286960 0.03072230 0.03364477 0.03649160 0.03457733 0.03502168 0.03959428 0.03350764 0.02946382 0.03778467 0.03554373 0.02800522 0.02714049 0.02424737 0.03520499 0.02936629 0.03615470 0.02875890 0.03299670 0.03265064 0.03116689 0.03668664 0.03545278 0.03700206 0.01809924 0.02900325 0.01245153 0.03526509 0.04389471 0.03714662 0.03355939 0.03489414 0.03522348 0.02568396 0.03276739 0.02884353 0.03529274 0.02897998 0.02421059 0.03134663 0.02815304 0.01063523 0.03228454 0.03026569 0.02718783 0.01079249 0.02885821 0.03509301 0.03289044 0.03232796 0.02977023 0.02680827 0.03016724 0.02202328 0.02710321 0.02922050 0.03640174 0.03380529 0.02705057 0.03452254 0.02224404 0.02418990 0.03272789 0.03421907 0.01812547 0.03428966 0.03386450 0.02890025 0.03370437 0.03419783 0.05464012 0.03106647 0.03663232 0.03288390 0.03138981 0.03716525 0.03136597 0.03309690 0.03623546 0.02010083 0.02342718 0.02682578 0.02833612 0.03479295 0.03693484 0.03886250 0.02870075 0.03189631 0.03299125 0.03539907 0.02782927 0.03359828 0.03520259 0.03463152 0.03125141 0.03426094 0.02707546 0.03567671 0.03431351 0.02831560 
acanthorhynchus_tenuirostris_ku_10667  0.03008779 0.01318421 0.00000000 0.03396582 0.03249029 0.02963589 0.03285670 0.03101072 0.03358745 0.03643865 0.03473055 0.03477636 0.03953906 0.03349754 0.02927110 0.03772280 0.03517267 0.02760863 0.02707295 0.02395568 0.03531321 0.02943397 0.03636155 0.02866570 0.03280953 0.03241332 0.03093803 0.03667085 0.03565017 0.03691437 0.01755330 0.02906093 0.01244807 0.03515006 0.04379913 0.03721440 0.03353735 0.03476009 0.03525577 0.02543785 0.03270143 0.02868132 0.03534922 0.02871442 0.02389009 0.03129220 0.02793350 0.01065579 0.03226683 0.03043512 0.02677560 0.01038917 0.02873884 0.03500525 0.03275013 0.03214561 0.02930601 0.02650771 0.02991601 0.02191199 0.02681383 0.02941687 0.03664544 0.03376713 0.02690124 0.03423383 0.02191577 0.02427347 0.03259475 0.03413784 0.01750182 0.03435042 0.03381768 0.02894874 0.03378168 0.03405172 0.05465599 0.03090991 0.03666126 0.03278559 0.03142677 0.03717157 0.03126086 0.03285182 0.03635107 0.01963431 0.02319753 0.02681786 0.02834887 0.03484993 0.03674193 0.03910404 0.02884860 0.03188691 0.03297476 0.03524344 0.02776839 0.03354646 0.03531612 0.03466533 0.03100059 0.03417097 0.02705382 0.03570944 0.03407154 0.02807742 
acrocephalus_orientalis_ku_28793       0.02034514 0.03398378 0.03396582 0.00000000 0.02163897 0.03012462 0.03608671 0.03103238 0.02205109 0.03038559 0.02886647 0.03218388 0.03358438 0.02740134 0.02945232 0.03175957 0.02462881 0.03068432 0.02617281 0.02447627 0.03874256 0.02968689 0.02974106 0.02904216 0.02260289 0.02697798 0.02881089 0.02708392 0.02414975 0.03116347 0.01887973 0.02941679 0.03363426 0.02928127 0.04655865 0.02561764 0.02230618 0.02829758 0.02901505 0.02607950 0.03311439 0.02757987 0.02386659 0.02903614 0.01634704 0.03793462 0.02666444 0.02760658 0.03583084 0.02817582 0.02230777 0.01143568 0.02916713 0.02929633 0.02762915 0.02595906 0.02142024 0.02530381 0.03044254 0.02274931 0.02748882 0.03065942 0.02499106 0.02201328 0.02741674 0.02472547 0.02276848 0.03365299 0.02624093 0.02829475 0.01861540 0.03241464 0.02769275 0.02702213 0.02230531 0.03169700 0.05748278 0.02517470 0.02523749 0.03358792 0.03156045 0.02570901 0.02549031 0.02710223 0.02456047 0.02021571 0.02389921 0.02985010 0.02873646 0.02332380 0.03101696 0.03200862 0.02907367 0.03226339 0.02165637 0.02980736 0.02821113 0.02774738 0.02392140 0.02390907 0.02060538 0.02282708 0.02535785 0.02978151 0.02812903 0.02901097 
aegithalos_concinnus_ku_28044          0.01808081 0.03273153 0.03249029 0.02163897 0.00000000 0.02920831 0.03465148 0.02968104 0.02117867 0.02930698 0.02768339 0.03121582 0.03243789 0.02639106 0.02837822 0.03047893 0.02378405 0.03039437 0.02572964 0.02413341 0.03661993 0.02880357 0.02872778 0.02801021 0.02218187 0.02612614 0.02786712 0.02601736 0.02097240 0.03002849 0.01904979 0.02812118 0.03220475 0.02796788 0.04521080 0.02479064 0.01971411 0.02779128 0.02805120 0.02550399 0.03184548 0.02697707 0.02306972 0.02772033 0.01685521 0.03619387 0.02562642 0.02738733 0.03437210 0.02707941 0.02235080 0.01149459 0.02795687 0.02812287 0.02659083 0.02527629 0.02100694 0.02442835 0.02923708 0.02239388 0.02673553 0.02947157 0.02392630 0.02163156 0.02632695 0.02397253 0.02234568 0.03213801 0.02534680 0.02695453 0.01892916 0.03077586 0.02678698 0.02645440 0.01969184 0.03076759 0.05507885 0.02450460 0.02449826 0.03242286 0.03041630 0.02471133 0.02458830 0.02591312 0.01201732 0.02065216 0.02396825 0.02931393 0.02760438 0.02232647 0.02994431 0.03074882 0.02807993 0.03067854 0.01908955 0.02829833 0.02706455 0.02660577 0.02276863 0.02312766 0.01771708 0.02189328 0.02466956 0.02875361 0.02718224 0.02810295 
aegithina_lafresnayei_ku_23213         0.02698627 0.02946134 0.02963589 0.03012462 0.02920831 0.00000000 0.03143957 0.01982138 0.02957761 0.03202840 0.03057567 0.03027374 0.03581289 0.02913874 0.02348630 0.03349439 0.03192708 0.02796594 0.02351544 0.01844929 0.03359631 0.02187256 0.03170378 0.02152961 0.02985624 0.02882807 0.02701857 0.03265162 0.03164506 0.03298898 0.01456110 0.02150129 0.02917610 0.03112634 0.04202442 0.03299126 0.02962574 0.03021827 0.03116695 0.01968043 0.02504820 0.02470548 0.03134732 0.01789368 0.02193852 0.03347929 0.02426347 0.02490190 0.03087323 0.02615215 0.02438358 0.00839609 0.02140598 0.03093697 0.03004956 0.02785059 0.02644134 0.02286165 0.02255282 0.01710521 0.02021930 0.02627558 0.03232568 0.02960150 0.01957890 0.03033439 0.01668792 0.02902237 0.02887300 0.03043411 0.01449926 0.03023472 0.02966421 0.02455610 0.02954268 0.02972737 0.05239086 0.02700308 0.03251715 0.02959602 0.01860016 0.03318968 0.02730514 0.02889907 0.03197241 0.01559450 0.01821412 0.02674489 0.02251860 0.03096655 0.03276765 0.03418892 0.01700518 0.02439840 0.02886343 0.03172785 0.02070777 0.02971069 0.03123105 0.03038191 0.02774794 0.03005489 0.02300029 0.03159028 0.02975454 0.02224771 
ailuroedus_buccoides_ku_12226          0.03145419 0.03286960 0.03285670 0.03608671 0.03465148 0.03143957 0.00000000 0.03291717 0.03589665 0.03875550 0.03698893 0.03725812 0.04202411 0.03559819 0.03135725 0.04019382 0.03761247 0.02357847 0.02905787 0.02561878 0.02917358 0.03160642 0.03842876 0.03088638 0.03483795 0.03477219 0.03320163 0.03925376 0.03799947 0.03945406 0.01910479 0.03102580 0.03239520 0.03743375 0.04101902 0.03941591 0.03583051 0.03690841 0.03762438 0.02738918 0.03501954 0.03083235 0.03782118 0.03049889 0.02557446 0.03690941 0.03009740 0.02610010 0.02878121 0.03272679 0.02874353 0.01125762 0.03079360 0.03743758 0.03498714 0.03408343 0.03149568 0.02893469 0.03186846 0.02364223 0.02886808 0.03150898 0.03887265 0.03586713 0.02888714 0.03658804 0.02359848 0.03265441 0.03485443 0.03650618 0.01900605 0.03697966 0.03609777 0.03104535 0.03608237 0.03645305 0.05176139 0.03337176 0.03910485 0.03492610 0.03351297 0.03932063 0.03367055 0.03532330 0.03844453 0.02117401 0.02459379 0.01159120 0.03036949 0.03724315 0.03891372 0.04112172 0.03077264 0.03400888 0.03529761 0.03759977 0.02963049 0.03594033 0.03773272 0.03684563 0.03315424 0.03656788 0.02914206 0.03776993 0.03647964 0.03017312 
artamus_cinereus_ku_6183               0.02770583 0.03072230 0.03101072 0.03103238 0.02968104 0.01982138 0.03291717 0.00000000 0.03066412 0.03334346 0.03167160 0.03165285 0.03651205 0.03045540 0.02461962 0.03438948 0.03267902 0.02864291 0.02449906 0.01897985 0.03547099 0.02334693 0.03317902 0.02266375 0.03070555 0.03001355 0.02767846 0.03332731 0.03248289 0.03383134 0.01516907 0.02259273 0.03044600 0.03196215 0.04383198 0.03404041 0.03057876 0.03164739 0.03244128 0.02017260 0.02663215 0.02561476 0.03222793 0.01867391 0.02229543 0.03458528 0.02514731 0.02523945 0.03244082 0.02727581 0.02509081 0.00887168 0.02241661 0.03184106 0.03016795 0.02923672 0.02729203 0.02380778 0.02382342 0.01758331 0.02115166 0.02739265 0.03331294 0.03070182 0.02066018 0.03146288 0.01738199 0.03044245 0.03015325 0.03125126 0.01504071 0.03106279 0.03081310 0.02588064 0.03067995 0.03106265 0.05468313 0.02802054 0.03357969 0.03053367 0.02076506 0.03417879 0.02842533 0.02974801 0.03319069 0.01607962 0.01891360 0.02726382 0.02364970 0.03179919 0.03377469 0.03582058 0.01860467 0.02526849 0.02978535 0.03277301 0.02161425 0.03071734 0.03218194 0.03173237 0.02880790 0.03121206 0.02392942 0.03262157 0.03113952 0.02291752 
bleda_syndactylus_ku_29008             0.01979696 0.03364477 0.03358745 0.02205109 0.02117867 0.02957761 0.03589665 0.03066412 0.00000000 0.03006145 0.02864676 0.03177909 0.03318450 0.02700122 0.02910341 0.03131430 0.02402923 0.03062716 0.02590769 0.02411696 0.03824562 0.02928466 0.02947283 0.02861257 0.02235062 0.02646983 0.02825641 0.02645458 0.02345262 0.03068801 0.01844943 0.02895568 0.03318652 0.02880697 0.04631945 0.02535665 0.02150758 0.02842362 0.02860636 0.02558396 0.03248286 0.02730416 0.02356182 0.02862469 0.01605502 0.03759198 0.02620095 0.02729231 0.03560205 0.02779584 0.02197926 0.01102721 0.02851926 0.02874025 0.02705427 0.02569603 0.02071922 0.02477837 0.02994309 0.02232168 0.02685907 0.03008516 0.02432974 0.02186435 0.02693345 0.02447880 0.02211098 0.03343243 0.02578737 0.02769355 0.01832170 0.03177264 0.02723361 0.02657900 0.02152660 0.03130636 0.05746441 0.02474063 0.02491820 0.03338710 0.03134859 0.02539415 0.02499442 0.02644320 0.02410405 0.02021519 0.02381919 0.02970419 0.02819759 0.01740168 0.03072091 0.03169392 0.02873434 0.03152936 0.02072792 0.02926220 0.02770184 0.02737702 0.02282307 0.02345827 0.01997932 0.02155932 0.02503749 0.02928998 0.02773279 0.02868287 
bombycilla_garrulus_ku_21744           0.02704523 0.03649160 0.03643865 0.03038559 0.02930698 0.03202840 0.03875550 0.03334346 0.03006145 0.00000000 0.03096700 0.03466106 0.03621598 0.02959230 0.03200705 0.03383361 0.03176982 0.03278239 0.02839170 0.02662060 0.04111474 0.03204978 0.03269177 0.03163480 0.02984033 0.01906813 0.03134661 0.03305598 0.03229982 0.03316947 0.02027836 0.03171952 0.03622638 0.03136674 0.04907958 0.03372512 0.02999026 0.03166847 0.03119162 0.02796437 0.03561663 0.02999597 0.03194670 0.03150529 0.02200852 0.04060707 0.02900877 0.02948897 0.03861700 0.03071189 0.02420786 0.01229339 0.03152088 0.03125069 0.02902484 0.02813840 0.02674808 0.02768663 0.03274758 0.02462018 0.02970815 0.03301610 0.03276798 0.03028740 0.02985125 0.03076723 0.02451975 0.03626353 0.02955236 0.03039506 0.02039402 0.03470557 0.02989782 0.02969211 0.03015548 0.03422405 0.06012551 0.02730867 0.03317249 0.03632384 0.03412917 0.03368158 0.02772181 0.02892089 0.03276838 0.02212649 0.02581848 0.03204343 0.03131351 0.03134478 0.03280633 0.03537772 0.03167247 0.03444666 0.02934264 0.03158486 0.03034240 0.02957284 0.03172501 0.03120329 0.02814742 0.03080543 0.02802570 0.03149318 0.03039822 0.03089933 
certhia_americana_ku_30065             0.02558428 0.03457733 0.03473055 0.02886647 0.02768339 0.03057567 0.03698893 0.03167160 0.02864676 0.03096700 0.00000000 0.03290564 0.03440356 0.02781672 0.03020945 0.03182376 0.03026711 0.03082784 0.02642375 0.02469153 0.03914961 0.03040672 0.03098361 0.02992376 0.02824764 0.02697005 0.02960112 0.03156645 0.03040290 0.03156056 0.01820498 0.03004714 0.03439819 0.02966457 0.04735252 0.03221506 0.02826662 0.02964924 0.02970833 0.02620258 0.03365491 0.02810426 0.03031497 0.02969113 0.02035196 0.03893686 0.02713159 0.02745382 0.03646933 0.02892424 0.02243745 0.01075767 0.02980743 0.02949010 0.02722907 0.02657504 0.02475874 0.02598656 0.03109760 0.02274875 0.02777470 0.03128109 0.03133682 0.02867147 0.02791657 0.02918725 0.02277485 0.03436850 0.02766889 0.02883234 0.01818925 0.03298483 0.02814710 0.02778179 0.02876987 0.03241991 0.05814436 0.02546732 0.03166489 0.03446183 0.03246876 0.03225328 0.02585424 0.02748579 0.03141532 0.02029963 0.02406405 0.03025039 0.02926407 0.02983689 0.03104860 0.03361370 0.02965653 0.03285677 0.02781046 0.02722740 0.02878598 0.02783394 0.03024013 0.02985175 0.02631654 0.02926393 0.02620714 0.02547237 0.02867223 0.02894839 
chaetops_aurantius_uwbm_52974          0.02856574 0.03502168 0.03477636 0.03218388 0.03121582 0.03027374 0.03725812 0.03165285 0.03177909 0.03466106 0.03290564 0.00000000 0.03815598 0.03169459 0.03017765 0.03556060 0.03358356 0.03131790 0.02689629 0.02494042 0.03926365 0.03032932 0.03444515 0.02985170 0.03148243 0.03094719 0.02911197 0.03511818 0.03381041 0.03529231 0.01903983 0.03008549 0.03451868 0.03336804 0.04779461 0.03545052 0.03175790 0.03325295 0.03342160 0.02646801 0.03375416 0.02839176 0.03374446 0.02961300 0.02301435 0.03872938 0.02721201 0.02840685 0.03674573 0.02865103 0.02603645 0.01146124 0.02976495 0.03352844 0.03120332 0.03058875 0.02811516 0.02580000 0.03102260 0.02337126 0.02799539 0.03118272 0.03469812 0.03212335 0.02803865 0.03276121 0.02292365 0.03436713 0.03087049 0.03243847 0.01889498 0.03234784 0.03218331 0.02741004 0.03188877 0.02347980 0.05891902 0.02928841 0.03498055 0.03418635 0.03206098 0.03566878 0.02965646 0.03127418 0.03451794 0.02069508 0.02447125 0.03074500 0.02940249 0.03333282 0.03531046 0.03694339 0.02978762 0.03271756 0.03125413 0.03376515 0.02850207 0.03184535 0.03343330 0.03298408 0.02961532 0.03275613 0.02628805 0.03380635 0.03252609 0.02938953 
chelidorhynx_hypoxanthus_ku_28022      0.02980437 0.03959428 0.03953906 0.03358438 0.03243789 0.03581289 0.04202411 0.03651205 0.03318450 0.03621598 0.03440356 0.03815598 0.00000000 0.03360954 0.03562164 0.03722111 0.03484218 0.03533737 0.03218897 0.03014834 0.04387503 0.03551031 0.03069790 0.03493694 0.03293969 0.03259471 0.03464285 0.03611997 0.03494586 0.03679777 0.02275338 0.03517860 0.03911701 0.03518885 0.05146794 0.03659212 0.03318773 0.03415885 0.03486104 0.03126581 0.03854118 0.03342545 0.03471097 0.03488314 0.02497715 0.04356247 0.03239276 0.03245963 0.04169545 0.03397314 0.02760388 0.01447360 0.03463924 0.03500867 0.03275963 0.03175204 0.02971913 0.03111239 0.03593601 0.02751281 0.03307950 0.03612102 0.03586336 0.03321531 0.03313884 0.03385406 0.02748747 0.03940517 0.03239957 0.03410319 0.02284174 0.03791010 0.03361456 0.03304927 0.03314414 0.03757428 0.06276256 0.03099341 0.03592350 0.03959292 0.03733000 0.03644419 0.03131386 0.03286746 0.03548959 0.02520509 0.02887996 0.03527711 0.03450662 0.03443834 0.03656171 0.03799659 0.03473683 0.03735161 0.03243863 0.03536351 0.03360575 0.03358838 0.03456511 0.03422912 0.03077611 0.03387366 0.03159743 0.03545174 0.03400599 0.03408761 
chloropsis_sonnerati_ku_24451          0.02438704 0.03350764 0.03349754 0.02740134 0.02639106 0.02913874 0.03559819 0.03045540 0.02700122 0.02959230 0.02781672 0.03169459 0.03360954 0.00000000 0.02890485 0.03072239 0.02912386 0.02985952 0.02551900 0.02394697 0.03747417 0.02905548 0.02958205 0.02830872 0.02724514 0.02582683 0.02819261 0.03011356 0.02888340 0.02609164 0.01795859 0.02867592 0.03311330 0.02396608 0.04640471 0.03050764 0.02698023 0.02831659 0.02360861 0.02512394 0.03236545 0.02701558 0.02889035 0.02820418 0.01957851 0.03736609 0.02573975 0.02701211 0.03501672 0.02749137 0.02004279 0.01077327 0.02836907 0.02371246 0.02635382 0.02237700 0.02401913 0.02456685 0.02957922 0.02213016 0.02655742 0.02984499 0.02983207 0.02731346 0.02649016 0.02776738 0.02187221 0.03325813 0.02642030 0.02305107 0.01774668 0.03154601 0.02254365 0.02634615 0.02716779 0.03117994 0.05720003 0.02000853 0.03009831 0.03311911 0.03086657 0.03056507 0.02262803 0.02175229 0.02947794 0.01981139 0.02306307 0.02905371 0.02807731 0.02832379 0.03003968 0.03229532 0.02839055 0.03132766 0.02638893 0.02898177 0.02745854 0.02660969 0.02887229 0.02806529 0.02531580 0.02778395 0.02471446 0.02872765 0.02310776 0.02807766 
cinclosoma_punctatum_uwbm_57790        0.02626941 0.02946382 0.02927110 0.02945232 0.02837822 0.02348630 0.03135725 0.02461962 0.02910341 0.03200705 0.03020945 0.03017765 0.03562164 0.02890485 0.00000000 0.03315327 0.03123297 0.02718810 0.02273227 0.01862784 0.03403681 0.02307382 0.03181185 0.02238089 0.02887256 0.02831746 0.02635793 0.03232836 0.03121886 0.03271383 0.01444786 0.02257144 0.02883119 0.03077677 0.04274352 0.03275312 0.02914310 0.03026817 0.03071958 0.02010080 0.02664290 0.02411742 0.03105913 0.02241504 0.02087060 0.03332538 0.02339874 0.02342313 0.03096635 0.02577565 0.02336016 0.00840667 0.02245924 0.03068225 0.02863817 0.02764164 0.02563994 0.02221328 0.02354727 0.01730996 0.02089457 0.02561420 0.03213593 0.02922601 0.02058037 0.03002435 0.01707250 0.02900485 0.02832102 0.02983017 0.01443488 0.03001938 0.02935817 0.02421254 0.02931616 0.02938145 0.05338353 0.02660857 0.03213746 0.02931175 0.02481679 0.03280166 0.02666250 0.02842505 0.03166975 0.01559862 0.01858113 0.02572459 0.01468481 0.03044908 0.03265288 0.03435607 0.02247541 0.02532880 0.02837897 0.03114404 0.02149715 0.02929537 0.03081893 0.03011229 0.02703404 0.02994743 0.02248418 0.03140821 0.02965597 0.02262626 
cinclus_pallasii_ku_11246              0.02811128 0.03778467 0.03772280 0.03175957 0.03047893 0.03349439 0.04019382 0.03438948 0.03131430 0.03383361 0.03182376 0.03556060 0.03722111 0.03072239 0.03315327 0.00000000 0.03328096 0.03331083 0.02964283 0.02743680 0.04222553 0.03321710 0.03365986 0.03270689 0.03101126 0.02972765 0.03249109 0.03435982 0.03339647 0.03431473 0.02081684 0.03291300 0.03730124 0.03243458 0.05003589 0.03493006 0.03147376 0.03256899 0.03238137 0.02875472 0.03670364 0.03129537 0.03310087 0.03246456 0.02253633 0.04190232 0.03006560 0.03017924 0.03966080 0.03180712 0.02478829 0.01275195 0.03253500 0.03220467 0.02426213 0.02912249 0.02757216 0.02893450 0.03391570 0.02526677 0.03049327 0.03409273 0.03419776 0.03150222 0.03088960 0.03185561 0.02517682 0.03755975 0.03051708 0.03144048 0.02071973 0.03587381 0.03089867 0.03070247 0.03140677 0.03529195 0.06115490 0.02818981 0.03451012 0.03727009 0.03529606 0.03488191 0.02865312 0.03014444 0.03398133 0.02256804 0.02657337 0.03315418 0.03229427 0.03261005 0.03397652 0.03649154 0.03273504 0.03552004 0.03088289 0.03249490 0.03165281 0.02472973 0.03282222 0.03240711 0.02887116 0.03212550 0.02914580 0.03254925 0.03136343 0.03191791 
cisticola_anonymus_ku_29165            0.02215064 0.03554373 0.03517267 0.02462881 0.02378405 0.03192708 0.03761247 0.03267902 0.02402923 0.03176982 0.03026711 0.03358356 0.03484218 0.02912386 0.03123297 0.03328096 0.00000000 0.03273189 0.02811178 0.02674998 0.03936557 0.03132933 0.03147051 0.03062592 0.02507133 0.02874042 0.03035414 0.02839771 0.02611324 0.03234145 0.02088680 0.03112238 0.03524095 0.03060555 0.04791321 0.02745670 0.02464082 0.02998659 0.03061595 0.02768259 0.03432801 0.02935822 0.02562257 0.03063221 0.01856084 0.03899295 0.02808682 0.02944068 0.03729451 0.02961851 0.02457720 0.01293758 0.03086216 0.03068314 0.02921799 0.02794131 0.02358060 0.02686253 0.03187115 0.02485303 0.02929915 0.03213945 0.01181430 0.02437244 0.02885962 0.02642537 0.02485751 0.03520685 0.02787322 0.02955644 0.02049587 0.03327744 0.02936646 0.02883951 0.02387127 0.03316352 0.05835829 0.02688274 0.02702322 0.03506497 0.03336291 0.02764467 0.02715273 0.02860995 0.02673064 0.02264012 0.02623292 0.03202764 0.03052543 0.02522363 0.03278010 0.03345310 0.03082869 0.03345052 0.02358261 0.03110464 0.02982853 0.02935268 0.02551579 0.02561455 0.02298962 0.02459388 0.02720281 0.03089119 0.02974513 0.03092799 
climacteris_melanurus_ku_8858          0.02947918 0.02800522 0.02760863 0.03068432 0.03039437 0.02796594 0.02357847 0.02864291 0.03062716 0.03278239 0.03082784 0.03131790 0.03533737 0.02985952 0.02718810 0.03331083 0.03273189 0.00000000 0.02661383 0.02476396 0.01479675 0.02757219 0.03224555 0.02678650 0.03217857 0.03051369 0.02794845 0.03301470 0.03196199 0.03320388 0.02121692 0.02670213 0.02750735 0.03154764 0.03553967 0.03297174 0.03042790 0.03128815 0.03173412 0.02593172 0.02969535 0.02707161 0.03151133 0.02654331 0.02571102 0.03117817 0.02628072 0.02591755 0.02473936 0.02738437 0.02730866 0.01269335 0.02660884 0.03144606 0.03105439 0.02913622 0.02954454 0.02481685 0.02734059 0.02442531 0.02584883 0.02722456 0.03275180 0.03026066 0.02489774 0.03053280 0.02372134 0.02721178 0.02987940 0.03061247 0.02114789 0.03077724 0.03019343 0.02632395 0.03009079 0.03120829 0.04350156 0.02829285 0.03265576 0.03033332 0.02866252 0.03311384 0.02846722 0.03002975 0.03223015 0.02241744 0.02518093 0.02169395 0.02651191 0.03157241 0.03296622 0.03423440 0.02664600 0.02895871 0.02968961 0.03234539 0.02623729 0.03069647 0.03167080 0.03096662 0.03001895 0.03110836 0.02529599 0.03193042 0.03064845 0.02799730 
cnemophilus_loriae_ku_16529            0.02413813 0.02714049 0.02707295 0.02617281 0.02572964 0.02351544 0.02905787 0.02449906 0.02590769 0.02839170 0.02642375 0.02689629 0.03218897 0.02551900 0.02273227 0.02964283 0.02811178 0.02661383 0.00000000 0.01910852 0.03142074 0.02300455 0.02828287 0.02268718 0.02649718 0.02559488 0.02282854 0.02878933 0.02777091 0.02895590 0.01515082 0.02259670 0.02678190 0.02749282 0.04042587 0.02919186 0.02588619 0.02668469 0.02722152 0.02069271 0.02604393 0.00460626 0.02746324 0.02233564 0.01951681 0.03097458 0.02029088 0.02292720 0.02860727 0.02224571 0.02124139 0.00844321 0.02258356 0.02696145 0.02611001 0.02421362 0.02348626 0.01884955 0.02352794 0.01810326 0.02131409 0.02414290 0.02840402 0.02596531 0.02050997 0.02642136 0.01792201 0.02656707 0.02531373 0.02647571 0.01490668 0.02635510 0.02601576 0.02081359 0.02603572 0.02614168 0.05041436 0.02310561 0.02876409 0.02720717 0.02484506 0.02941960 0.02350927 0.02513932 0.02849492 0.01646374 0.01932874 0.02463053 0.02208815 0.02704989 0.02911446 0.03068431 0.02208777 0.02499981 0.02523487 0.02801825 0.02195821 0.02605699 0.02766781 0.02665421 0.02447674 0.02643760 0.01909486 0.02782831 0.02618765 0.02336575 
coracina_tenuirostris_ku_23644         0.02274660 0.02424737 0.02395568 0.02447627 0.02413341 0.01844929 0.02561878 0.01897985 0.02411696 0.02662060 0.02469153 0.02494042 0.03014834 0.02394697 0.01862784 0.02743680 0.02674998 0.02476396 0.01910852 0.00000000 0.02806647 0.01757017 0.02609445 0.01688547 0.02521670 0.02399298 0.02153106 0.02689975 0.02609138 0.02723424 0.01234275 0.01701070 0.02375784 0.02537781 0.03641675 0.02722381 0.02430280 0.02485364 0.02564489 0.01599317 0.02046401 0.01985279 0.02540584 0.01696236 0.01860857 0.02768361 0.01900293 0.02085980 0.02526363 0.02084126 0.02043234 0.00676999 0.01701799 0.02509735 0.02480060 0.02287653 0.02221899 0.01741873 0.01799504 0.01395000 0.01623563 0.02106744 0.02662068 0.02407193 0.01499511 0.02444043 0.01348441 0.02355640 0.02332031 0.02463679 0.00950461 0.02446043 0.02433834 0.01937958 0.02401576 0.02438947 0.04608386 0.02175960 0.02686920 0.02445317 0.01904679 0.02764303 0.02200037 0.02342945 0.02643841 0.01259652 0.01548202 0.02240163 0.01767623 0.02523043 0.02735168 0.02856210 0.01671060 0.01926537 0.02329479 0.02618538 0.01634367 0.02424141 0.02541252 0.02486664 0.02306198 0.02473993 0.01785922 0.02577432 0.02453189 0.01807311 
cormobates_leucophaea_uwbm_57452       0.03313591 0.03520499 0.03531321 0.03874256 0.03661993 0.03359631 0.02917358 0.03547099 0.03824562 0.04111474 0.03914961 0.03926365 0.04387503 0.03747417 0.03403681 0.04222553 0.03936557 0.01479675 0.03142074 0.02806647 0.00000000 0.03400765 0.04062277 0.03340924 0.03691806 0.03683838 0.03519533 0.04153422 0.04013887 0.04172682 0.02035370 0.03337935 0.03488010 0.03956018 0.04292774 0.04144962 0.03790094 0.03953036 0.03956976 0.02947028 0.03741790 0.03312756 0.03995328 0.03301063 0.02701938 0.03922987 0.03249605 0.02774731 0.03133544 0.03485683 0.03037630 0.01190805 0.03304069 0.03951755 0.03653040 0.03637022 0.03332344 0.03140047 0.03455037 0.02540816 0.03132614 0.03361315 0.04100386 0.03822636 0.03144355 0.03904274 0.02541876 0.03494171 0.03698738 0.03874949 0.02062316 0.03899185 0.03814130 0.03301779 0.03819676 0.03853803 0.05390886 0.03548094 0.04154701 0.03713476 0.03586111 0.04129943 0.03604038 0.03748635 0.04074215 0.02258031 0.02628251 0.02344005 0.03271146 0.03978488 0.04123834 0.04324680 0.03328630 0.03647167 0.03737884 0.03984823 0.03200974 0.03821924 0.03985512 0.03919751 0.03498066 0.03890966 0.03158951 0.04002365 0.03855876 0.03224727 
corvus_corax_ku_30042                  0.02670943 0.02936629 0.02943397 0.02968689 0.02880357 0.02187256 0.03160642 0.02334693 0.02928466 0.03204978 0.03040672 0.03032932 0.03551031 0.02905548 0.02307382 0.03321710 0.03132933 0.02757219 0.02300455 0.01757017 0.03400765 0.00000000 0.03184994 0.02104273 0.02916876 0.02854917 0.02669879 0.03246741 0.03128647 0.03254111 0.01377590 0.02113192 0.02888061 0.03076636 0.04291813 0.03274962 0.02920598 0.03038596 0.03080971 0.01629112 0.01920687 0.02427477 0.03113540 0.02079042 0.02105724 0.03356467 0.02352703 0.02375241 0.03086110 0.02602495 0.02352780 0.00822681 0.01714383 0.03057417 0.02900698 0.02771598 0.02584889 0.02235049 0.02209318 0.01618075 0.01965927 0.02566181 0.03208513 0.02935582 0.01894866 0.03001769 0.01266346 0.02902914 0.02861838 0.02990939 0.01364820 0.03029156 0.02941016 0.02422591 0.02937300 0.02946609 0.05331230 0.02657893 0.03238883 0.02916143 0.02339987 0.03288204 0.02665287 0.02865210 0.03174481 0.01474300 0.01769363 0.02602515 0.02193273 0.03073348 0.03257730 0.03437858 0.02070642 0.02069908 0.02875062 0.03127321 0.01618658 0.02939616 0.03090912 0.03025662 0.02725648 0.02995898 0.02258731 0.03156339 0.02965092 0.02135738 
culicicapa_ceylonensis_ku_9948         0.02652482 0.03615470 0.03636155 0.02974106 0.02872778 0.03170378 0.03842876 0.03317902 0.02947283 0.03269177 0.03098361 0.03444515 0.03069790 0.02958205 0.03181185 0.03365986 0.03147051 0.03224555 0.02828287 0.02609445 0.04062277 0.03184994 0.00000000 0.03136399 0.02908893 0.02921565 0.03105122 0.03266003 0.03133291 0.03335379 0.01944597 0.03158968 0.03592076 0.03132373 0.04867979 0.03310674 0.02957246 0.03057279 0.03115828 0.02751241 0.03520384 0.03013131 0.03136389 0.03124968 0.02148908 0.04032094 0.02869274 0.02890192 0.03825164 0.03041841 0.02397494 0.01140005 0.03114422 0.03133874 0.02926767 0.02805759 0.02614354 0.02743627 0.03253263 0.02394793 0.02919672 0.03271535 0.03226744 0.02952849 0.02963272 0.03029603 0.02404401 0.03606605 0.02886187 0.03050306 0.01953531 0.03458901 0.02993406 0.02906092 0.02958796 0.03388447 0.06007991 0.02738098 0.03218526 0.03613453 0.03390549 0.03304494 0.02765403 0.02911933 0.03208500 0.02139058 0.02502540 0.03163718 0.03076027 0.03059944 0.03325555 0.03450887 0.03134471 0.03406772 0.02892581 0.03176978 0.03008417 0.02973546 0.03111739 0.03069708 0.02745078 0.03014169 0.02773445 0.03206240 0.03053428 0.03055190 
daphoenositta_chrysoptera_ku_23086     0.02588222 0.02875890 0.02866570 0.02904216 0.02801021 0.02152961 0.03088638 0.02266375 0.02861257 0.03163480 0.02992376 0.02985170 0.03493694 0.02830872 0.02238089 0.03270689 0.03062592 0.02678650 0.02268718 0.01688547 0.03340924 0.02104273 0.03136399 0.00000000 0.02849124 0.02803168 0.02602484 0.03146919 0.03091641 0.03219324 0.01348716 0.02059930 0.02829482 0.03014204 0.04232991 0.03217858 0.02860968 0.02992102 0.03046907 0.01841507 0.02464221 0.02367759 0.03037622 0.02040369 0.02042173 0.03268304 0.02311761 0.02308435 0.03057256 0.02533647 0.02323801 0.00753035 0.02042200 0.03010819 0.02833307 0.02715966 0.02535004 0.02173463 0.02175675 0.01564683 0.01920955 0.02534642 0.03126327 0.02870677 0.01846674 0.02958208 0.01536107 0.02839285 0.02804001 0.02946242 0.01292438 0.02941430 0.02881466 0.02401835 0.02867115 0.02909958 0.05270468 0.02608465 0.03190071 0.02855886 0.02290884 0.03233308 0.02631448 0.02808826 0.03136752 0.01413002 0.01719978 0.02525489 0.02151198 0.03004652 0.03216621 0.03412061 0.02046537 0.02340833 0.02801937 0.03056939 0.01951153 0.02861343 0.03050227 0.02968317 0.02687708 0.02939666 0.02186764 0.03065148 0.02924703 0.02087763 
donacobius_atricapilla_ku_1037         0.02121162 0.03299670 0.03280953 0.02260289 0.02218187 0.02985624 0.03483795 0.03070555 0.02235062 0.02984033 0.02824764 0.03148243 0.03293969 0.02724514 0.02887256 0.03101126 0.02507133 0.03217857 0.02649718 0.02521670 0.03691806 0.02916876 0.02908893 0.02849124 0.00000000 0.02727813 0.02822396 0.02683813 0.02426104 0.03039981 0.02035811 0.02877359 0.03277112 0.02886856 0.04557248 0.02546170 0.02268882 0.02790352 0.02870602 0.02672838 0.03222581 0.02746680 0.02170304 0.02860254 0.01788723 0.03668284 0.02655178 0.02870489 0.03464303 0.02755836 0.02348509 0.01261927 0.02878249 0.02857705 0.02780785 0.02608165 0.02247210 0.02507583 0.02968689 0.02372254 0.02748997 0.02998077 0.02484986 0.01985284 0.02677484 0.02442896 0.02405748 0.03251364 0.02614004 0.02771948 0.02046940 0.03136939 0.02729428 0.02672088 0.02233965 0.03086047 0.05498702 0.02501888 0.02494415 0.03313928 0.03070666 0.02555520 0.02532498 0.02685327 0.02448497 0.02203995 0.02522437 0.03072257 0.02836266 0.02349704 0.03067073 0.03136380 0.02851386 0.03112867 0.02152882 0.02953604 0.02809173 0.02773443 0.02373653 0.02382649 0.02132600 0.02307161 0.02523736 0.02891128 0.02765986 0.02935047 
dulus_dominicus_ku_6414                0.02447351 0.03265064 0.03241332 0.02697798 0.02612614 0.02882807 0.03477219 0.03001355 0.02646983 0.01906813 0.02697005 0.03094719 0.03259471 0.02582683 0.02831746 0.02972765 0.02874042 0.03051369 0.02559488 0.02399298 0.03683838 0.02854917 0.02921565 0.02803168 0.02727813 0.00000000 0.02761182 0.02917878 0.02852990 0.02945536 0.01901592 0.02815843 0.03251225 0.02763322 0.04546423 0.03016307 0.02654840 0.02775170 0.02766152 0.02514884 0.03177250 0.02670643 0.02801535 0.02792688 0.02016006 0.03675768 0.02564088 0.02727466 0.03440671 0.02694116 0.02194452 0.01140490 0.02797920 0.02738129 0.02629594 0.02473685 0.02416039 0.02393108 0.02892019 0.02250053 0.02632323 0.02920476 0.02915883 0.02665247 0.02615774 0.02706065 0.02218797 0.03225791 0.02617076 0.02696037 0.01871512 0.03057592 0.02636413 0.02598411 0.02657589 0.03052494 0.05555800 0.02373379 0.02928795 0.03275098 0.03056971 0.03034752 0.02399093 0.02556128 0.02895088 0.02029271 0.02359162 0.02945249 0.02748504 0.02773277 0.02938868 0.03140101 0.02792009 0.03053460 0.02598565 0.02810785 0.02703845 0.02604928 0.02779381 0.02748217 0.02511268 0.02705276 0.02439365 0.02799702 0.02684940 0.02797262 
eopsaltria_griseogularis_ku_8850       0.02530413 0.03116689 0.03093803 0.02881089 0.02786712 0.02701857 0.03320163 0.02767846 0.02825641 0.03134661 0.02960112 0.02911197 0.03464285 0.02819261 0.02635793 0.03249109 0.03035414 0.02794845 0.02282854 0.02153106 0.03519533 0.02669879 0.03105122 0.02602484 0.02822396 0.02761182 0.00000000 0.03133313 0.03046335 0.03181944 0.01634301 0.02620309 0.03052304 0.02989810 0.04399613 0.03186569 0.02865846 0.02979338 0.03006676 0.02311120 0.02995956 0.02427902 0.03013542 0.02587770 0.02045961 0.03500099 0.02339315 0.02463430 0.03271745 0.01906409 0.02316579 0.00929103 0.02598842 0.03002492 0.02786134 0.02692078 0.02500037 0.02228746 0.02702741 0.01994084 0.02406042 0.02730281 0.03124656 0.02845040 0.02412179 0.02913744 0.01975880 0.03055350 0.02771420 0.02895315 0.01629693 0.02692305 0.02858007 0.02354751 0.02854641 0.02866200 0.05454770 0.02586646 0.03154381 0.03070739 0.02846775 0.03181354 0.02622760 0.02778641 0.03107613 0.01800305 0.02090097 0.02699249 0.02546687 0.02975284 0.03172467 0.03343817 0.02601100 0.02876868 0.02772687 0.03013317 0.02515182 0.02837412 0.03014891 0.02944410 0.02630053 0.02923341 0.02248517 0.03052280 0.02895741 0.02570486 
eremophila_alpestris_ku_28950          0.02434740 0.03668664 0.03667085 0.02708392 0.02601736 0.03265162 0.03925376 0.03332731 0.02645458 0.03305598 0.03156645 0.03511818 0.03611997 0.03011356 0.03232836 0.03435982 0.02839771 0.03301470 0.02878933 0.02689975 0.04153422 0.03246741 0.03266003 0.03146919 0.02683813 0.02917878 0.03133313 0.00000000 0.02902750 0.03357727 0.02078813 0.03246003 0.03634408 0.03160761 0.04923632 0.03041010 0.02679293 0.03131952 0.03179504 0.02825325 0.03587091 0.03034150 0.02861347 0.03169369 0.01924313 0.04054051 0.02939970 0.02968817 0.03889770 0.03073294 0.02474427 0.01255417 0.03163234 0.03179754 0.02955324 0.02864591 0.02363141 0.02803198 0.03317754 0.02467563 0.03017568 0.03307398 0.02915975 0.02694466 0.03007472 0.02557019 0.02472173 0.03664586 0.02878873 0.03069646 0.02036623 0.03473263 0.03057089 0.02994974 0.02672020 0.03455019 0.06067081 0.02769263 0.02968601 0.03623787 0.03447296 0.03034885 0.02796854 0.02937251 0.02937408 0.02237835 0.02631640 0.03245122 0.03153778 0.02789550 0.03385059 0.03471971 0.03202523 0.03441273 0.02602613 0.03185131 0.03065370 0.03008206 0.02828578 0.02769244 0.02505529 0.02713306 0.02831348 0.03210455 0.03096689 0.03124393 
erythrocercus_mccallii_ku_8688         0.01850170 0.03545278 0.03565017 0.02414975 0.02097240 0.03164506 0.03799947 0.03248289 0.02345262 0.03229982 0.03040290 0.03381041 0.03494586 0.02888340 0.03121886 0.03339647 0.02611324 0.03196199 0.02777091 0.02609138 0.04013887 0.03128647 0.03133291 0.03091641 0.02426104 0.02852990 0.03046335 0.02902750 0.00000000 0.03248807 0.01969604 0.03107380 0.03535057 0.03081244 0.04841828 0.02737804 0.02162115 0.03046705 0.03076932 0.02732249 0.03460973 0.02923960 0.02581419 0.03060732 0.01784229 0.03986982 0.02822963 0.02909702 0.03754290 0.02990644 0.02360256 0.01199476 0.03078050 0.03062698 0.02904213 0.02764973 0.02261639 0.02683073 0.03208255 0.02400177 0.02898735 0.03200900 0.02661670 0.02394696 0.02896272 0.02643180 0.02388819 0.03528014 0.02792703 0.02992035 0.01981405 0.03390800 0.02927025 0.02885176 0.02197564 0.03337896 0.05901366 0.02679447 0.02700266 0.03530308 0.03299259 0.02745239 0.02707633 0.02856295 0.02358789 0.02162779 0.02521998 0.03134654 0.03022251 0.02486584 0.03265018 0.03367046 0.03077258 0.03370845 0.02138333 0.03138948 0.02946641 0.02941129 0.02516621 0.02552321 0.01857003 0.02385650 0.02710477 0.03151253 0.02975361 0.03016422 
estrilda_melpoda_ku_19721              0.02760565 0.03700206 0.03691437 0.03116347 0.03002849 0.03298898 0.03945406 0.03383134 0.03068801 0.03316947 0.03156056 0.03529231 0.03679777 0.02609164 0.03271383 0.03431473 0.03234145 0.03320388 0.02895590 0.02723424 0.04172682 0.03254111 0.03335379 0.03219324 0.03039981 0.02945536 0.03181944 0.03357727 0.03248807 0.00000000 0.02023317 0.03223372 0.03664069 0.02507848 0.04994401 0.03417120 0.03081774 0.03211634 0.02735951 0.02854050 0.03593454 0.03042687 0.03253555 0.03198261 0.02227658 0.04105868 0.02965281 0.02975051 0.03906842 0.03119659 0.02310316 0.01242587 0.03196768 0.02472569 0.02962016 0.02597178 0.02726809 0.02829864 0.03328408 0.02504677 0.03037101 0.03330694 0.03347592 0.03073466 0.03019815 0.03120252 0.02488163 0.03686087 0.03000752 0.02427953 0.02044024 0.03514029 0.02444059 0.03015465 0.03082309 0.03497812 0.06086578 0.01869505 0.03372785 0.03665118 0.03482857 0.03418579 0.02646491 0.02304110 0.03309202 0.02235143 0.02623599 0.03255891 0.03186178 0.03209485 0.03359285 0.03581091 0.03207269 0.03476466 0.03011177 0.03220187 0.03107579 0.03028764 0.03218171 0.03165511 0.02856678 0.03133161 0.02863619 0.03233241 0.01872046 0.03147719 
eulacestoma_nigropectus_ku_16397       0.01872027 0.01809924 0.01755330 0.01887973 0.01904979 0.01456110 0.01910479 0.01516907 0.01844943 0.02027836 0.01820498 0.01903983 0.02275338 0.01795859 0.01444786 0.02081684 0.02088680 0.02121692 0.01515082 0.01234275 0.02035370 0.01377590 0.01944597 0.01348716 0.02035811 0.01901592 0.01634301 0.02078813 0.01969604 0.02023317 0.00000000 0.01297100 0.01791197 0.01915747 0.02793472 0.02055368 0.01853834 0.01895678 0.01956243 0.01344938 0.01564894 0.01550581 0.01907865 0.01306313 0.01681587 0.02044361 0.01463300 0.01739237 0.01846867 0.01570260 0.01707332 0.00792947 0.01293045 0.01891705 0.01936856 0.01774251 0.01817036 0.01327600 0.01341386 0.01262201 0.01248726 0.01603505 0.02045062 0.01828699 0.01130502 0.01840833 0.01176468 0.01753939 0.01772280 0.01856967 0.01198973 0.01850896 0.01832352 0.01501806 0.01810127 0.01876920 0.03370938 0.01643896 0.02051353 0.01908884 0.01482266 0.02090520 0.01669192 0.01789964 0.02008599 0.01190453 0.01306984 0.01822154 0.01406444 0.01896874 0.02016631 0.02134686 0.01304952 0.01480211 0.01787421 0.01999156 0.01284721 0.01858898 0.01923572 0.01885013 0.01806196 0.01881032 0.01372018 0.01952707 0.01843391 0.01483262 
falcunculus_frontatus_uwbm_57627       0.02640515 0.02900325 0.02906093 0.02941679 0.02812118 0.02150129 0.03102580 0.02259273 0.02895568 0.03171952 0.03004714 0.03008549 0.03517860 0.02867592 0.02257144 0.03291300 0.03112238 0.02670213 0.02259670 0.01701070 0.03337935 0.02113192 0.03158968 0.02059930 0.02877359 0.02815843 0.02620309 0.03246003 0.03107380 0.03223372 0.01297100 0.00000000 0.02855988 0.03036852 0.04256815 0.03252593 0.02892271 0.03007052 0.03035130 0.01838679 0.02458347 0.02390456 0.03082677 0.02042478 0.02102022 0.03303081 0.02316193 0.02316945 0.03050785 0.02547121 0.02313867 0.00756799 0.02066072 0.03024985 0.02878356 0.02722476 0.02539709 0.02189802 0.02141176 0.01427805 0.01860998 0.02541535 0.03180761 0.02906365 0.01801737 0.02983257 0.01546328 0.02859197 0.02819590 0.02964494 0.01322867 0.02972399 0.02882391 0.02395701 0.02926530 0.02937761 0.05281558 0.02643580 0.03220841 0.02883664 0.02293275 0.03261487 0.02659574 0.02821245 0.03161307 0.01395154 0.01654970 0.02535499 0.02173922 0.03027174 0.03234221 0.03412551 0.02042451 0.02366177 0.02848507 0.03099706 0.01965564 0.02904728 0.03063481 0.03006453 0.02686691 0.02967891 0.02214443 0.03104694 0.02932622 0.02065134 
foulehaio_carunculatus_ku_26344        0.02972388 0.01245153 0.01244807 0.03363426 0.03220475 0.02917610 0.03239520 0.03044600 0.03318652 0.03622638 0.03439819 0.03451868 0.03911701 0.03311330 0.02883119 0.03730124 0.03524095 0.02750735 0.02678190 0.02375784 0.03488010 0.02888061 0.03592076 0.02829482 0.03277112 0.03251225 0.03052304 0.03634408 0.03535057 0.03664069 0.01791197 0.02855988 0.00000000 0.03486045 0.04345417 0.03690688 0.03317736 0.03463284 0.03472309 0.02521611 0.03227297 0.02833918 0.03510164 0.02831865 0.02382831 0.03070259 0.02758843 0.00817193 0.03182719 0.02998007 0.02681630 0.01047668 0.02821362 0.03470817 0.03256459 0.03189946 0.02950682 0.02639083 0.02934640 0.02205676 0.02657898 0.02898590 0.03620358 0.03354755 0.02645380 0.03401780 0.02186759 0.02376833 0.03265377 0.03387021 0.01764028 0.03392547 0.03343158 0.02844197 0.03342781 0.03368465 0.05425270 0.03058634 0.03637570 0.03236526 0.03100395 0.03676564 0.03104823 0.03257134 0.03597934 0.01970717 0.02318844 0.02686902 0.02785436 0.03441842 0.03677176 0.03876366 0.02829007 0.03144717 0.03263201 0.03502814 0.02729515 0.03327464 0.03482016 0.03427667 0.03090161 0.03389086 0.02678382 0.03534766 0.03384760 0.02764454 
