10
anolis_carolinensis        0.00000000 0.12661240 0.08517279 0.09203882 0.08915300 0.07703294 0.07372797 0.07824158 0.07128106 0.06228955 
homo_sapiens               0.12661240 0.00000000 0.16497666 0.09659825 0.09352614 0.08033255 0.07863985 0.08222653 0.07721970 0.07264147 
pantherophis_guttata       0.08517279 0.16497666 0.00000000 0.12903298 0.12610169 0.11187869 0.10841923 0.11302009 0.10372108 0.09478245 
zebra_finch                0.09203882 0.09659825 0.12903298 0.00000000 0.03133373 0.03950676 0.03823113 0.04418051 0.04379367 0.04205344 
gallus_gallus              0.08915300 0.09352614 0.12610169 0.03133373 0.00000000 0.03665217 0.03552682 0.04111312 0.04080447 0.03944903 
alligator_mississippiensis 0.07703294 0.08033255 0.11187869 0.03950676 0.03665217 0.00000000 0.00510112 0.02774505 0.02989507 0.02968681 
crocodylus_porosus         0.07372797 0.07863985 0.10841923 0.03823113 0.03552682 0.00510112 0.00000000 0.02693499 0.02991416 0.02944011 
chrysemys_picta            0.07824158 0.08222653 0.11302009 0.04418051 0.04111312 0.02774505 0.02693499 0.00000000 0.01997661 0.03123316 
pelomedusa_subrufa         0.07128106 0.07721970 0.10372108 0.04379367 0.04080447 0.02989507 0.02991416 0.01997661 0.00000000 0.03477052 
sphenodon_tuatara          0.06228955 0.07264147 0.09478245 0.04205344 0.03944903 0.02968681 0.02944011 0.03123316 0.03477052 0.00000000 
