33
zanclostomus_javanicus   0.00000000 0.03651811 0.03275879 0.03712092 0.02707758 0.02922326 0.02518032 0.03032313 0.02791906 0.02542656 0.02709024 0.02669561 0.02658471 0.02508043 0.02694530 0.02965308 0.02702163 0.02980873 0.03265550 0.02651240 0.02455327 0.02887576 0.02695573 0.02663324 0.02754886 0.02964984 0.02596879 0.03318016 0.02129258 0.02204286 0.03082215 0.04437502 0.03271994 
pitta_guajana            0.03651811 0.00000000 0.02914477 0.03454356 0.02421841 0.02641644 0.02195285 0.02719689 0.02490134 0.02215869 0.02449175 0.02373380 0.02315125 0.02197615 0.02388568 0.02827497 0.02394706 0.02671272 0.03025691 0.02345799 0.02295146 0.02529027 0.02397031 0.02370494 0.02465635 0.02708588 0.02291861 0.03042502 0.03512844 0.01944910 0.02718323 0.04354858 0.02400665 
psittacula_alexandri     0.03275879 0.02914477 0.00000000 0.03066277 0.01999351 0.02217613 0.01806177 0.02321913 0.02036503 0.01790540 0.02075470 0.01925724 0.01915756 0.01764127 0.01938106 0.02474577 0.01942265 0.02304853 0.02685278 0.01889846 0.01957938 0.02099091 0.01956217 0.01916418 0.02046100 0.02283401 0.01885479 0.02669737 0.03178078 0.01594585 0.02356677 0.04088407 0.02720433 
gallus_gallus            0.03712092 0.03454356 0.03066277 0.00000000 0.02439076 0.02609007 0.02176583 0.02760842 0.02485054 0.02255460 0.02347641 0.02340192 0.02305256 0.02184030 0.02353436 0.02899019 0.02385878 0.02668316 0.03114949 0.02327044 0.02257908 0.02493258 0.02387870 0.02358298 0.02482362 0.02715155 0.02323927 0.03068520 0.03544312 0.01915847 0.02709037 0.04465243 0.03056276 
gampsonyx_swainsonii     0.02707758 0.02421841 0.01999351 0.02439076 0.00000000 0.01580490 0.01167066 0.01691880 0.01384770 0.01072778 0.01547721 0.01264065 0.01309917 0.01120342 0.01297631 0.01819410 0.01296653 0.01685148 0.02061682 0.01248839 0.01388526 0.01441443 0.01296375 0.01267895 0.01443865 0.01656455 0.01263252 0.02045199 0.02580964 0.01059746 0.01758624 0.03543403 0.02413406 
nyctibius_grandis        0.02922326 0.02641644 0.02217613 0.02609007 0.01580490 0.00000000 0.01381067 0.01888162 0.01598699 0.01380452 0.01712841 0.01478257 0.01493134 0.01331046 0.01527298 0.02068061 0.01513745 0.01923925 0.02284326 0.01456106 0.01651604 0.01667196 0.01504355 0.01479470 0.01649783 0.01850366 0.01530793 0.02204796 0.02845949 0.01330838 0.01976169 0.03709696 0.02517416 
phegornis_mitchelli      0.02518032 0.02195285 0.01806177 0.02176583 0.01167066 0.01381067 0.00000000 0.01515123 0.01199098 0.00975734 0.01373663 0.01082117 0.01082028 0.00935644 0.01146303 0.01650999 0.01088557 0.01486664 0.01855285 0.01055136 0.01271307 0.01254014 0.01123991 0.01065796 0.01229852 0.01451586 0.01143964 0.01845621 0.02425707 0.00956636 0.01592046 0.03317289 0.02207288 
ardeotis_kori            0.03032313 0.02719689 0.02321913 0.02760842 0.01691880 0.01888162 0.01515123 0.00000000 0.01724810 0.01502231 0.01795459 0.01604653 0.01619937 0.01431473 0.01648020 0.02186338 0.01637056 0.01972172 0.02402304 0.01585766 0.01729156 0.01785796 0.01646956 0.01609974 0.01759935 0.01983906 0.01642635 0.02381872 0.02940711 0.01484357 0.02070910 0.03765356 0.02583569 
phalacrocorax_carbo      0.02791906 0.02490134 0.02036503 0.02485054 0.01384770 0.01598699 0.01199098 0.01724810 0.00000000 0.01190247 0.01558130 0.01278259 0.01322016 0.01133231 0.01335630 0.01913511 0.01193504 0.01724632 0.02147856 0.01148546 0.01475963 0.01469860 0.01253589 0.01244115 0.01477522 0.01695523 0.01335396 0.02096202 0.02640097 0.01148714 0.01808930 0.03645932 0.02426246 
cathartes_aura           0.02542656 0.02215869 0.01790540 0.02255460 0.01072778 0.01380452 0.00975734 0.01502231 0.01190247 0.00000000 0.01378155 0.01063099 0.01081736 0.00919363 0.01128934 0.01619318 0.01087609 0.01502378 0.01861700 0.01035205 0.01225498 0.01251179 0.01097181 0.01052685 0.01235542 0.01469087 0.01070022 0.01889373 0.02428206 0.00897496 0.01619905 0.03331563 0.02233744 
opisthocomus_hoazin      0.02709024 0.02449175 0.02075470 0.02347641 0.01547721 0.01712841 0.01373663 0.01795459 0.01558130 0.01378155 0.00000000 0.01439177 0.01441830 0.01313517 0.01498939 0.01940768 0.01467642 0.01823405 0.02134967 0.01428733 0.01700915 0.01585384 0.01477071 0.01440574 0.01560866 0.01787488 0.01508836 0.02084881 0.02689264 0.01431657 0.01898543 0.03492838 0.02583221 
gavia_immer              0.02669561 0.02373380 0.01925724 0.02340192 0.01264065 0.01478257 0.01082117 0.01604653 0.01278259 0.01063099 0.01439177 0.00000000 0.01196394 0.01007855 0.01216333 0.01793917 0.01160768 0.01622180 0.02011426 0.01109517 0.01366279 0.01349566 0.01161499 0.01139688 0.01335989 0.01549801 0.01202042 0.02005383 0.02587316 0.01033249 0.01680328 0.03464308 0.02329669 
psophia_crepitans        0.02658471 0.02315125 0.01915756 0.02305256 0.01309917 0.01493134 0.01082028 0.01619937 0.01322016 0.01081736 0.01441830 0.01196394 0.00000000 0.01033305 0.01238923 0.01773550 0.01211371 0.01599063 0.02006022 0.01174170 0.01367364 0.01390710 0.01236423 0.01195737 0.01354509 0.01571759 0.01250915 0.01977393 0.02568422 0.01043812 0.01688529 0.03398974 0.02277296 
phoenicopterus_chilensis 0.02508043 0.02197615 0.01764127 0.02184030 0.01120342 0.01331046 0.00935644 0.01431473 0.01133231 0.00919363 0.01313517 0.01007855 0.01033305 0.00000000 0.00821269 0.01625861 0.01047159 0.01447912 0.01864968 0.00982391 0.01259591 0.01197060 0.01048301 0.01025298 0.01190935 0.01404050 0.01079027 0.01825189 0.02417725 0.00919190 0.01515235 0.03243966 0.02178773 
podiceps_auritus         0.02694530 0.02388568 0.01938106 0.02353436 0.01297631 0.01527298 0.01146303 0.01648020 0.01335630 0.01128934 0.01498939 0.01216333 0.01238923 0.00821269 0.00000000 0.01810019 0.01244723 0.01625965 0.02039322 0.01196674 0.01392959 0.01387004 0.01258223 0.01236359 0.01381893 0.01593715 0.01259246 0.01990118 0.02574061 0.01080899 0.01702107 0.03520162 0.02357584 
momotus_momota           0.02965308 0.02827497 0.02474577 0.02899019 0.01819410 0.02068061 0.01650999 0.02186338 0.01913511 0.01619318 0.01940768 0.01793917 0.01773550 0.01625861 0.01810019 0.00000000 0.01813265 0.02151227 0.02518092 0.01766877 0.01715742 0.01955985 0.01803553 0.01788478 0.01897363 0.02129897 0.01751486 0.02517813 0.02843451 0.01550607 0.02260208 0.03739576 0.02719929 
scopus_umbretta          0.02702163 0.02394706 0.01942265 0.02385878 0.01296653 0.01513745 0.01088557 0.01637056 0.01193504 0.01087609 0.01467642 0.01160768 0.01211371 0.01047159 0.01244723 0.01813265 0.00000000 0.01637942 0.02037544 0.00776048 0.01395565 0.01360395 0.01163408 0.01124698 0.01381932 0.01591967 0.01244701 0.01977738 0.02587813 0.01018447 0.01699639 0.03459794 0.02340999 
treron_vernans           0.02980873 0.02671272 0.02304853 0.02668316 0.01685148 0.01923925 0.01486664 0.01972172 0.01724632 0.01502378 0.01823405 0.01622180 0.01599063 0.01447912 0.01625965 0.02151227 0.01637942 0.00000000 0.02370243 0.01574516 0.01703859 0.01753823 0.01645919 0.01609959 0.01724968 0.01950816 0.01644886 0.02347852 0.02939694 0.01467561 0.02019312 0.03748334 0.02570518 
urocolius_indicus        0.03265550 0.03025691 0.02685278 0.03114949 0.02061682 0.02284326 0.01855285 0.02402304 0.02147856 0.01861700 0.02134967 0.02011426 0.02006022 0.01864968 0.02039322 0.02518092 0.02037544 0.02370243 0.00000000 0.02001533 0.01956980 0.02176035 0.02059871 0.01997796 0.02164841 0.02347483 0.01919362 0.02704382 0.03138594 0.01664614 0.02463693 0.04018352 0.02820238 
balaeniceps_rex          0.02651240 0.02345799 0.01889846 0.02327044 0.01248839 0.01456106 0.01055136 0.01585766 0.01148546 0.01035205 0.01428733 0.01109517 0.01174170 0.00982391 0.01196674 0.01766877 0.00776048 0.01574516 0.02001533 0.00000000 0.01370362 0.01323654 0.01103744 0.01069668 0.01322039 0.01535617 0.01211806 0.01970901 0.02545818 0.01019294 0.01675380 0.03442365 0.02336359 
trogon_personata         0.02455327 0.02295146 0.01957938 0.02257908 0.01388526 0.01651604 0.01271307 0.01729156 0.01475963 0.01225498 0.01700915 0.01366279 0.01367364 0.01259591 0.01392959 0.01715742 0.01395565 0.01703859 0.01956980 0.01370362 0.00000000 0.01494353 0.01396941 0.01361689 0.01450443 0.01649678 0.01352789 0.02039479 0.02427306 0.01316436 0.01793357 0.03199353 0.02358153 
phaethon_rubicauda       0.02887576 0.02529027 0.02099091 0.02493258 0.01441443 0.01667196 0.01254014 0.01785796 0.01469860 0.01251179 0.01585384 0.01349566 0.01390710 0.01197060 0.01387004 0.01955985 0.01360395 0.01753823 0.02176035 0.01323654 0.01494353 0.00000000 0.01382441 0.01344231 0.01534867 0.01709508 0.01389070 0.02138391 0.02747572 0.01203733 0.01824579 0.03621273 0.02461308 
eudyptula_minor          0.02695573 0.02397031 0.01956217 0.02387870 0.01296375 0.01504355 0.01123991 0.01646956 0.01253589 0.01097181 0.01477071 0.01161499 0.01236423 0.01048301 0.01258223 0.01803553 0.01163408 0.01645919 0.02059871 0.01103744 0.01396941 0.01382441 0.00000000 0.01121297 0.01383357 0.01596541 0.01256603 0.02010499 0.02619399 0.01058385 0.01729418 0.03482240 0.02333593 
oceanites_oceanicus      0.02663324 0.02370494 0.01916418 0.02358298 0.01267895 0.01479470 0.01065796 0.01609974 0.01244115 0.01052685 0.01440574 0.01139688 0.01195737 0.01025298 0.01236359 0.01788478 0.01124698 0.01609959 0.01997796 0.01069668 0.01361689 0.01344231 0.01121297 0.00000000 0.01356531 0.01578956 0.01226606 0.01978597 0.02576797 0.01025427 0.01692800 0.03465126 0.02306889 
tauraco_erythrolophus    0.02754886 0.02465635 0.02046100 0.02482362 0.01443865 0.01649783 0.01229852 0.01759935 0.01477522 0.01235542 0.01560866 0.01335989 0.01354509 0.01190935 0.01381893 0.01897363 0.01381932 0.01724968 0.02164841 0.01322039 0.01450443 0.01534867 0.01383357 0.01356531 0.00000000 0.01724065 0.01357970 0.02106866 0.02640306 0.01184151 0.01818715 0.03530740 0.02400303 
eurypyga_helias          0.02964984 0.02708588 0.02283401 0.02715155 0.01656455 0.01850366 0.01451586 0.01983906 0.01695523 0.01469087 0.01787488 0.01549801 0.01571759 0.01404050 0.01593715 0.02129897 0.01591967 0.01950816 0.02347483 0.01535617 0.01649678 0.01709508 0.01596541 0.01578956 0.01724065 0.00000000 0.01583454 0.02299049 0.02895359 0.01347520 0.02042409 0.03764819 0.02602040 
tyto_alba                0.02596879 0.02291861 0.01885479 0.02323927 0.01263252 0.01530793 0.01143964 0.01642635 0.01335396 0.01070022 0.01508836 0.01202042 0.01250915 0.01079027 0.01259246 0.01751486 0.01244701 0.01644886 0.01919362 0.01211806 0.01352789 0.01389070 0.01256603 0.01226606 0.01357970 0.01583454 0.00000000 0.01971610 0.02524818 0.01049720 0.01738432 0.03375498 0.02290270 
colibri_coruscans        0.03318016 0.03042502 0.02669737 0.03068520 0.02045199 0.02204796 0.01845621 0.02381872 0.02096202 0.01889373 0.02084881 0.02005383 0.01977393 0.01825189 0.01990118 0.02517813 0.01977738 0.02347852 0.02704382 0.01970901 0.02039479 0.02138391 0.02010499 0.01978597 0.02106866 0.02299049 0.01971610 0.00000000 0.03140041 0.01718818 0.02386528 0.04062670 0.02883239 
megalaima_virens         0.02129258 0.03512844 0.03178078 0.03544312 0.02580964 0.02845949 0.02425707 0.02940711 0.02640097 0.02428206 0.02689264 0.02587316 0.02568422 0.02417725 0.02574061 0.02843451 0.02587813 0.02939694 0.03138594 0.02545818 0.02427306 0.02747572 0.02619399 0.02576797 0.02640306 0.02895359 0.02524818 0.03140041 0.00000000 0.02267992 0.02994688 0.04338222 0.03235454 
micrastur_semitorquatus  0.02204286 0.01944910 0.01594585 0.01915847 0.01059746 0.01330838 0.00956636 0.01484357 0.01148714 0.00897496 0.01431657 0.01033249 0.01043812 0.00919190 0.01080899 0.01550607 0.01018447 0.01467561 0.01664614 0.01019294 0.01316436 0.01203733 0.01058385 0.01025427 0.01184151 0.01347520 0.01049720 0.01718818 0.02267992 0.00000000 0.01520065 0.03112607 0.02174830 
pterocles                0.03082215 0.02718323 0.02356677 0.02709037 0.01758624 0.01976169 0.01592046 0.02070910 0.01808930 0.01619905 0.01898543 0.01680328 0.01688529 0.01515235 0.01702107 0.02260208 0.01699639 0.02019312 0.02463693 0.01675380 0.01793357 0.01824579 0.01729418 0.01692800 0.01818715 0.02042409 0.01738432 0.02386528 0.02994688 0.01520065 0.00000000 0.03816811 0.02765358 
rhinopomastus_cyanomelas 0.04437502 0.04354858 0.04088407 0.04465243 0.03543403 0.03709696 0.03317289 0.03765356 0.03645932 0.03331563 0.03492838 0.03464308 0.03398974 0.03243966 0.03520162 0.03739576 0.03459794 0.03748334 0.04018352 0.03442365 0.03199353 0.03621273 0.03482240 0.03465126 0.03530740 0.03764819 0.03375498 0.04062670 0.04338222 0.03112607 0.03816811 0.00000000 0.03986311 
vidua_macroura           0.03271994 0.02400665 0.02720433 0.03056276 0.02413406 0.02517416 0.02207288 0.02583569 0.02426246 0.02233744 0.02583221 0.02329669 0.02277296 0.02178773 0.02357584 0.02719929 0.02340999 0.02570518 0.02820238 0.02336359 0.02358153 0.02461308 0.02333593 0.02306889 0.02400303 0.02602040 0.02290270 0.02883239 0.03235454 0.02174830 0.02765358 0.03986311 0.00000000 
