55
eleutheronema_tetradactylum  0.00000000 0.03337747 0.12579480 0.03558741 0.03932702 0.04489112 0.05964934 0.03316816 0.03049472 0.03517777 0.15787386 0.03394584 0.09312877 0.05523817 0.23997059 0.04610145 0.03020594 0.04653797 0.03191476 0.04918615 0.04712088 0.07247581 0.03616522 0.03514990 0.12898333 0.03287975 0.08127114 0.09602780 0.05805757 0.11135510 0.04793214 0.03410465 0.06940259 0.10998949 0.08409768 0.06378179 0.03226046 0.00805310 0.06450142 0.03140299 0.03400095 0.03638984 0.03400032 0.04179915 0.05299377 0.04918779 0.03079343 0.04184900 0.03182643 0.04030713 0.06689160 0.04772265 0.03618897 0.05065055 0.24036064 
sphyranea_sphyranea          0.03337747 0.00000000 0.11803003 0.03023813 0.03421330 0.03937710 0.05360846 0.02880745 0.02516090 0.03010808 0.15164604 0.02853949 0.08923450 0.04964505 0.23283372 0.04046065 0.02493791 0.04173048 0.02563195 0.04354148 0.04164758 0.06619557 0.03120379 0.01762275 0.12394591 0.02857334 0.07584265 0.08925410 0.05220293 0.10440188 0.04236935 0.02926592 0.06344289 0.10373973 0.07812965 0.05817499 0.02657418 0.03343607 0.05788076 0.02604060 0.02877852 0.03072066 0.02898523 0.03611348 0.04753555 0.04419531 0.02470929 0.03600135 0.02560916 0.03422381 0.06131907 0.04192740 0.03060095 0.04473590 0.22970866 
lampris_guttatus             0.12579480 0.11803003 0.00000000 0.12292453 0.12561975 0.12658177 0.14061573 0.11444096 0.11984616 0.12269753 0.16974305 0.12060029 0.16859630 0.12865831 0.24404758 0.12180283 0.11855815 0.11653630 0.11681752 0.12527420 0.13174916 0.14770491 0.12306763 0.11771066 0.19867861 0.11808577 0.15898144 0.16761798 0.13922052 0.17254986 0.13235300 0.12226197 0.10547000 0.17690304 0.14847392 0.14402685 0.12019471 0.12502594 0.14164338 0.11840906 0.11957284 0.12441591 0.12177829 0.12910259 0.12571032 0.13340269 0.11781066 0.12925844 0.11968875 0.12594245 0.14840157 0.13252758 0.12433119 0.13278716 0.28752130 
chloroscombrus_orqueta       0.03558741 0.03023813 0.12292453 0.00000000 0.03642032 0.04124059 0.05640839 0.01130475 0.01752610 0.00924866 0.15616005 0.02213426 0.09035626 0.05260597 0.23867710 0.04316291 0.02711351 0.04374769 0.02862963 0.04548796 0.04364151 0.06838081 0.01223380 0.03172220 0.12506380 0.00869195 0.07758709 0.09106844 0.05472617 0.10753927 0.04421252 0.00862431 0.06654234 0.10629015 0.08203528 0.05980472 0.02039937 0.03554102 0.06036286 0.01963165 0.01060835 0.03313679 0.02264380 0.03878299 0.05016451 0.04602320 0.02761338 0.03842930 0.02787757 0.02859864 0.06310692 0.03626503 0.03308174 0.04759594 0.23619285 
citharoides_macrolepis       0.03932702 0.03421330 0.12561975 0.03642032 0.00000000 0.04348545 0.05221366 0.03480876 0.03174769 0.03655574 0.15729388 0.03515574 0.08661191 0.05668418 0.23828400 0.04812531 0.03200735 0.04027697 0.03274847 0.05033807 0.03966063 0.06332433 0.03741252 0.03527226 0.12054524 0.03463358 0.07400148 0.08679370 0.05059973 0.10199069 0.04030124 0.03539608 0.06987555 0.10036710 0.08413297 0.05563291 0.03302817 0.03960670 0.03460422 0.03280377 0.03457930 0.03751020 0.03534909 0.04295462 0.05469980 0.04195022 0.03223213 0.04276832 0.03259755 0.04120247 0.05985740 0.04890410 0.03783451 0.04346917 0.23931434 
psettodes_eneumeri           0.04489112 0.03937710 0.12658177 0.04124059 0.04348545 0.00000000 0.06200363 0.03916337 0.03590986 0.04101346 0.15964770 0.04037456 0.09662874 0.06070724 0.24066183 0.05221389 0.03694906 0.05069040 0.03774630 0.05518352 0.05163406 0.07579565 0.04219595 0.04061468 0.12821453 0.03971445 0.08425001 0.09783346 0.06044719 0.11086207 0.05234241 0.04052347 0.07459131 0.11005219 0.08852245 0.06634279 0.03856439 0.04491988 0.06472969 0.03784874 0.04035234 0.04296850 0.04052564 0.04783142 0.05897580 0.05427996 0.03723831 0.04782202 0.03760941 0.04642284 0.07078284 0.05409826 0.04257080 0.05446456 0.23707428 
mancopsetta_milfordi         0.05964934 0.05360846 0.14061573 0.05640839 0.05221366 0.06200363 0.00000000 0.05422493 0.05151806 0.05602478 0.17475778 0.05541533 0.09793762 0.07654932 0.25402182 0.06733254 0.05195036 0.05229436 0.05252158 0.07019668 0.05441739 0.07737912 0.05733408 0.05508710 0.13142479 0.05430418 0.08371424 0.09956393 0.00148934 0.11239655 0.05490643 0.05562930 0.08949667 0.10989654 0.10119485 0.06585247 0.05337642 0.06010094 0.07232047 0.05244100 0.05468114 0.05831786 0.05549319 0.06356424 0.07398064 0.05720999 0.05293334 0.06302132 0.05222081 0.06020024 0.07190885 0.06819574 0.05770171 0.05585711 0.25514487 
decapterus_maruadsi          0.03316816 0.02880745 0.11444096 0.01130475 0.03480876 0.03916337 0.05422493 0.00000000 0.01683911 0.01103519 0.14410257 0.02137090 0.08614360 0.04902245 0.22615386 0.04053973 0.02572296 0.04288860 0.02671695 0.04244184 0.04146382 0.06521671 0.01206114 0.02967516 0.11869432 0.00953331 0.07458430 0.08596775 0.05254076 0.10190669 0.04251686 0.00967525 0.06221526 0.09974943 0.07627718 0.05666366 0.01966704 0.03362555 0.05764907 0.01904431 0.00554264 0.03154956 0.02138273 0.03642067 0.04691246 0.04427415 0.02635055 0.03644572 0.02614406 0.02672699 0.06052014 0.03406159 0.03144223 0.04517983 0.21624738 
seriola_zonata               0.03049472 0.02516090 0.11984616 0.01752610 0.03174769 0.03590986 0.05151806 0.01683911 0.00000000 0.01729155 0.15358947 0.01644140 0.08734612 0.04772656 0.23688878 0.03820119 0.02109093 0.04046781 0.02289770 0.04071146 0.03941365 0.06609467 0.01797889 0.02655084 0.12309424 0.01599916 0.07346591 0.08980929 0.05048252 0.10552470 0.04016258 0.01618334 0.06249588 0.10370367 0.07812718 0.05522952 0.01426159 0.03075007 0.05780297 0.01375704 0.01635303 0.02701561 0.01683881 0.03313890 0.04552396 0.04162168 0.02214546 0.03287920 0.02222186 0.02344718 0.05945190 0.03134775 0.02732868 0.04314532 0.23497935 
alepes_kleinii               0.03517777 0.03010808 0.12269753 0.00924866 0.03655574 0.04101346 0.05602478 0.01103519 0.01729155 0.00000000 0.15603788 0.02190776 0.09112753 0.05229461 0.23769006 0.04320075 0.02672773 0.04370894 0.02868761 0.04532307 0.04337295 0.06905958 0.01235686 0.03133624 0.12545481 0.00883061 0.07767131 0.09192465 0.05436464 0.10671789 0.04407086 0.00852889 0.06627972 0.10585625 0.08157679 0.05954778 0.02038718 0.03521629 0.06058555 0.01968263 0.01075095 0.03293282 0.02261067 0.03850499 0.04974016 0.04604660 0.02740728 0.03832563 0.02785443 0.02858516 0.06318697 0.03598144 0.03278361 0.04745653 0.23610041 
ceratoscopelus_warmingii     0.15787386 0.15164604 0.16974305 0.15616005 0.15729388 0.15964770 0.17475778 0.14410257 0.15358947 0.15603788 0.00000000 0.15283617 0.20255776 0.15850868 0.26610578 0.15298781 0.15189648 0.14232853 0.15032028 0.15833785 0.16323997 0.17990152 0.15648110 0.15074013 0.23160213 0.14778412 0.19298461 0.19469265 0.17234423 0.20293209 0.16457037 0.15495852 0.13895162 0.20180561 0.18090397 0.17728763 0.15264963 0.15853676 0.16898011 0.15130188 0.15078055 0.15881699 0.15475160 0.16220648 0.15985476 0.16491266 0.15223884 0.16350520 0.15343635 0.15789757 0.18133116 0.16465661 0.15752595 0.16360678 0.32421155 
scomberoides_commersonnianus 0.03394584 0.02853949 0.12060029 0.02213426 0.03515574 0.04037456 0.05541533 0.02137090 0.01644140 0.02190776 0.15283617 0.00000000 0.09025193 0.05024029 0.23709638 0.04144795 0.02492748 0.04272572 0.02697834 0.04363628 0.04250403 0.06824081 0.02279861 0.02990583 0.12583641 0.02091222 0.07674672 0.09129959 0.05390726 0.10726509 0.04326063 0.02100370 0.06432141 0.10542572 0.08040898 0.05842457 0.01482223 0.03378628 0.06036048 0.01466505 0.02102962 0.03115365 0.02048180 0.03652935 0.04807489 0.04482835 0.02591703 0.03639239 0.02620718 0.02680894 0.06280039 0.03460222 0.03124317 0.04628724 0.23537528 
samariscus_xenicus           0.09312877 0.08923450 0.16859630 0.09035626 0.08661191 0.09662874 0.09793762 0.08614360 0.08734612 0.09112753 0.20255776 0.09025193 0.00000000 0.10976110 0.27529188 0.10180190 0.08738401 0.08129675 0.08866177 0.10399803 0.08915032 0.10654054 0.09111697 0.09151476 0.15426852 0.08760251 0.11687970 0.12510982 0.09562085 0.13595112 0.08922388 0.09092363 0.12303080 0.13382312 0.13119562 0.10014696 0.08895097 0.09411428 0.10301038 0.08755310 0.08960753 0.09380175 0.09091376 0.09883771 0.10701491 0.09054787 0.08807208 0.09851160 0.08843999 0.09635724 0.10120801 0.10282126 0.09319269 0.08703274 0.27730300 
kurtus_gulliveri             0.05523817 0.04964505 0.12865831 0.05260597 0.05668418 0.06070724 0.07654932 0.04902245 0.04772656 0.05229461 0.15850868 0.05024029 0.10976110 0.00000000 0.24279679 0.05124225 0.04699479 0.06046575 0.04761036 0.05655268 0.06320380 0.08695795 0.05286660 0.05121084 0.14271247 0.04988468 0.09745080 0.10997452 0.07456113 0.12420323 0.06401382 0.05136220 0.07269302 0.12282128 0.08964990 0.07919674 0.04888213 0.05506125 0.07985192 0.04832129 0.05059378 0.05332917 0.05124428 0.05824925 0.03592819 0.06567947 0.04728483 0.05823084 0.04845339 0.05715211 0.08234519 0.06408331 0.05268148 0.06635549 0.24273285 
gadus_morhua                 0.23997059 0.23283372 0.24404758 0.23867710 0.23828400 0.24066183 0.25402182 0.22615386 0.23688878 0.23769006 0.26610578 0.23709638 0.27529188 0.24279679 0.00000000 0.24028428 0.23620866 0.21792708 0.23715598 0.24076726 0.24724672 0.26069924 0.23927790 0.23610503 0.30339349 0.22927283 0.27273395 0.27360426 0.25174857 0.26939637 0.24687707 0.23934892 0.22709372 0.27383523 0.26180574 0.25838861 0.23591388 0.24125477 0.24415062 0.23279777 0.23274409 0.24303989 0.23901999 0.24782409 0.24197750 0.24753305 0.23417900 0.24728121 0.23867431 0.24336416 0.26236723 0.24907233 0.23920620 0.24550743 0.38959767 
scomber_scombrus             0.04610145 0.04046065 0.12180283 0.04316291 0.04812531 0.05221389 0.06733254 0.04053973 0.03820119 0.04320075 0.15298781 0.04144795 0.10180190 0.05124225 0.24028428 0.00000000 0.03767717 0.05289629 0.03878330 0.04694342 0.05432359 0.07929520 0.04360969 0.04213216 0.13773656 0.04111089 0.08934263 0.10274988 0.06583254 0.11889355 0.05563831 0.04219257 0.06578537 0.11781792 0.07646837 0.07063862 0.03957502 0.04592585 0.07299193 0.03872843 0.04140789 0.04388475 0.04165840 0.04903119 0.04873054 0.05667647 0.03787684 0.04879867 0.03910341 0.04766465 0.07452257 0.05490004 0.04333584 0.05810987 0.23457636 
toxotes_jaculatrix           0.03020594 0.02493791 0.11855815 0.02711351 0.03200735 0.03694906 0.05195036 0.02572296 0.02109093 0.02672773 0.15189648 0.02492748 0.08738401 0.04699479 0.23620866 0.03767717 0.00000000 0.04025227 0.02301758 0.04042535 0.03915176 0.06566437 0.02741385 0.02650559 0.12258560 0.02529492 0.07397248 0.08911357 0.05040197 0.10529506 0.04020763 0.02555080 0.06137743 0.10347276 0.07780220 0.05517928 0.02286759 0.03011808 0.05757980 0.02239984 0.02564542 0.02660084 0.02512237 0.03220821 0.04505447 0.04156538 0.02171205 0.03194034 0.01884221 0.03132381 0.05920971 0.03874689 0.02680018 0.04312537 0.23329338 
scophthalmus_rhombus         0.04653797 0.04173048 0.11653630 0.04374769 0.04027697 0.05069040 0.05229436 0.04288860 0.04046781 0.04370894 0.14232853 0.04272572 0.08129675 0.06046575 0.21792708 0.05289629 0.04025227 0.00000000 0.04077297 0.05399944 0.03954124 0.05824453 0.04444313 0.04316265 0.11057828 0.04273859 0.07123196 0.07742605 0.05125416 0.08920928 0.04001057 0.04334241 0.07147276 0.08809620 0.08040407 0.05620578 0.04130916 0.04703846 0.05912301 0.04105926 0.04289738 0.04566616 0.04307095 0.04966087 0.05866038 0.04168003 0.04122607 0.04942964 0.04101953 0.04701978 0.05950528 0.05423848 0.04503251 0.04448520 0.20542639 
centropomus_medius           0.03191476 0.02563195 0.11681752 0.02862963 0.03274847 0.03774630 0.05252158 0.02671695 0.02289770 0.02868761 0.15032028 0.02697834 0.08866177 0.04761036 0.23715598 0.03878330 0.02301758 0.04077297 0.00000000 0.04069141 0.04028091 0.06462352 0.02939890 0.02597238 0.12389000 0.02665918 0.07444820 0.08895837 0.05130799 0.10411519 0.04102304 0.02761636 0.06269464 0.10244629 0.07712638 0.05602121 0.02463060 0.03178847 0.05739827 0.02433812 0.02723958 0.02891303 0.02717383 0.03416791 0.04574366 0.04252110 0.02259527 0.03387713 0.02328390 0.03334410 0.06027968 0.04108407 0.02900733 0.04361422 0.23356086 
acanthurus_bahianus          0.04918615 0.04354148 0.12527420 0.04548796 0.05033807 0.05518352 0.07019668 0.04244184 0.04071146 0.04532307 0.15833785 0.04363628 0.10399803 0.05655268 0.24076726 0.04694342 0.04042535 0.05399944 0.04069141 0.00000000 0.05702913 0.08076534 0.04611073 0.04352188 0.13819233 0.04314536 0.09193004 0.10343279 0.06837987 0.11714735 0.05777164 0.04472802 0.07004997 0.11709398 0.08586358 0.07327594 0.04261674 0.04906958 0.07390462 0.04163336 0.04389495 0.04667995 0.04457089 0.05180910 0.05389390 0.05879621 0.04048189 0.05165034 0.04187497 0.05055956 0.07677141 0.05770847 0.04671636 0.06064705 0.24111976 
paralichthys_albigutta       0.04712088 0.04164758 0.13174916 0.04364151 0.03966063 0.05163406 0.05441739 0.04146382 0.03941365 0.04337295 0.16323997 0.04250403 0.08915032 0.06320380 0.24724672 0.05432359 0.03915176 0.03954124 0.04028091 0.05702913 0.00000000 0.05602398 0.04426007 0.04288459 0.12215744 0.04173781 0.07705511 0.08009489 0.05284087 0.09679313 0.00923258 0.04273119 0.07703469 0.09408862 0.09021153 0.05837956 0.04057367 0.04721696 0.06216731 0.03996665 0.04210376 0.04527391 0.04260653 0.05007261 0.06118306 0.01755696 0.03967126 0.04978379 0.03999381 0.04788543 0.06252184 0.05585688 0.04503457 0.04597996 0.24688306 
cyclopsetta_fimbriata        0.07247581 0.06619557 0.14770491 0.06838081 0.06332433 0.07579565 0.07737912 0.06521671 0.06609467 0.06905958 0.17990152 0.06824081 0.10654054 0.08695795 0.26069924 0.07929520 0.06566437 0.05824453 0.06462352 0.08076534 0.05602398 0.00000000 0.06944612 0.06675715 0.13888532 0.06599703 0.09920603 0.06997031 0.07554889 0.10263372 0.05625585 0.06821496 0.10125952 0.10026701 0.10796836 0.08133443 0.06712460 0.07153693 0.07970072 0.06594910 0.06642130 0.07164906 0.06849886 0.07578986 0.08589087 0.05809879 0.06572129 0.07577015 0.06605751 0.07266959 0.08416939 0.08019567 0.07122398 0.06823882 0.26160224 
alectis_indicus              0.03616522 0.03120379 0.12306763 0.01223380 0.03741252 0.04219595 0.05733408 0.01206114 0.01797889 0.01235686 0.15648110 0.02279861 0.09111697 0.05286660 0.23927790 0.04360969 0.02741385 0.04444313 0.02939890 0.04611073 0.04426007 0.06944612 0.00000000 0.03256404 0.12673101 0.01073307 0.07821895 0.09281361 0.05575584 0.10893562 0.04513690 0.01030095 0.06700421 0.10730922 0.08290976 0.06013871 0.02109152 0.03622957 0.06244243 0.02029502 0.01168870 0.03336109 0.02302366 0.03902904 0.05034185 0.04661301 0.02821848 0.03871291 0.02856588 0.02855940 0.06310302 0.03689784 0.03368745 0.04819509 0.24003474 
sphyraena_putnamae           0.03514990 0.01762275 0.11771066 0.03172220 0.03527226 0.04061468 0.05508710 0.02967516 0.02655084 0.03133624 0.15074013 0.02990583 0.09151476 0.05121084 0.23610503 0.04213216 0.02650559 0.04316265 0.02597238 0.04352188 0.04288459 0.06675715 0.03256404 0.00000000 0.12563462 0.03013782 0.07734768 0.09076059 0.05361109 0.10610361 0.04351677 0.03087933 0.06447334 0.10493079 0.07816526 0.05937912 0.02766539 0.03482287 0.05902649 0.02724188 0.02989200 0.03249749 0.03039981 0.03726924 0.04855342 0.04524799 0.02625422 0.03738766 0.02718425 0.03545878 0.06308271 0.04347117 0.03231784 0.04613345 0.23240120 
symphurus_plagiusa           0.12898333 0.12394591 0.19867861 0.12506380 0.12054524 0.12821453 0.13142479 0.11869432 0.12309424 0.12545481 0.23160213 0.12583641 0.15426852 0.14271247 0.30339349 0.13773656 0.12258560 0.11057828 0.12389000 0.13819233 0.12215744 0.13888532 0.12673101 0.12563462 0.00000000 0.12191369 0.14979753 0.15587814 0.12964553 0.16135214 0.12311440 0.12635026 0.15648364 0.16300607 0.15975578 0.13276332 0.12443181 0.12982918 0.13622299 0.12254182 0.12345441 0.12964336 0.12625769 0.13487716 0.14259673 0.12472380 0.12444238 0.13453468 0.12481332 0.13133875 0.12701838 0.13747673 0.12703613 0.11617658 0.31217094 
megalaspis_cordyla           0.03287975 0.02857334 0.11808577 0.00869195 0.03463358 0.03971445 0.05430418 0.00953331 0.01599916 0.00883061 0.14778412 0.02091222 0.08760251 0.04988468 0.22927283 0.04111089 0.02529492 0.04273859 0.02665918 0.04314536 0.04173781 0.06599703 0.01073307 0.03013782 0.12191369 0.00000000 0.07538554 0.08780245 0.05281407 0.10268174 0.04243171 0.00360458 0.06379592 0.10140276 0.07794921 0.05750517 0.01881336 0.03340834 0.05864621 0.01827796 0.00923047 0.03109610 0.02084932 0.03672121 0.04766720 0.04395057 0.02565577 0.03633348 0.02616967 0.02681218 0.06054229 0.03418659 0.03123314 0.04548458 0.22569240 
gymnachirus_melas            0.08127114 0.07584265 0.15898144 0.07758709 0.07400148 0.08425001 0.08371424 0.07458430 0.07346591 0.07767131 0.19298461 0.07674672 0.11687970 0.09745080 0.27273395 0.08934263 0.07397248 0.07123196 0.07444820 0.09193004 0.07705511 0.09920603 0.07821895 0.07734768 0.14979753 0.07538554 0.00000000 0.11956433 0.08167280 0.12910263 0.07740703 0.07694092 0.11092265 0.12904215 0.12159155 0.04304944 0.07524795 0.08155349 0.09355039 0.07443760 0.07607689 0.08006086 0.07721333 0.08497554 0.09500890 0.07930251 0.07435181 0.08495953 0.07481408 0.08226711 0.09231498 0.09022848 0.07950200 0.07701421 0.27324151 
etropus_cyclosquamus         0.09602780 0.08925410 0.16761798 0.09106844 0.08679370 0.09783346 0.09956393 0.08596775 0.08980929 0.09192465 0.19469265 0.09129959 0.12510982 0.10997452 0.27360426 0.10274988 0.08911357 0.07742605 0.08895837 0.10343279 0.08009489 0.06997031 0.09281361 0.09076059 0.15587814 0.08780245 0.11956433 0.00000000 0.09746450 0.11645422 0.07964865 0.09184078 0.12352810 0.11507679 0.12743061 0.10337469 0.09056449 0.09547488 0.09863534 0.08920104 0.08957242 0.09567813 0.09221059 0.09946009 0.10793947 0.08135198 0.08978475 0.09940194 0.09018869 0.09660389 0.10606605 0.10390619 0.09464168 0.09022588 0.27993952 
mancopsetta_maculata         0.05805757 0.05220293 0.13922052 0.05472617 0.05059973 0.06044719 0.00148934 0.05254076 0.05048252 0.05436464 0.17234423 0.05390726 0.09562085 0.07456113 0.25174857 0.06583254 0.05040197 0.05125416 0.05130799 0.06837987 0.05284087 0.07554889 0.05575584 0.05361109 0.12964553 0.05281407 0.08167280 0.09746450 0.00000000 0.11087095 0.05343223 0.05396620 0.08734720 0.10820466 0.09934670 0.06391574 0.05186155 0.05830083 0.07051519 0.05092364 0.05304127 0.05658621 0.05396330 0.06183734 0.07205274 0.05563414 0.05128295 0.06139583 0.05116159 0.05905977 0.07096885 0.06689640 0.05617904 0.05437581 0.25095504 
bothus_pantherinus           0.11135510 0.10440188 0.17254986 0.10753927 0.10199069 0.11086207 0.11239655 0.10190669 0.10552470 0.10671789 0.20293209 0.10726509 0.13595112 0.12420323 0.26939637 0.11889355 0.10529506 0.08920928 0.10411519 0.11714735 0.09679313 0.10263372 0.10893562 0.10610361 0.16135214 0.10268174 0.12910263 0.11645422 0.11087095 0.00000000 0.09581738 0.10754637 0.13614631 0.06621973 0.13867441 0.11802940 0.10648890 0.11214488 0.11068172 0.10496922 0.10534133 0.11133043 0.10758254 0.11484282 0.12447597 0.09692969 0.10563572 0.11417724 0.10576388 0.11173284 0.12118941 0.11913987 0.11014616 0.10624100 0.27831059 
hippoglossina_oblonga        0.04793214 0.04236935 0.13235300 0.04421252 0.04030124 0.05234241 0.05490643 0.04251686 0.04016258 0.04407086 0.16457037 0.04326063 0.08922388 0.06401382 0.24687707 0.05563831 0.04020763 0.04001057 0.04102304 0.05777164 0.00923258 0.05625585 0.04513690 0.04351677 0.12311440 0.04243171 0.07740703 0.07964865 0.05343223 0.09581738 0.00000000 0.04329483 0.07843167 0.09340263 0.08994680 0.05899100 0.04152280 0.04785641 0.06234218 0.04082948 0.04290663 0.04601165 0.04347862 0.05089386 0.06204615 0.01824218 0.04067620 0.05063416 0.04092994 0.04876451 0.06251929 0.05656439 0.04580627 0.04652748 0.24693236 
caranx_melampygus            0.03410465 0.02926592 0.12226197 0.00862431 0.03539608 0.04052347 0.05562930 0.00967525 0.01618334 0.00852889 0.15495852 0.02100370 0.09092363 0.05136220 0.23934892 0.04219257 0.02555080 0.04334241 0.02761636 0.04472802 0.04273119 0.06821496 0.01030095 0.03087933 0.12635026 0.00360458 0.07694092 0.09184078 0.05396620 0.10754637 0.04329483 0.00000000 0.06544113 0.10559646 0.08097243 0.05879235 0.01936215 0.03425250 0.06033494 0.01866017 0.00923921 0.03159115 0.02139027 0.03746766 0.04883627 0.04506303 0.02613340 0.03718435 0.02661592 0.02736748 0.06285830 0.03512086 0.03170552 0.04633075 0.23707704 
myripristis_violacea         0.06940259 0.06344289 0.10547000 0.06654234 0.06987555 0.07459131 0.08949667 0.06221526 0.06249588 0.06627972 0.13895162 0.06432141 0.12303080 0.07269302 0.22709372 0.06578537 0.06137743 0.07147276 0.06269464 0.07004997 0.07703469 0.10125952 0.06700421 0.06447334 0.15648364 0.06379592 0.11092265 0.12352810 0.08734720 0.13614631 0.07843167 0.06544113 0.00000000 0.13575188 0.10203673 0.09221183 0.06337579 0.06907392 0.09202745 0.06228962 0.06405985 0.06745165 0.06520605 0.07299206 0.06994167 0.07963764 0.06164389 0.07281145 0.06263370 0.07139089 0.09654679 0.07867657 0.06733378 0.08011616 0.25701272 
crossorhombus_kobensis       0.10998949 0.10373973 0.17690304 0.10629015 0.10036710 0.11005219 0.10989654 0.09974943 0.10370367 0.10585625 0.20180561 0.10542572 0.13382312 0.12282128 0.27383523 0.11781792 0.10347276 0.08809620 0.10244629 0.11709398 0.09408862 0.10026701 0.10730922 0.10493079 0.16300607 0.10140276 0.12904215 0.11507679 0.10820466 0.06621973 0.09340263 0.10559646 0.13575188 0.00000000 0.13748591 0.11649417 0.10532152 0.10920239 0.10930710 0.10437081 0.10367996 0.10969348 0.10630414 0.11464016 0.12271196 0.09428472 0.10363924 0.11371725 0.10443940 0.11091078 0.11946496 0.11792792 0.10750930 0.10389117 0.27799829 
pseudupeneus_maculatus       0.08409768 0.07812965 0.14847392 0.08203528 0.08413297 0.08852245 0.10119485 0.07627718 0.07812718 0.08157679 0.18090397 0.08040898 0.13119562 0.08964990 0.26180574 0.07646837 0.07780220 0.08040407 0.07712638 0.08586358 0.09021153 0.10796836 0.08290976 0.07816526 0.15975578 0.07794921 0.12159155 0.12743061 0.09934670 0.13867441 0.08994680 0.08097243 0.10203673 0.13748591 0.00000000 0.10455461 0.07948932 0.08366766 0.09974246 0.07825079 0.07905823 0.08412018 0.08148249 0.08867187 0.08806652 0.09231760 0.07801902 0.08831290 0.07927409 0.08474853 0.10874996 0.09291690 0.08346011 0.09282049 0.24686646 
trinectes_maculatus          0.06378179 0.05817499 0.14402685 0.05980472 0.05563291 0.06634279 0.06585247 0.05666366 0.05522952 0.05954778 0.17728763 0.05842457 0.10014696 0.07919674 0.25838861 0.07063862 0.05517928 0.05620578 0.05602121 0.07327594 0.05837956 0.08133443 0.06013871 0.05937912 0.13276332 0.05750517 0.04304944 0.10337469 0.06391574 0.11802940 0.05899100 0.05879235 0.09221183 0.11649417 0.10455461 0.00000000 0.05687857 0.06386460 0.07687776 0.05603944 0.05804985 0.06119882 0.05866818 0.06661397 0.07703948 0.06050713 0.05584887 0.06646027 0.05671864 0.06409962 0.07434544 0.07159115 0.06125321 0.06008649 0.25954441 
trachinotus_blochii          0.03226046 0.02657418 0.12019471 0.02039937 0.03302817 0.03856439 0.05337642 0.01966704 0.01426159 0.02038718 0.15264963 0.01482223 0.08895097 0.04888213 0.23591388 0.03957502 0.02286759 0.04130916 0.02463060 0.04261674 0.04057367 0.06712460 0.02109152 0.02766539 0.12443181 0.01881336 0.07524795 0.09056449 0.05186155 0.10648890 0.04152280 0.01936215 0.06337579 0.10532152 0.07948932 0.05687857 0.00000000 0.03238872 0.05881567 0.00255150 0.01907164 0.02869730 0.01811364 0.03429204 0.04683095 0.04271467 0.02368771 0.03418988 0.02391770 0.02419114 0.06094903 0.03237876 0.02935521 0.04451679 0.23494138 
polydactylus_sexfilis        0.00805310 0.03343607 0.12502594 0.03554102 0.03960670 0.04491988 0.06010094 0.03362555 0.03075007 0.03521629 0.15853676 0.03378628 0.09411428 0.05506125 0.24125477 0.04592585 0.03011808 0.04703846 0.03178847 0.04906958 0.04721696 0.07153693 0.03622957 0.03482287 0.12982918 0.03340834 0.08155349 0.09547488 0.05830083 0.11214488 0.04785641 0.03425250 0.06907392 0.10920239 0.08366766 0.06386460 0.03238872 0.00000000 0.06400288 0.03158551 0.03392625 0.03660670 0.03407373 0.04200158 0.05315221 0.04946261 0.03097135 0.04168242 0.03176352 0.04045983 0.06682983 0.04775751 0.03616001 0.05068053 0.23722549 
citharus_linguata            0.06450142 0.05788076 0.14164338 0.06036286 0.03460422 0.06472969 0.07232047 0.05764907 0.05780297 0.06058555 0.16898011 0.06036048 0.10301038 0.07985192 0.24415062 0.07299193 0.05757980 0.05912301 0.05739827 0.07390462 0.06216731 0.07970072 0.06244243 0.05902649 0.13622299 0.05864621 0.09355039 0.09863534 0.07051519 0.11068172 0.06234218 0.06033494 0.09202745 0.10930710 0.09974246 0.07687776 0.05881567 0.06400288 0.00000000 0.05833618 0.05876159 0.06377535 0.06063161 0.06834086 0.07811903 0.06452287 0.05789112 0.06802476 0.05782368 0.06581116 0.08153888 0.07302714 0.06248138 0.06512252 0.24976569 
trachinotus_ovatus           0.03140299 0.02604060 0.11840906 0.01963165 0.03280377 0.03784874 0.05244100 0.01904431 0.01375704 0.01968263 0.15130188 0.01466505 0.08755310 0.04832129 0.23279777 0.03872843 0.02239984 0.04105926 0.02433812 0.04163336 0.03996665 0.06594910 0.02029502 0.02724188 0.12254182 0.01827796 0.07443760 0.08920104 0.05092364 0.10496922 0.04082948 0.01866017 0.06228962 0.10437081 0.07825079 0.05603944 0.00255150 0.03158551 0.05833618 0.00000000 0.01850622 0.02815850 0.01749526 0.03365697 0.04619482 0.04190571 0.02314793 0.03358768 0.02334809 0.02405631 0.05991841 0.03157423 0.02866556 0.04381878 0.22877352 
trachurus_trachurus          0.03400095 0.02877852 0.11957284 0.01060835 0.03457930 0.04035234 0.05468114 0.00554264 0.01635303 0.01075095 0.15078055 0.02102962 0.08960753 0.05059378 0.23274409 0.04140789 0.02564542 0.04289738 0.02723958 0.04389495 0.04210376 0.06642130 0.01168870 0.02989200 0.12345441 0.00923047 0.07607689 0.08957242 0.05304127 0.10534133 0.04290663 0.00923921 0.06405985 0.10367996 0.07905823 0.05804985 0.01907164 0.03392625 0.05876159 0.01850622 0.00000000 0.03182686 0.02129686 0.03698615 0.04792312 0.04481986 0.02603549 0.03683917 0.02657060 0.02726561 0.06164891 0.03479708 0.03179340 0.04601852 0.23211599 
xiphius_gladius              0.03638984 0.03072066 0.12441591 0.03313679 0.03751020 0.04296850 0.05831786 0.03154956 0.02701561 0.03293282 0.15881699 0.03115365 0.09380175 0.05332917 0.24303989 0.04388475 0.02660084 0.04566616 0.02891303 0.04667995 0.04527391 0.07164906 0.03336109 0.03249749 0.12964336 0.03109610 0.08006086 0.09567813 0.05658621 0.11133043 0.04601165 0.03159115 0.06745165 0.10969348 0.08412018 0.06119882 0.02869730 0.03660670 0.06377535 0.02815850 0.03182686 0.00000000 0.03079472 0.03021427 0.05114697 0.04722567 0.02800274 0.02989166 0.02779919 0.03719158 0.06503135 0.04515952 0.03194011 0.04875695 0.23945420 
rachycentron_canadum         0.03400032 0.02898523 0.12177829 0.02264380 0.03534909 0.04052564 0.05549319 0.02138273 0.01683881 0.02261067 0.15475160 0.02048180 0.09091376 0.05124428 0.23901999 0.04165840 0.02512237 0.04307095 0.02717383 0.04457089 0.04260653 0.06849886 0.02302366 0.03039981 0.12625769 0.02084932 0.07721333 0.09221059 0.05396330 0.10758254 0.04347862 0.02139027 0.06520605 0.10630414 0.08148249 0.05866818 0.01811364 0.03407373 0.06063161 0.01749526 0.02129686 0.03079472 0.00000000 0.03670178 0.04860049 0.04485349 0.02607299 0.03643962 0.02612452 0.01486061 0.06267019 0.02815470 0.03160633 0.04623218 0.23701746 
tetrapturus_angustirostris   0.04179915 0.03611348 0.12910259 0.03878299 0.04295462 0.04783142 0.06356424 0.03642067 0.03313890 0.03850499 0.16220648 0.03652935 0.09883771 0.05824925 0.24782409 0.04903119 0.03220821 0.04966087 0.03416791 0.05180910 0.05007261 0.07578986 0.03902904 0.03726924 0.13487716 0.03672121 0.08497554 0.09946009 0.06183734 0.11484282 0.05089386 0.03746766 0.07299206 0.11464016 0.08867187 0.06661397 0.03429204 0.04200158 0.06834086 0.03365697 0.03698615 0.03021427 0.03670178 0.00000000 0.05620204 0.05234083 0.03337252 0.00288997 0.03370778 0.04239985 0.07048331 0.05016703 0.03727066 0.05368303 0.24590508 
apogon_lateralis             0.05299377 0.04753555 0.12571032 0.05016451 0.05469980 0.05897580 0.07398064 0.04691246 0.04552396 0.04974016 0.15985476 0.04807489 0.10701491 0.03592819 0.24197750 0.04873054 0.04505447 0.05866038 0.04574366 0.05389390 0.06118306 0.08589087 0.05034185 0.04855342 0.14259673 0.04766720 0.09500890 0.10793947 0.07205274 0.12447597 0.06204615 0.04883627 0.06994167 0.12271196 0.08806652 0.07703948 0.04683095 0.05315221 0.07811903 0.04619482 0.04792312 0.05114697 0.04860049 0.05620204 0.00000000 0.06339335 0.04509163 0.05607255 0.04624483 0.05390671 0.08041497 0.06122417 0.05097053 0.06400675 0.24153704 
hypopsetta_guttulata         0.04918779 0.04419531 0.13340269 0.04602320 0.04195022 0.05427996 0.05720999 0.04427415 0.04162168 0.04604660 0.16491266 0.04482835 0.09054787 0.06567947 0.24753305 0.05667647 0.04156538 0.04168003 0.04252110 0.05879621 0.01755696 0.05809879 0.04661301 0.04524799 0.12472380 0.04395057 0.07930251 0.08135198 0.05563414 0.09692969 0.01824218 0.04506303 0.07963764 0.09428472 0.09231760 0.06050713 0.04271467 0.04946261 0.06452287 0.04190571 0.04481986 0.04722567 0.04485349 0.05234083 0.06339335 0.00000000 0.04206345 0.05220101 0.04250545 0.05000887 0.06472997 0.05802087 0.04751341 0.04799496 0.24810319 
lates_calcarifer             0.03079343 0.02470929 0.11781066 0.02761338 0.03223213 0.03723831 0.05293334 0.02635055 0.02214546 0.02740728 0.15223884 0.02591703 0.08807208 0.04728483 0.23417900 0.03787684 0.02171205 0.04122607 0.02259527 0.04048189 0.03967126 0.06572129 0.02821848 0.02625422 0.12444238 0.02565577 0.07435181 0.08978475 0.05128295 0.10563572 0.04067620 0.02613340 0.06164389 0.10363924 0.07801902 0.05584887 0.02368771 0.03097135 0.05789112 0.02314793 0.02603549 0.02800274 0.02607299 0.03337252 0.04509163 0.04206345 0.00000000 0.03320831 0.02286411 0.03225297 0.06018288 0.04014251 0.02827854 0.04365631 0.23408049 
istiophorus_platypterus      0.04184900 0.03600135 0.12925844 0.03842930 0.04276832 0.04782202 0.06302132 0.03644572 0.03287920 0.03832563 0.16350520 0.03639239 0.09851160 0.05823084 0.24728121 0.04879867 0.03194034 0.04942964 0.03387713 0.05165034 0.04978379 0.07577015 0.03871291 0.03738766 0.13453468 0.03633348 0.08495953 0.09940194 0.06139583 0.11417724 0.05063416 0.03718435 0.07281145 0.11371725 0.08831290 0.06646027 0.03418988 0.04168242 0.06802476 0.03358768 0.03683917 0.02989166 0.03643962 0.00288997 0.05607255 0.05220101 0.03320831 0.00000000 0.03337830 0.04228691 0.07032094 0.04984811 0.03692175 0.05376375 0.24675120 
leptobrama_muelleri          0.03182643 0.02560916 0.11968875 0.02787757 0.03259755 0.03760941 0.05222081 0.02614406 0.02222186 0.02785443 0.15343635 0.02620718 0.08843999 0.04845339 0.23867431 0.03910341 0.01884221 0.04101953 0.02328390 0.04187497 0.03999381 0.06605751 0.02856588 0.02718425 0.12481332 0.02616967 0.07481408 0.09018869 0.05116159 0.10576388 0.04092994 0.02661592 0.06263370 0.10443940 0.07927409 0.05671864 0.02391770 0.03176352 0.05782368 0.02334809 0.02657060 0.02779919 0.02612452 0.03370778 0.04624483 0.04250545 0.02286411 0.03337830 0.00000000 0.03250069 0.06095409 0.04041148 0.02799318 0.04378330 0.23576051 
coryphaena_hippurus          0.04030713 0.03422381 0.12594245 0.02859864 0.04120247 0.04642284 0.06020024 0.02672699 0.02344718 0.02858516 0.15789757 0.02680894 0.09635724 0.05715211 0.24336416 0.04766465 0.03132381 0.04701978 0.03334410 0.05055956 0.04788543 0.07266959 0.02855940 0.03545878 0.13133875 0.02681218 0.08226711 0.09660389 0.05905977 0.11173284 0.04876451 0.02736748 0.07139089 0.11091078 0.08474853 0.06409962 0.02419114 0.04045983 0.06581116 0.02405631 0.02726561 0.03719158 0.01486061 0.04239985 0.05390671 0.05000887 0.03225297 0.04228691 0.03250069 0.00000000 0.06809100 0.03387676 0.03779922 0.05116126 0.24095596 
parachirus_xenicus           0.06689160 0.06131907 0.14840157 0.06310692 0.05985740 0.07078284 0.07190885 0.06052014 0.05945190 0.06318697 0.18133116 0.06280039 0.10120801 0.08234519 0.26236723 0.07452257 0.05920971 0.05950528 0.06027968 0.07677141 0.06252184 0.08416939 0.06310302 0.06308271 0.12701838 0.06054229 0.09231498 0.10606605 0.07096885 0.12118941 0.06251929 0.06285830 0.09654679 0.11946496 0.10874996 0.07434544 0.06094903 0.06682983 0.08153888 0.05991841 0.06164891 0.06503135 0.06267019 0.07048331 0.08041497 0.06472997 0.06018288 0.07032094 0.06095409 0.06809100 0.00000000 0.07523366 0.06504564 0.05525053 0.26329666 
echeneis_cf_naucratoides     0.04772265 0.04192740 0.13252758 0.03626503 0.04890410 0.05409826 0.06819574 0.03406159 0.03134775 0.03598144 0.16465661 0.03460222 0.10282126 0.06408331 0.24907233 0.05490004 0.03874689 0.05423848 0.04108407 0.05770847 0.05585688 0.08019567 0.03689784 0.04347117 0.13747673 0.03418659 0.09022848 0.10390619 0.06689640 0.11913987 0.05656439 0.03512086 0.07867657 0.11792792 0.09291690 0.07159115 0.03237876 0.04775751 0.07302714 0.03157423 0.03479708 0.04515952 0.02815470 0.05016703 0.06122417 0.05802087 0.04014251 0.04984811 0.04041148 0.03387676 0.07523366 0.00000000 0.04574942 0.05914792 0.24735933 
mene_maculatus               0.03618897 0.03060095 0.12433119 0.03308174 0.03783451 0.04257080 0.05770171 0.03144223 0.02732868 0.03278361 0.15752595 0.03124317 0.09319269 0.05268148 0.23920620 0.04333584 0.02680018 0.04503251 0.02900733 0.04671636 0.04503457 0.07122398 0.03368745 0.03231784 0.12703613 0.03123314 0.07950200 0.09464168 0.05617904 0.11014616 0.04580627 0.03170552 0.06733378 0.10750930 0.08346011 0.06125321 0.02935521 0.03616001 0.06248138 0.02866556 0.03179340 0.03194011 0.03160633 0.03727066 0.05097053 0.04751341 0.02827854 0.03692175 0.02799318 0.03779922 0.06504564 0.04574942 0.00000000 0.04915665 0.23859233 
poecilopsetta_plinthus       0.05065055 0.04473590 0.13278716 0.04759594 0.04346917 0.05446456 0.05585711 0.04517983 0.04314532 0.04745653 0.16360678 0.04628724 0.08703274 0.06635549 0.24550743 0.05810987 0.04312537 0.04448520 0.04361422 0.06064705 0.04597996 0.06823882 0.04819509 0.04613345 0.11617658 0.04548458 0.07701421 0.09022588 0.05437581 0.10624100 0.04652748 0.04633075 0.08011616 0.10389117 0.09282049 0.06008649 0.04451679 0.05068053 0.06512252 0.04381878 0.04601852 0.04875695 0.04623218 0.05368303 0.06400675 0.04799496 0.04365631 0.05376375 0.04378330 0.05116126 0.05525053 0.05914792 0.04915665 0.00000000 0.24439056 
syngnathus_fuscus            0.24036064 0.22970866 0.28752130 0.23619285 0.23931434 0.23707428 0.25514487 0.21624738 0.23497935 0.23610041 0.32421155 0.23537528 0.27730300 0.24273285 0.38959767 0.23457636 0.23329338 0.20542639 0.23356086 0.24111976 0.24688306 0.26160224 0.24003474 0.23240120 0.31217094 0.22569240 0.27324151 0.27993952 0.25095504 0.27831059 0.24693236 0.23707704 0.25701272 0.27799829 0.24686646 0.25954441 0.23494138 0.23722549 0.24976569 0.22877352 0.23211599 0.23945420 0.23701746 0.24590508 0.24153704 0.24810319 0.23408049 0.24675120 0.23576051 0.24095596 0.26329666 0.24735933 0.23859233 0.24439056 0.00000000 
