50
Aphaenogaster_occidentalis_EX818  0.0000000 0.1768716 0.1327542 0.1569048 0.1562725 0.1342246 0.1355619 0.1346441 0.1300805 0.2399196 0.1714406 0.2477950 0.1380822 0.1325814 0.1375590 0.1402670 0.1397058 0.1415097 0.1363915 0.1300184 0.1430941 0.1344215 0.1386784 0.1272353 0.1368975 0.1321992 0.1303446 0.1482551 0.1297533 0.1295188 0.1257438 0.1433567 0.1313014 0.1448323 0.1542761 0.1362785 0.1332877 0.1287268 0.1285285 0.1410675 0.1416981 0.1371296 0.1399751 0.1339422 0.1561626 0.1379641 0.1353223 0.1327862 0.1371477 0.1618964 
Crematogaster_nigropilosa_EX831   0.1768716 0.0000000 0.1447309 0.1640667 0.1646169 0.1478704 0.1383307 0.1447236 0.1426904 0.3034563 0.2397005 0.3088012 0.1487250 0.1449781 0.1463808 0.1538766 0.1538153 0.1484268 0.1467323 0.1407124 0.1478080 0.1431490 0.1491491 0.1426602 0.1471608 0.1387900 0.1433748 0.1551430 0.1395160 0.1422190 0.1371901 0.1532343 0.1395775 0.1585735 0.1639057 0.1487729 0.1451482 0.1394737 0.1369352 0.1520806 0.1494052 0.1490929 0.1502743 0.1438156 0.1666986 0.1473975 0.1410815 0.1447234 0.1507457 0.1764390 
Formicoxenus_diversipilosus_D1000 0.1327542 0.1447309 0.0000000 0.0959273 0.0960550 0.0123076 0.0081314 0.0086250 0.0078575 0.2343857 0.1788219 0.2689250 0.0747195 0.0705293 0.0733127 0.0770294 0.0754688 0.0777347 0.0717831 0.0687281 0.0808529 0.0719814 0.0757754 0.0670462 0.0736821 0.0694341 0.0709558 0.0832818 0.0676350 0.0659407 0.0674166 0.0812640 0.0675657 0.0821342 0.0885409 0.0738183 0.0694724 0.0664891 0.0686478 0.0759455 0.0783063 0.0748401 0.0772058 0.0733655 0.0919194 0.0766101 0.0725245 0.0708997 0.0740452 0.1063447 
Gauromyrmex_my01_P081             0.1569048 0.1640667 0.0959273 0.0000000 0.0038425 0.0945054 0.0954348 0.0932849 0.0960673 0.2547316 0.1966403 0.2838924 0.0982234 0.0934583 0.0985173 0.1014586 0.1006832 0.1042521 0.0955631 0.0945113 0.1047674 0.0975381 0.0994810 0.0917765 0.0981102 0.0961391 0.0944833 0.1080211 0.0935225 0.0906892 0.0932363 0.1073198 0.0949386 0.1048185 0.1114259 0.0980064 0.0938171 0.0914449 0.0950035 0.0994192 0.1015789 0.0989326 0.1020345 0.0997939 0.1165668 0.1019222 0.1000816 0.0949334 0.0985401 0.1237153 
Gauromyrmex_bengakalisi_EX812     0.1562725 0.1646169 0.0960550 0.0038425 0.0000000 0.0949907 0.0955483 0.0938713 0.0953343 0.2556157 0.1954026 0.2832696 0.0986801 0.0946730 0.0980273 0.1024605 0.1004187 0.1044704 0.0961698 0.0948556 0.1047035 0.0983284 0.0995981 0.0917284 0.0970962 0.0953497 0.0953524 0.1069111 0.0926082 0.0901806 0.0934668 0.1068167 0.0954081 0.1058773 0.1108165 0.0974228 0.0945197 0.0906950 0.0949888 0.1003243 0.1017805 0.0994010 0.1007091 0.0989934 0.1168898 0.1017697 0.0983428 0.0954386 0.0988391 0.1243421 
Harpagoxenus_sublaevis_D1116      0.1342246 0.1478704 0.0123076 0.0945054 0.0949907 0.0000000 0.0100852 0.0099777 0.0100640 0.2418748 0.1765581 0.2730192 0.0739565 0.0696649 0.0732599 0.0772477 0.0752016 0.0770614 0.0709548 0.0683682 0.0792627 0.0721120 0.0735532 0.0660986 0.0719258 0.0697994 0.0704718 0.0812707 0.0661535 0.0665890 0.0674925 0.0814726 0.0692691 0.0819157 0.0883598 0.0728630 0.0694581 0.0658891 0.0674874 0.0763175 0.0780746 0.0755999 0.0763454 0.0739229 0.0921853 0.0763904 0.0728606 0.0694498 0.0748684 0.1058369 
Leptothorax_calderoni_P070        0.1355619 0.1383307 0.0081314 0.0954348 0.0955483 0.0100852 0.0000000 0.0062983 0.0060531 0.2416122 0.1866526 0.2590848 0.0739721 0.0677017 0.0732638 0.0772119 0.0752960 0.0729598 0.0704129 0.0669638 0.0742922 0.0680807 0.0742115 0.0645351 0.0724854 0.0652658 0.0692173 0.0832196 0.0647476 0.0648975 0.0627874 0.0780247 0.0654767 0.0824547 0.0884379 0.0724150 0.0684044 0.0663835 0.0643256 0.0754116 0.0778844 0.0750287 0.0773037 0.0685897 0.0907353 0.0726936 0.0697109 0.0686762 0.0728667 0.1045048 
Leptothorax_gredleri_P089         0.1346441 0.1447236 0.0086250 0.0932849 0.0938713 0.0099777 0.0062983 0.0000000 0.0061819 0.2348716 0.1743260 0.2661756 0.0717360 0.0682302 0.0706534 0.0747698 0.0731458 0.0744118 0.0694444 0.0664315 0.0764778 0.0702418 0.0727110 0.0647492 0.0703400 0.0661511 0.0690231 0.0812079 0.0646802 0.0644626 0.0656396 0.0790470 0.0668552 0.0814493 0.0863431 0.0710772 0.0666133 0.0654365 0.0654965 0.0734620 0.0757946 0.0735179 0.0741541 0.0712508 0.0897886 0.0751738 0.0714439 0.0683548 0.0729080 0.1041552 
Leptothorax_muscorum_EX816        0.1300805 0.1426904 0.0078575 0.0960673 0.0953343 0.0100640 0.0060531 0.0061819 0.0000000 0.2452573 0.1842832 0.2621506 0.0724089 0.0685537 0.0718879 0.0767135 0.0748861 0.0731714 0.0706489 0.0673730 0.0743983 0.0686072 0.0743829 0.0664404 0.0718914 0.0665436 0.0689455 0.0829079 0.0647192 0.0653375 0.0645086 0.0779646 0.0650210 0.0811067 0.0893821 0.0734206 0.0687835 0.0655258 0.0650515 0.0750219 0.0767694 0.0747893 0.0756988 0.0704335 0.0907789 0.0740176 0.0691032 0.0691077 0.0740848 0.1068295 
Monomorium_pharaonis_EX804        0.2399196 0.3034563 0.2343857 0.2547316 0.2556157 0.2418748 0.2416122 0.2348716 0.2452573 0.0000000 0.2851806 0.3764486 0.2408221 0.2365192 0.2378543 0.2422680 0.2448807 0.2472292 0.2360141 0.2319079 0.2505749 0.2533542 0.2383341 0.2332003 0.2369069 0.2423545 0.2362561 0.2499438 0.2341570 0.2344753 0.2408452 0.2514620 0.2429982 0.2487424 0.2541769 0.2437822 0.2368511 0.2277640 0.2437485 0.2449472 0.2435506 0.2420111 0.2408324 0.2514518 0.2545853 0.2512980 0.2534729 0.2380295 0.2393701 0.2654492 
Myrmica_incompleta_EX808          0.1714406 0.2397005 0.1788219 0.1966403 0.1954026 0.1765581 0.1866526 0.1743260 0.1842832 0.2851806 0.0000000 0.2650760 0.1758092 0.1743495 0.1784041 0.1817257 0.1792348 0.1916841 0.1760926 0.1765989 0.1897260 0.1897836 0.1771856 0.1736580 0.1777603 0.1806689 0.1790807 0.1887715 0.1765475 0.1715749 0.1789615 0.1942137 0.1818481 0.1836842 0.1949659 0.1790308 0.1736112 0.1753930 0.1805934 0.1806005 0.1796349 0.1853108 0.1806910 0.1879516 0.2020635 0.1884879 0.1932416 0.1730198 0.1774854 0.2040868 
Pogonomyrmex_occidentalis_EX810   0.2477950 0.3088012 0.2689250 0.2838924 0.2832696 0.2730192 0.2590848 0.2661756 0.2621506 0.3764486 0.2650760 0.0000000 0.2716588 0.2679464 0.2718599 0.2762889 0.2748180 0.2667278 0.2662421 0.2665093 0.2618808 0.2675490 0.2705731 0.2615314 0.2711762 0.2588147 0.2638909 0.2824534 0.2592804 0.2609788 0.2550123 0.2697715 0.2597779 0.2780218 0.2888505 0.2753115 0.2675608 0.2630385 0.2560044 0.2749139 0.2730077 0.2682243 0.2768359 0.2627194 0.2870759 0.2671939 0.2579234 0.2677952 0.2710586 0.2895423 
Temnothorax_fuscatus_cf_P052      0.1380822 0.1487250 0.0747195 0.0982234 0.0986801 0.0739565 0.0739721 0.0717360 0.0724089 0.2408221 0.1758092 0.2716588 0.0000000 0.0177840 0.0318048 0.0354727 0.0313885 0.0323714 0.0287573 0.0269068 0.0352050 0.0275158 0.0322969 0.0241315 0.0319139 0.0246718 0.0267664 0.0398043 0.0262150 0.0252733 0.0230911 0.0366788 0.0242273 0.0284412 0.0319817 0.0308722 0.0266695 0.0247417 0.0258902 0.0217540 0.0349646 0.0320380 0.0337892 0.0298976 0.0363012 0.0333435 0.0279319 0.0274735 0.0314400 0.1079071 
Temnothorax_mmp07_P003            0.1325814 0.1449781 0.0705293 0.0934583 0.0946730 0.0696649 0.0677017 0.0682302 0.0685537 0.2365192 0.1743495 0.2679464 0.0177840 0.0000000 0.0276866 0.0316117 0.0283573 0.0287894 0.0253601 0.0231173 0.0313462 0.0243388 0.0289608 0.0205764 0.0275382 0.0214335 0.0233579 0.0354481 0.0230456 0.0218958 0.0201972 0.0325488 0.0206178 0.0262165 0.0315958 0.0282472 0.0229429 0.0215546 0.0222380 0.0209612 0.0315256 0.0291531 0.0295504 0.0265950 0.0345916 0.0304817 0.0246644 0.0237679 0.0275952 0.1039148 
Temnothorax_mmp11_P054            0.1375590 0.1463808 0.0733127 0.0985173 0.0980273 0.0732599 0.0732638 0.0706534 0.0718879 0.2378543 0.1784041 0.2718599 0.0318048 0.0276866 0.0000000 0.0346436 0.0323354 0.0336503 0.0296695 0.0268690 0.0354393 0.0279977 0.0334382 0.0246434 0.0311625 0.0258159 0.0274203 0.0421695 0.0255403 0.0248223 0.0237675 0.0380548 0.0252562 0.0396005 0.0453448 0.0304221 0.0275053 0.0249039 0.0251014 0.0339121 0.0359030 0.0320379 0.0352636 0.0084419 0.0484386 0.0326159 0.0295466 0.0286321 0.0322640 0.1061017 
Temnothorax_allardycei_P101       0.1402670 0.1538766 0.0770294 0.1014586 0.1024605 0.0772477 0.0772119 0.0747698 0.0767135 0.2422680 0.1817257 0.2762889 0.0354727 0.0316117 0.0346436 0.0000000 0.0363569 0.0367435 0.0327190 0.0306766 0.0390168 0.0316869 0.0369386 0.0278033 0.0343872 0.0292900 0.0315504 0.0444001 0.0295533 0.0290589 0.0273323 0.0412280 0.0289495 0.0431290 0.0491427 0.0252260 0.0309871 0.0282425 0.0289728 0.0376714 0.0397411 0.0356194 0.0379460 0.0333285 0.0519909 0.0367699 0.0321205 0.0320599 0.0357101 0.1111820 
Temnothorax_americanus_P032       0.1397058 0.1538153 0.0754688 0.1006832 0.1004187 0.0752016 0.0752960 0.0731458 0.0748861 0.2448807 0.1792348 0.2748180 0.0313885 0.0283573 0.0323354 0.0363569 0.0000000 0.0258069 0.0283897 0.0278272 0.0365283 0.0268348 0.0336893 0.0232270 0.0323882 0.0231839 0.0197793 0.0380688 0.0277883 0.0269478 0.0219901 0.0383920 0.0207066 0.0403021 0.0457778 0.0328361 0.0254843 0.0260002 0.0279907 0.0340322 0.0336738 0.0340602 0.0308086 0.0320670 0.0494940 0.0354082 0.0265249 0.0260415 0.0328328 0.1094330 
Temnothorax_bernardi_P013         0.1415097 0.1484268 0.0777347 0.1042521 0.1044704 0.0770614 0.0729598 0.0744118 0.0731714 0.2472292 0.1916841 0.2667278 0.0323714 0.0287894 0.0336503 0.0367435 0.0258069 0.0000000 0.0278103 0.0278180 0.0351871 0.0261921 0.0340688 0.0233901 0.0335416 0.0228569 0.0205079 0.0385319 0.0276532 0.0275875 0.0216120 0.0380464 0.0202857 0.0407613 0.0465087 0.0331746 0.0251167 0.0265441 0.0271625 0.0348616 0.0335622 0.0337358 0.0317075 0.0316085 0.0496960 0.0343746 0.0265659 0.0258659 0.0332274 0.1125674 
Temnothorax_cagnianti_P042        0.1363915 0.1467323 0.0717831 0.0955631 0.0961698 0.0709548 0.0704129 0.0694444 0.0706489 0.2360141 0.1760926 0.2662421 0.0287573 0.0253601 0.0296695 0.0327190 0.0283897 0.0278103 0.0000000 0.0248061 0.0331802 0.0177625 0.0299713 0.0154811 0.0296709 0.0205297 0.0227796 0.0299548 0.0245378 0.0234376 0.0173582 0.0345996 0.0199569 0.0371607 0.0430211 0.0300146 0.0170758 0.0230627 0.0243627 0.0309929 0.0250129 0.0300051 0.0281528 0.0287219 0.0465017 0.0322461 0.0225533 0.0209011 0.0295693 0.1055412 
Temnothorax_clypeatus_P105        0.1300184 0.1407124 0.0687281 0.0945113 0.0948556 0.0683682 0.0669638 0.0664315 0.0673730 0.2319079 0.1765989 0.2665093 0.0269068 0.0231173 0.0268690 0.0306766 0.0278272 0.0278180 0.0248061 0.0000000 0.0306647 0.0229209 0.0285205 0.0198036 0.0274335 0.0208195 0.0223027 0.0364029 0.0213871 0.0199274 0.0184011 0.0323765 0.0200422 0.0353582 0.0397195 0.0267205 0.0220337 0.0164574 0.0209171 0.0296490 0.0314429 0.0273313 0.0297320 0.0253223 0.0431587 0.0291871 0.0245595 0.0230177 0.0268553 0.1018640 
Temnothorax_cristinae_P115        0.1430941 0.1478080 0.0808529 0.1047674 0.1047035 0.0792627 0.0742922 0.0764778 0.0743983 0.2505749 0.1897260 0.2618808 0.0352050 0.0313462 0.0354393 0.0390168 0.0365283 0.0351871 0.0331802 0.0306647 0.0000000 0.0312440 0.0256568 0.0282609 0.0352625 0.0277582 0.0311063 0.0443847 0.0289341 0.0295512 0.0272681 0.0411568 0.0285011 0.0441721 0.0496123 0.0354976 0.0307326 0.0277686 0.0287646 0.0377120 0.0388125 0.0278700 0.0378666 0.0328283 0.0517817 0.0362882 0.0321723 0.0314189 0.0367248 0.1154066 
Temnothorax_flavicornis_P121      0.1344215 0.1431490 0.0719814 0.0975381 0.0983284 0.0721120 0.0680807 0.0702418 0.0686072 0.2533542 0.1897836 0.2675490 0.0275158 0.0243388 0.0279977 0.0316869 0.0268348 0.0261921 0.0177625 0.0229209 0.0312440 0.0000000 0.0295150 0.0144647 0.0278781 0.0186319 0.0216502 0.0249661 0.0228190 0.0225617 0.0159667 0.0330142 0.0184479 0.0361826 0.0426269 0.0291657 0.0163816 0.0215892 0.0229184 0.0298281 0.0203540 0.0295441 0.0269006 0.0272065 0.0454922 0.0304376 0.0204035 0.0205074 0.0284304 0.1092280 
Temnothorax_flavispinus_cf_P112   0.1386784 0.1491491 0.0757754 0.0994810 0.0995981 0.0735532 0.0742115 0.0727110 0.0743829 0.2383341 0.1771856 0.2705731 0.0322969 0.0289608 0.0334382 0.0369386 0.0336893 0.0340688 0.0299713 0.0285205 0.0256568 0.0295150 0.0000000 0.0259980 0.0330434 0.0270610 0.0289436 0.0418692 0.0275170 0.0269005 0.0253248 0.0392332 0.0263469 0.0409756 0.0465881 0.0326022 0.0287579 0.0260304 0.0272928 0.0354476 0.0367096 0.0260297 0.0354257 0.0313270 0.0494491 0.0345880 0.0306692 0.0300994 0.0337141 0.1091841 
Temnothorax_gredosi_P097          0.1272353 0.1426602 0.0670462 0.0917765 0.0917284 0.0660986 0.0645351 0.0647492 0.0664404 0.2332003 0.1736580 0.2615314 0.0241315 0.0205764 0.0246434 0.0278033 0.0232270 0.0233901 0.0154811 0.0198036 0.0282609 0.0144647 0.0259980 0.0000000 0.0242388 0.0156118 0.0179925 0.0256730 0.0200316 0.0190482 0.0128033 0.0307078 0.0151851 0.0322663 0.0382376 0.0255058 0.0129458 0.0180974 0.0198797 0.0259630 0.0212354 0.0259107 0.0234641 0.0242788 0.0420232 0.0274538 0.0178099 0.0168808 0.0251040 0.1008581 
Temnothorax_gundlachi_P099        0.1368975 0.1471608 0.0736821 0.0981102 0.0970962 0.0719258 0.0724854 0.0703400 0.0718914 0.2369069 0.1777603 0.2711762 0.0319139 0.0275382 0.0311625 0.0343872 0.0323882 0.0335416 0.0296709 0.0274335 0.0352625 0.0278781 0.0330434 0.0242388 0.0000000 0.0257897 0.0276637 0.0416236 0.0254004 0.0249219 0.0237950 0.0381757 0.0252037 0.0392719 0.0450849 0.0302852 0.0273977 0.0246511 0.0248674 0.0338355 0.0354448 0.0319699 0.0353129 0.0288813 0.0488919 0.0321584 0.0291036 0.0286270 0.0326323 0.1064367 
Temnothorax_kubira_P056           0.1321992 0.1387900 0.0694341 0.0961391 0.0953497 0.0697994 0.0652658 0.0661511 0.0665436 0.2423545 0.1806689 0.2588147 0.0246718 0.0214335 0.0258159 0.0292900 0.0231839 0.0228569 0.0205297 0.0208195 0.0277582 0.0186319 0.0270610 0.0156118 0.0257897 0.0000000 0.0180915 0.0313900 0.0206594 0.0200845 0.0141782 0.0302621 0.0154003 0.0338540 0.0397540 0.0269311 0.0176426 0.0195869 0.0201285 0.0274739 0.0262051 0.0274671 0.0232029 0.0243978 0.0419492 0.0286691 0.0189335 0.0185721 0.0268580 0.1057398 
Temnothorax_longispinosus_P039    0.1303446 0.1433748 0.0709558 0.0944833 0.0953524 0.0704718 0.0692173 0.0690231 0.0689455 0.2362561 0.1790807 0.2638909 0.0267664 0.0233579 0.0274203 0.0315504 0.0197793 0.0205079 0.0227796 0.0223027 0.0311063 0.0216502 0.0289436 0.0179925 0.0276637 0.0180915 0.0000000 0.0330117 0.0229268 0.0222366 0.0169432 0.0332161 0.0154993 0.0352035 0.0412392 0.0283030 0.0201941 0.0215277 0.0224878 0.0289861 0.0285678 0.0285997 0.0260067 0.0268315 0.0442766 0.0302609 0.0218293 0.0209204 0.0281766 0.1053437 
Temnothorax_muellerianus_P104     0.1482551 0.1551430 0.0832818 0.1080211 0.1069111 0.0812707 0.0832196 0.0812079 0.0829079 0.2499438 0.1887715 0.2824534 0.0398043 0.0354481 0.0421695 0.0444001 0.0380688 0.0385319 0.0299548 0.0364029 0.0443847 0.0249661 0.0418692 0.0256730 0.0416236 0.0313900 0.0330117 0.0000000 0.0351315 0.0343321 0.0277418 0.0454666 0.0309120 0.0475958 0.0531081 0.0400158 0.0282818 0.0336337 0.0352447 0.0418866 0.0265237 0.0403107 0.0405363 0.0393120 0.0572745 0.0424722 0.0331653 0.0321464 0.0401024 0.1164277 
Temnothorax_nevadensis_P016       0.1297533 0.1395160 0.0676350 0.0935225 0.0926082 0.0661535 0.0647476 0.0646802 0.0647192 0.2341570 0.1765475 0.2592804 0.0262150 0.0230456 0.0255403 0.0295533 0.0277883 0.0276532 0.0245378 0.0213871 0.0289341 0.0228190 0.0275170 0.0200316 0.0254004 0.0206594 0.0229268 0.0351315 0.0000000 0.0173920 0.0189005 0.0321403 0.0193876 0.0346636 0.0401340 0.0263657 0.0216743 0.0199516 0.0200110 0.0290175 0.0305837 0.0277324 0.0286127 0.0241386 0.0434363 0.0276591 0.0243013 0.0230226 0.0277348 0.0996769 
Temnothorax_nitens_P017           0.1295188 0.1422190 0.0659407 0.0906892 0.0901806 0.0665890 0.0648975 0.0644626 0.0653375 0.2344753 0.1715749 0.2609788 0.0252733 0.0218958 0.0248223 0.0290589 0.0269478 0.0275875 0.0234376 0.0199274 0.0295512 0.0225617 0.0269005 0.0190482 0.0249219 0.0200845 0.0222366 0.0343321 0.0173920 0.0000000 0.0183754 0.0324015 0.0195510 0.0334886 0.0397710 0.0259224 0.0210371 0.0188335 0.0197704 0.0278072 0.0294410 0.0270479 0.0280864 0.0242744 0.0424519 0.0272505 0.0237239 0.0223820 0.0268416 0.0991434 
Temnothorax_nylanderi_P025        0.1257438 0.1371901 0.0674166 0.0932363 0.0934668 0.0674925 0.0627874 0.0656396 0.0645086 0.2408452 0.1789615 0.2550123 0.0230911 0.0201972 0.0237675 0.0273323 0.0219901 0.0216120 0.0173582 0.0184011 0.0272681 0.0159667 0.0253248 0.0128033 0.0237950 0.0141782 0.0169432 0.0277418 0.0189005 0.0183754 0.0000000 0.0289675 0.0136423 0.0317295 0.0378790 0.0246036 0.0146327 0.0173215 0.0188797 0.0256699 0.0231161 0.0255942 0.0223586 0.0228289 0.0406187 0.0263139 0.0155839 0.0148574 0.0243925 0.1040116 
Temnothorax_obturator_P111        0.1433567 0.1532343 0.0812640 0.1073198 0.1068167 0.0814726 0.0780247 0.0790470 0.0779646 0.2514620 0.1942137 0.2697715 0.0366788 0.0325488 0.0380548 0.0412280 0.0383920 0.0380464 0.0345996 0.0323765 0.0411568 0.0330142 0.0392332 0.0307078 0.0381757 0.0302621 0.0332161 0.0454666 0.0321403 0.0324015 0.0289675 0.0000000 0.0304104 0.0447381 0.0512788 0.0384480 0.0327691 0.0309671 0.0315041 0.0386658 0.0412160 0.0392851 0.0390308 0.0358722 0.0534866 0.0393736 0.0340237 0.0337588 0.0289049 0.1173395 
Temnothorax_oxianus_P094          0.1313014 0.1395775 0.0675657 0.0949386 0.0954081 0.0692691 0.0654767 0.0668552 0.0650210 0.2429982 0.1818481 0.2597779 0.0242273 0.0206178 0.0252562 0.0289495 0.0207066 0.0202857 0.0199569 0.0200422 0.0285011 0.0184479 0.0263469 0.0151851 0.0252037 0.0154003 0.0154993 0.0309120 0.0193876 0.0195510 0.0136423 0.0304104 0.0000000 0.0333643 0.0391583 0.0260733 0.0174471 0.0191308 0.0192485 0.0268834 0.0260446 0.0263443 0.0241565 0.0239711 0.0415881 0.0270734 0.0190832 0.0183081 0.0253512 0.1033807 
Temnothorax_peninsularis_nr_P106  0.1448323 0.1585735 0.0821342 0.1048185 0.1058773 0.0819157 0.0824547 0.0814493 0.0811067 0.2487424 0.1836842 0.2780218 0.0284412 0.0262165 0.0396005 0.0431290 0.0403021 0.0407613 0.0371607 0.0353582 0.0441721 0.0361826 0.0409756 0.0322663 0.0392719 0.0338540 0.0352035 0.0475958 0.0346636 0.0334886 0.0317295 0.0447381 0.0333643 0.0000000 0.0429765 0.0398061 0.0353686 0.0332091 0.0348907 0.0303826 0.0431779 0.0406613 0.0416551 0.0390726 0.0457394 0.0424363 0.0368473 0.0357424 0.0396823 0.1146583 
Temnothorax_pergandei_P036        0.1542761 0.1639057 0.0885409 0.1114259 0.1108165 0.0883598 0.0884379 0.0863431 0.0893821 0.2541769 0.1949659 0.2888505 0.0319817 0.0315958 0.0453448 0.0491427 0.0457778 0.0465087 0.0430211 0.0397195 0.0496123 0.0426269 0.0465881 0.0382376 0.0450849 0.0397540 0.0412392 0.0531081 0.0401340 0.0397710 0.0378790 0.0512788 0.0391583 0.0429765 0.0000000 0.0456447 0.0397475 0.0390465 0.0402931 0.0355658 0.0480179 0.0465517 0.0469418 0.0449350 0.0496380 0.0482298 0.0431702 0.0412050 0.0457644 0.1201087 
Temnothorax_purpuratus_P062       0.1362785 0.1487729 0.0738183 0.0980064 0.0974228 0.0728630 0.0724150 0.0710772 0.0734206 0.2437822 0.1790308 0.2753115 0.0308722 0.0282472 0.0304221 0.0252260 0.0328361 0.0331746 0.0300146 0.0267205 0.0354976 0.0291657 0.0326022 0.0255058 0.0302852 0.0269311 0.0283030 0.0400158 0.0263657 0.0259224 0.0246036 0.0384480 0.0260733 0.0398061 0.0456447 0.0000000 0.0272158 0.0251612 0.0259404 0.0339966 0.0353412 0.0331886 0.0338521 0.0302370 0.0482233 0.0340478 0.0300155 0.0282365 0.0327988 0.1064053 
Temnothorax_recedens_P014         0.1332877 0.1451482 0.0694724 0.0938171 0.0945197 0.0694581 0.0684044 0.0666133 0.0687835 0.2368511 0.1736112 0.2675608 0.0266695 0.0229429 0.0275053 0.0309871 0.0254843 0.0251167 0.0170758 0.0220337 0.0307326 0.0163816 0.0287579 0.0129458 0.0273977 0.0176426 0.0201941 0.0282818 0.0216743 0.0210371 0.0146327 0.0327691 0.0174471 0.0353686 0.0397475 0.0272158 0.0000000 0.0201322 0.0214259 0.0291593 0.0238752 0.0274156 0.0262276 0.0260789 0.0430650 0.0297831 0.0200379 0.0190279 0.0269436 0.1017799 
Temnothorax_rugatulus_P018        0.1287268 0.1394737 0.0664891 0.0914449 0.0906950 0.0658891 0.0663835 0.0654365 0.0655258 0.2277640 0.1753930 0.2630385 0.0247417 0.0215546 0.0249039 0.0282425 0.0260002 0.0265441 0.0230627 0.0164574 0.0277686 0.0215892 0.0260304 0.0180974 0.0246511 0.0195869 0.0215277 0.0336337 0.0199516 0.0188335 0.0173215 0.0309671 0.0191308 0.0332091 0.0390465 0.0251612 0.0201322 0.0000000 0.0196961 0.0268142 0.0283582 0.0259595 0.0273806 0.0241541 0.0424957 0.0271223 0.0234857 0.0218204 0.0262271 0.0994468 
Temnothorax_rugithorax_cf_P135    0.1285285 0.1369352 0.0686478 0.0950035 0.0949888 0.0674874 0.0643256 0.0654965 0.0650515 0.2437485 0.1805934 0.2560044 0.0258902 0.0222380 0.0251014 0.0289728 0.0279907 0.0271625 0.0243627 0.0209171 0.0287646 0.0229184 0.0272928 0.0198797 0.0248674 0.0201285 0.0224878 0.0352447 0.0200110 0.0197704 0.0188797 0.0315041 0.0192485 0.0348907 0.0402931 0.0259404 0.0214259 0.0196961 0.0000000 0.0285863 0.0301966 0.0272092 0.0287743 0.0231044 0.0433174 0.0251936 0.0235499 0.0230505 0.0277100 0.1035486 
Temnothorax_salvini_P050          0.1410675 0.1520806 0.0759455 0.0994192 0.1003243 0.0763175 0.0754116 0.0734620 0.0750219 0.2449472 0.1806005 0.2749139 0.0217540 0.0209612 0.0339121 0.0376714 0.0340322 0.0348616 0.0309929 0.0296490 0.0377120 0.0298281 0.0354476 0.0259630 0.0338355 0.0274739 0.0289861 0.0418866 0.0290175 0.0278072 0.0256699 0.0386658 0.0268834 0.0303826 0.0355658 0.0339966 0.0291593 0.0268142 0.0285863 0.0000000 0.0369561 0.0340796 0.0354622 0.0328414 0.0388751 0.0367577 0.0305738 0.0300765 0.0333483 0.1106802 
Temnothorax_semenovi_P093         0.1416981 0.1494052 0.0783063 0.1015789 0.1017805 0.0780746 0.0778844 0.0757946 0.0767694 0.2435506 0.1796349 0.2730077 0.0349646 0.0315256 0.0359030 0.0397411 0.0336738 0.0335622 0.0250129 0.0314429 0.0388125 0.0203540 0.0367096 0.0212354 0.0354448 0.0262051 0.0285678 0.0265237 0.0305837 0.0294410 0.0231161 0.0412160 0.0260446 0.0431779 0.0480179 0.0353412 0.0238752 0.0283582 0.0301966 0.0369561 0.0000000 0.0355935 0.0349404 0.0341480 0.0520950 0.0378266 0.0272259 0.0278531 0.0354519 0.1124537 
Temnothorax_semiruber_P026        0.1371296 0.1490929 0.0748401 0.0989326 0.0994010 0.0755999 0.0750287 0.0735179 0.0747893 0.2420111 0.1853108 0.2682243 0.0320380 0.0291531 0.0320379 0.0356194 0.0340602 0.0337358 0.0300051 0.0273313 0.0278700 0.0295441 0.0260297 0.0259107 0.0319699 0.0274671 0.0285997 0.0403107 0.0277324 0.0270479 0.0255942 0.0392851 0.0263443 0.0406613 0.0465517 0.0331886 0.0274156 0.0259595 0.0272092 0.0340796 0.0355935 0.0000000 0.0344726 0.0322255 0.0500191 0.0354464 0.0300471 0.0290109 0.0337761 0.1096940 
Temnothorax_spinosior_P038        0.1399751 0.1502743 0.0772058 0.1020345 0.1007091 0.0763454 0.0773037 0.0741541 0.0756988 0.2408324 0.1806910 0.2768359 0.0337892 0.0295504 0.0352636 0.0379460 0.0308086 0.0317075 0.0281528 0.0297320 0.0378666 0.0269006 0.0354257 0.0234641 0.0353129 0.0232029 0.0260067 0.0405363 0.0286127 0.0280864 0.0223586 0.0390308 0.0241565 0.0416551 0.0469418 0.0338521 0.0262276 0.0273806 0.0287743 0.0354622 0.0349404 0.0344726 0.0000000 0.0330108 0.0500205 0.0363837 0.0269682 0.0263649 0.0339112 0.1109804 
Temnothorax_striatulus_cf_P051    0.1339422 0.1438156 0.0733655 0.0997939 0.0989934 0.0739229 0.0685897 0.0712508 0.0704335 0.2514518 0.1879516 0.2627194 0.0298976 0.0265950 0.0084419 0.0333285 0.0320670 0.0316085 0.0287219 0.0253223 0.0328283 0.0272065 0.0313270 0.0242788 0.0288813 0.0243978 0.0268315 0.0393120 0.0241386 0.0242744 0.0228289 0.0358722 0.0239711 0.0390726 0.0449350 0.0302370 0.0260789 0.0241541 0.0231044 0.0328414 0.0341480 0.0322255 0.0330108 0.0000000 0.0476106 0.0318123 0.0277689 0.0268608 0.0317993 0.1094685 
Temnothorax_subditivus_P059       0.1561626 0.1666986 0.0919194 0.1165668 0.1168898 0.0921853 0.0907353 0.0897886 0.0907789 0.2545853 0.2020635 0.2870759 0.0363012 0.0345916 0.0484386 0.0519909 0.0494940 0.0496960 0.0465017 0.0431587 0.0517817 0.0454922 0.0494491 0.0420232 0.0488919 0.0419492 0.0442766 0.0572745 0.0434363 0.0424519 0.0406187 0.0534866 0.0415881 0.0457394 0.0496380 0.0482233 0.0430650 0.0424957 0.0433174 0.0388751 0.0520950 0.0500191 0.0500205 0.0476106 0.0000000 0.0520106 0.0463840 0.0440395 0.0481568 0.1248974 
Temnothorax_tricarinatus_P110     0.1379641 0.1473975 0.0766101 0.1019222 0.1017697 0.0763904 0.0726936 0.0751738 0.0740176 0.2512980 0.1884879 0.2671939 0.0333435 0.0304817 0.0326159 0.0367699 0.0354082 0.0343746 0.0322461 0.0291871 0.0362882 0.0304376 0.0345880 0.0274538 0.0321584 0.0286691 0.0302609 0.0424722 0.0276591 0.0272505 0.0263139 0.0393736 0.0270734 0.0424363 0.0482298 0.0340478 0.0297831 0.0271223 0.0251936 0.0367577 0.0378266 0.0354464 0.0363837 0.0318123 0.0520106 0.0000000 0.0308440 0.0308712 0.0352167 0.1110461 
Temnothorax_turcicus_P022         0.1353223 0.1410815 0.0725245 0.1000816 0.0983428 0.0728606 0.0697109 0.0714439 0.0691032 0.2534729 0.1932416 0.2579234 0.0279319 0.0246644 0.0295466 0.0321205 0.0265249 0.0265659 0.0225533 0.0245595 0.0321723 0.0204035 0.0306692 0.0178099 0.0291036 0.0189335 0.0218293 0.0331653 0.0243013 0.0237239 0.0155839 0.0340237 0.0190832 0.0368473 0.0431702 0.0300155 0.0200379 0.0234857 0.0235499 0.0305738 0.0272259 0.0300471 0.0269682 0.0277689 0.0463840 0.0308440 0.0000000 0.0092132 0.0291514 0.1095300 
Temnothorax_unifasciatus_P027     0.1327862 0.1447234 0.0708997 0.0949334 0.0954386 0.0694498 0.0686762 0.0683548 0.0691077 0.2380295 0.1730198 0.2677952 0.0274735 0.0237679 0.0286321 0.0320599 0.0260415 0.0258659 0.0209011 0.0230177 0.0314189 0.0205074 0.0300994 0.0168808 0.0286270 0.0185721 0.0209204 0.0321464 0.0230226 0.0223820 0.0148574 0.0337588 0.0183081 0.0357424 0.0412050 0.0282365 0.0190279 0.0218204 0.0230505 0.0300765 0.0278531 0.0290109 0.0263649 0.0268608 0.0440395 0.0308712 0.0092132 0.0000000 0.0286420 0.1036120 
Temnothorax_whitfordi_P091        0.1371477 0.1507457 0.0740452 0.0985401 0.0988391 0.0748684 0.0728667 0.0729080 0.0740848 0.2393701 0.1774854 0.2710586 0.0314400 0.0275952 0.0322640 0.0357101 0.0328328 0.0332274 0.0295693 0.0268553 0.0367248 0.0284304 0.0337141 0.0251040 0.0326323 0.0268580 0.0281766 0.0401024 0.0277348 0.0268416 0.0243925 0.0289049 0.0253512 0.0396823 0.0457644 0.0327988 0.0269436 0.0262271 0.0277100 0.0333483 0.0354519 0.0337761 0.0339112 0.0317993 0.0481568 0.0352167 0.0291514 0.0286420 0.0000000 0.1080857 
Vombisidris_bilongrudi_D937       0.1618964 0.1764390 0.1063447 0.1237153 0.1243421 0.1058369 0.1045048 0.1041552 0.1068295 0.2654492 0.2040868 0.2895423 0.1079071 0.1039148 0.1061017 0.1111820 0.1094330 0.1125674 0.1055412 0.1018640 0.1154066 0.1092280 0.1091841 0.1008581 0.1064367 0.1057398 0.1053437 0.1164277 0.0996769 0.0991434 0.1040116 0.1173395 0.1033807 0.1146583 0.1201087 0.1064053 0.1017799 0.0994468 0.1035486 0.1106802 0.1124537 0.1096940 0.1109804 0.1094685 0.1248974 0.1110461 0.1095300 0.1036120 0.1080857 0.0000000 
