18
cyrtonyx_montezumae       0.00000000 0.02114225 0.02431286 0.02411059 0.02320202 0.02451798 0.02297157 0.02380187 0.02346007 0.02305992 0.02599464 0.02338801 0.02494794 0.02217275 0.02412437 0.02070851 0.02107145 0.02280335 
alectoris_rufa            0.02114225 0.00000000 0.01369655 0.01352298 0.01301550 0.01295403 0.01231419 0.01344134 0.01308772 0.01308327 0.01499742 0.01229202 0.01439111 0.01279812 0.01640825 0.01192750 0.01239664 0.01278156 
catreus_wallichi          0.02431286 0.01369655 0.00000000 0.00447322 0.00361178 0.01555150 0.00856163 0.00393232 0.00354919 0.00392920 0.01043213 0.01461380 0.00901874 0.00424097 0.01845316 0.00426807 0.00432548 0.00941250 
chrysolophus_pictus       0.02411059 0.01352298 0.00447322 0.00000000 0.00402550 0.01526619 0.00830086 0.00416914 0.00370176 0.00405674 0.01018755 0.01430543 0.00894215 0.00400376 0.01818397 0.00398626 0.00416999 0.00906807 
crossoptilon_crossoptilon 0.02320202 0.01301550 0.00361178 0.00402550 0.00000000 0.01488088 0.00803478 0.00352977 0.00312896 0.00345312 0.00996603 0.01390008 0.00855903 0.00372996 0.01771236 0.00388337 0.00398677 0.00887199 
galgal4                   0.02451798 0.01295403 0.01555150 0.01526619 0.01488088 0.00000000 0.01385532 0.01515024 0.01463119 0.01477551 0.01704274 0.01361412 0.01645186 0.01426090 0.01788760 0.01309860 0.01340737 0.01438552 
lophophorus_impejanus     0.02297157 0.01231419 0.00856163 0.00830086 0.00803478 0.01385532 0.00000000 0.00821436 0.00778764 0.00804878 0.00971941 0.01292741 0.00971616 0.00772064 0.01699166 0.00723318 0.00741723 0.00740806 
lophura_inornata          0.02380187 0.01344134 0.00393232 0.00416914 0.00352977 0.01515024 0.00821436 0.00000000 0.00247412 0.00314039 0.01005932 0.01405448 0.00873931 0.00382238 0.01800583 0.00385893 0.00401379 0.00899484 
lophura_nycthemera        0.02346007 0.01308772 0.00354919 0.00370176 0.00312896 0.01463119 0.00778764 0.00247412 0.00000000 0.00263428 0.00965810 0.01373506 0.00834593 0.00343131 0.01752793 0.00351777 0.00349268 0.00851992 
lophura_swinhoii          0.02305992 0.01308327 0.00392920 0.00405674 0.00345312 0.01477551 0.00804878 0.00314039 0.00263428 0.00000000 0.00995187 0.01387490 0.00868909 0.00372267 0.01758975 0.00391742 0.00398379 0.00877585 
melgal2                   0.02599464 0.01499742 0.01043213 0.01018755 0.00996603 0.01704274 0.00971941 0.01005932 0.00965810 0.00995187 0.00000000 0.01584923 0.01160814 0.00956281 0.01956580 0.00889674 0.00920429 0.01045440 
pavo_cristatus            0.02338801 0.01229202 0.01461380 0.01430543 0.01390008 0.01361412 0.01292741 0.01405448 0.01373506 0.01387490 0.01584923 0.00000000 0.01553744 0.01349695 0.01731877 0.01240713 0.01273303 0.01355641 
perdix                    0.02494794 0.01439111 0.00901874 0.00894215 0.00855903 0.01645186 0.00971616 0.00873931 0.00834593 0.00868909 0.01160814 0.01553744 0.00000000 0.00826086 0.01912667 0.00772034 0.00805656 0.01039584 
phasianus_colchicus       0.02217275 0.01279812 0.00424097 0.00400376 0.00372996 0.01426090 0.00772064 0.00382238 0.00343131 0.00372267 0.00956281 0.01349695 0.00826086 0.00000000 0.01681504 0.00370598 0.00372759 0.00843182 
rollulus_rouloul          0.02412437 0.01640825 0.01845316 0.01818397 0.01771236 0.01788760 0.01699166 0.01800583 0.01752793 0.01758975 0.01956580 0.01731877 0.01912667 0.01681504 0.00000000 0.01558501 0.01638347 0.01733360 
syrmaticus_ellioti        0.02070851 0.01192750 0.00426807 0.00398626 0.00388337 0.01309860 0.00723318 0.00385893 0.00351777 0.00391742 0.00889674 0.01240713 0.00772034 0.00370598 0.01558501 0.00000000 0.00317115 0.00816415 
syrmaticus_reevesii       0.02107145 0.01239664 0.00432548 0.00416999 0.00398677 0.01340737 0.00741723 0.00401379 0.00349268 0.00398379 0.00920429 0.01273303 0.00805656 0.00372759 0.01638347 0.00317115 0.00000000 0.00835538 
tragopan_blythii          0.02280335 0.01278156 0.00941250 0.00906807 0.00887199 0.01438552 0.00740806 0.00899484 0.00851992 0.00877585 0.01045440 0.01355641 0.01039584 0.00843182 0.01733360 0.00816415 0.00835538 0.00000000 
