187
Acromyrmex_echinatior_Genome         0.0000000 0.2364106 0.2283209 0.5044202 0.0183807 0.2182335 0.2217290 0.1076202 0.0901852 0.3639754 0.1208816 0.5169054 0.5621903 0.5074885 0.2326638 0.2170802 0.2249097 0.1400548 0.1023386 0.2271063 0.2287810 0.5094777 0.0664416 0.4686615 0.5016100 0.0762469 0.0595367 0.6078129 0.0657808 0.0556805 0.5021787 0.2341120 0.2718484 0.2259668 0.1925535 0.2231079 0.2179099 0.2335098 0.4678202 0.2312966 0.2373123 0.1580056 0.2182512 0.2160669 0.2494283 0.4408738 0.2118723 0.4502509 0.2245266 0.2141502 0.2096430 0.2379330 0.2348772 0.2284771 0.3101804 0.2480476 0.2428788 0.2345846 0.2089680 0.2482712 0.2110015 0.2138923 0.2791248 0.2588485 0.2252169 0.2318695 0.2574402 0.3347673 0.2617288 0.3170171 0.4301604 0.2636769 0.2978946 0.2619880 0.2410319 0.3259752 0.2424937 0.3555362 0.2295073 0.2242383 0.2152607 0.3731919 0.3890159 0.4385327 0.2445194 0.2994939 0.2223676 0.2228973 0.2161087 0.3800082 0.2264216 0.2184708 0.2746882 0.2392499 0.4755915 0.2051767 0.2839311 0.2685092 0.2903759 0.4555428 0.2677503 0.2096246 0.2430347 0.4175732 0.4695983 0.2066888 0.2574666 0.2692251 0.4042296 0.3454125 0.2614430 0.3520923 0.2722003 0.2235180 0.4148166 0.2400946 0.2371800 0.2093411 0.2498327 0.2268995 0.2655358 0.2619273 0.2121211 0.2737426 0.2487303 0.2524777 0.3675666 0.2951627 0.3779540 0.2099716 0.2216201 0.3027485 0.2146174 0.2496092 0.4486373 0.2647124 0.2199433 0.2300973 0.2320101 0.2275440 0.2447773 0.2704340 0.2393779 0.2705903 0.1892167 0.2413179 0.1410798 0.2586315 0.3477609 0.4554735 0.4590971 0.2111141 0.2418208 0.2540287 0.2307744 0.3777300 0.2619673 0.2546220 0.2516664 0.2153505 0.3589153 0.3801965 0.2328076 0.4881846 0.1034169 0.3173097 0.5036601 0.2108492 0.2484936 0.3619622 0.4003674 0.2041846 0.5099187 0.2164350 0.3624743 0.3828110 0.3953242 0.2225785 0.2445745 0.2269583 0.2766382 0.1845967 0.2305060 0.3854727 0.5185324 0.1526770 0.2183758 
Apis_mellifera_Genome                0.2364106 0.0000000 0.2166459 0.4848148 0.2348813 0.0948182 0.0962101 0.2354985 0.2455024 0.3445218 0.2425778 0.4903107 0.5351284 0.4867731 0.1425018 0.0923246 0.1125122 0.2399645 0.2295976 0.1313275 0.1063156 0.4811263 0.2351151 0.4496917 0.4788334 0.2354168 0.2327859 0.5980235 0.2348430 0.2330470 0.4821283 0.1455594 0.2320577 0.1951261 0.1172354 0.1348232 0.1294211 0.2218433 0.4426447 0.1429068 0.1473724 0.1467730 0.1735563 0.0948564 0.2408637 0.4182746 0.1238440 0.4329756 0.1410934 0.1250393 0.0946091 0.1413668 0.1913397 0.1798407 0.2969426 0.2385070 0.2355442 0.1381016 0.1239835 0.2373679 0.1247645 0.1000215 0.2710218 0.2514944 0.1375786 0.1422205 0.1626771 0.3084459 0.2218956 0.2940433 0.4104110 0.2571286 0.2786336 0.1610004 0.1398071 0.3105636 0.1490236 0.3361560 0.1311764 0.1825157 0.1287872 0.3473180 0.3763864 0.4175347 0.1522818 0.2860767 0.1369771 0.1112902 0.1414858 0.3660567 0.1311926 0.1363575 0.2569912 0.2239324 0.4565999 0.1677467 0.2628996 0.2486113 0.2692981 0.4365789 0.2583673 0.1964851 0.2269612 0.3995193 0.4376204 0.1215533 0.2148809 0.2598922 0.3815861 0.3276439 0.2430301 0.3340857 0.2545505 0.1233558 0.3992946 0.2269149 0.1506078 0.1566605 0.2115263 0.1026651 0.2206839 0.2480845 0.1591559 0.2508251 0.2318735 0.2129698 0.3487010 0.2823818 0.3513483 0.1966857 0.1320836 0.2876647 0.1642484 0.2374654 0.4304768 0.2493194 0.1341001 0.1857323 0.2175721 0.2125497 0.2312458 0.2552654 0.2028314 0.2573811 0.1524540 0.1486342 0.2364270 0.2146465 0.3267554 0.4297356 0.4406765 0.1315803 0.1361400 0.2349551 0.1363639 0.3542421 0.2537108 0.2110500 0.2280977 0.1266779 0.3365792 0.3629170 0.1200120 0.4701349 0.2350328 0.2997287 0.4741287 0.1551218 0.2374371 0.3428095 0.3802059 0.0913187 0.4907120 0.1299719 0.3456492 0.3726114 0.3699411 0.1188412 0.2293970 0.1363100 0.2591332 0.1688917 0.2136783 0.3629809 0.4928468 0.1429891 0.1694189 
Apterogyna_za01_Genome               0.2283209 0.2166459 0.0000000 0.4288818 0.2255152 0.2089698 0.2128079 0.2221542 0.2319737 0.3226796 0.2283668 0.4521290 0.4837104 0.4396947 0.2158930 0.2072319 0.2121227 0.2280019 0.2235631 0.2143504 0.2134450 0.4341867 0.2242301 0.3947151 0.4282565 0.2266187 0.2230878 0.5495984 0.2197035 0.2231767 0.4281695 0.2119475 0.2323828 0.2082768 0.1747205 0.2067296 0.1991478 0.1972056 0.3977003 0.2101974 0.2154089 0.1324813 0.1966422 0.2061646 0.2256035 0.3803227 0.2022951 0.3904309 0.2146199 0.2016760 0.1991579 0.2217878 0.2067836 0.2034976 0.2768431 0.2254404 0.2232178 0.2236438 0.1952648 0.2255214 0.1972700 0.1994262 0.2477246 0.2271187 0.2142455 0.2137463 0.2378144 0.2921243 0.2270928 0.2872559 0.3652299 0.2396654 0.2599465 0.2400585 0.2310595 0.2950183 0.2157124 0.3136470 0.2195841 0.2078805 0.2053730 0.3364427 0.3399713 0.3712522 0.2263185 0.2630055 0.2057232 0.2080224 0.2012680 0.3370830 0.2109281 0.2040375 0.2389170 0.2101374 0.4053963 0.1928681 0.2481149 0.2266647 0.2580503 0.3914743 0.2406260 0.1825587 0.2222494 0.3518020 0.3944926 0.1971493 0.2310485 0.2449002 0.3555288 0.3045569 0.2367345 0.3165499 0.2468988 0.2123190 0.3663209 0.2124364 0.2261499 0.2010314 0.2289166 0.2015576 0.2358652 0.2285817 0.2028095 0.2349868 0.2143140 0.2213165 0.3242511 0.2621561 0.3358077 0.1825827 0.2069695 0.2747071 0.2086127 0.2273220 0.3871288 0.2290736 0.2059605 0.2021851 0.1993769 0.1944524 0.2318085 0.2383481 0.2208829 0.2445179 0.1739268 0.2197105 0.2263541 0.2288145 0.3055669 0.3951901 0.3949882 0.1918736 0.2265753 0.2207446 0.2208803 0.3320984 0.2378400 0.2286227 0.2144445 0.2032094 0.3261557 0.3310639 0.2149411 0.4210003 0.2234595 0.2818897 0.4244153 0.1989371 0.2121383 0.3165639 0.3421807 0.1911267 0.4381119 0.2045084 0.3129918 0.3291861 0.3440023 0.2052035 0.2262148 0.2119465 0.2370416 0.1510227 0.2162755 0.3381220 0.4559994 0.0115268 0.2087786 
Athalia_rosae_Genome                 0.5044202 0.4848148 0.4288818 0.0000000 0.4993607 0.4669378 0.4746830 0.5041938 0.5163354 0.4778367 0.5029637 0.6639158 0.7153673 0.6459198 0.4898242 0.4745564 0.4779644 0.5062923 0.5023166 0.4806078 0.4785132 0.6335137 0.5014978 0.6130117 0.2711329 0.5072498 0.4969914 0.7553074 0.5058589 0.5031754 0.2928880 0.4644746 0.4948178 0.4783134 0.4074057 0.4758966 0.4641019 0.4592285 0.3418724 0.4641309 0.4787700 0.3152575 0.4368480 0.4572428 0.5057608 0.5828539 0.4675590 0.5874351 0.4762052 0.4690749 0.4530669 0.4825560 0.4714541 0.4769154 0.5266102 0.4968836 0.4964187 0.4823694 0.4563489 0.4995665 0.4470679 0.4570749 0.5239700 0.4960556 0.4813137 0.4848199 0.5038229 0.5339997 0.4874189 0.5238647 0.5495179 0.5129188 0.4975656 0.5096438 0.4988400 0.5290227 0.4738865 0.4752167 0.4757721 0.4734431 0.4716636 0.5150425 0.5202833 0.5773525 0.4953277 0.5077249 0.4656633 0.4743673 0.4513673 0.5314363 0.4735675 0.4609180 0.4765948 0.4626652 0.6066077 0.4592209 0.4911066 0.4625263 0.4969122 0.5855928 0.5069355 0.4288311 0.4849971 0.5575787 0.2668734 0.4667476 0.5046813 0.5101210 0.4629063 0.5211996 0.4836261 0.4993756 0.5065717 0.4719646 0.5741443 0.4845819 0.4859408 0.4591799 0.5037752 0.4637784 0.5239285 0.4802350 0.4704373 0.4750526 0.4851712 0.4555973 0.5524169 0.5178730 0.5218329 0.4694693 0.4689775 0.5148637 0.4737857 0.4970608 0.6175443 0.4947588 0.4696619 0.4611243 0.4871377 0.4772348 0.4864678 0.5003223 0.4869601 0.5146842 0.4204212 0.4769303 0.4968948 0.4938860 0.5199493 0.2232316 0.5963513 0.4211054 0.4984625 0.4833468 0.4878719 0.4849232 0.5087890 0.4970665 0.4498146 0.4716686 0.4607007 0.4239760 0.4786850 0.6232400 0.4986062 0.5460307 0.3752803 0.4671105 0.3609059 0.5129771 0.5648131 0.4341927 0.6298033 0.4716429 0.5299545 0.5568847 0.5301858 0.4639090 0.5010965 0.4773192 0.5057081 0.2943941 0.4847253 0.5157242 0.3999884 0.2909713 0.4595093 
Atta_cephalotes_Genome               0.0183807 0.2348813 0.2255152 0.4993607 0.0000000 0.2174909 0.2200216 0.1081590 0.0892296 0.3628107 0.1202014 0.5100362 0.5575393 0.5000492 0.2331463 0.2167060 0.2240705 0.1416230 0.1025384 0.2265397 0.2271574 0.5021515 0.0673478 0.4624130 0.4998356 0.0750646 0.0607308 0.6022767 0.0660436 0.0556122 0.5013660 0.2340337 0.2697380 0.2267061 0.1945519 0.2225471 0.2173909 0.2312467 0.4648967 0.2312161 0.2367632 0.1553024 0.2198319 0.2142743 0.2448684 0.4328378 0.2136333 0.4410971 0.2234874 0.2122964 0.2099543 0.2372275 0.2338666 0.2288867 0.3088720 0.2472540 0.2418242 0.2352757 0.2103973 0.2447158 0.2113206 0.2142345 0.2772157 0.2568057 0.2231731 0.2317526 0.2548355 0.3309251 0.2574777 0.3157463 0.4290695 0.2624097 0.2940604 0.2602909 0.2406280 0.3243960 0.2409211 0.3544645 0.2301244 0.2249397 0.2158506 0.3659642 0.3840672 0.4313340 0.2447955 0.2984087 0.2231386 0.2227512 0.2148092 0.3793367 0.2243398 0.2194600 0.2748719 0.2385247 0.4707680 0.2096750 0.2812191 0.2623996 0.2886036 0.4537757 0.2662465 0.2084159 0.2411162 0.4101599 0.4681219 0.2078464 0.2565139 0.2685331 0.4041830 0.3472170 0.2588495 0.3493919 0.2712676 0.2215403 0.4134679 0.2380825 0.2371557 0.2089691 0.2496386 0.2241246 0.2620229 0.2587471 0.2135837 0.2735680 0.2436408 0.2533617 0.3656353 0.2932656 0.3730722 0.2095519 0.2211201 0.2998576 0.2136177 0.2510726 0.4473213 0.2619577 0.2194517 0.2299217 0.2334966 0.2276082 0.2437475 0.2659759 0.2414907 0.2731322 0.1910950 0.2427039 0.1412034 0.2592682 0.3487345 0.4489746 0.4520986 0.2115462 0.2417267 0.2542339 0.2295674 0.3696489 0.2619066 0.2560657 0.2518451 0.2155783 0.3583556 0.3767527 0.2328630 0.4798838 0.1053779 0.3197734 0.5001859 0.2101666 0.2464689 0.3610899 0.3996405 0.2055570 0.4991693 0.2160786 0.3640055 0.3839156 0.3946837 0.2216720 0.2404034 0.2249734 0.2747250 0.1792799 0.2277493 0.3796735 0.5103312 0.1508776 0.2209098 
Bombus_impatiens_Genome              0.2182335 0.0948182 0.2089698 0.4669378 0.2174909 0.0000000 0.0075072 0.2174985 0.2293962 0.3305359 0.2249222 0.4831115 0.5273828 0.4804386 0.1214370 0.0601482 0.0842443 0.2266729 0.2123375 0.1088794 0.0681562 0.4752141 0.2179746 0.4415743 0.4670814 0.2177501 0.2147261 0.5784469 0.2154650 0.2161159 0.4805107 0.1298488 0.2187269 0.1807932 0.0975433 0.1143990 0.1086701 0.2113470 0.4359754 0.1269551 0.1310281 0.1399204 0.1549479 0.0095997 0.2253017 0.4139079 0.1010601 0.4224424 0.1181684 0.1008915 0.0643085 0.1164863 0.1774559 0.1649772 0.2878253 0.2225164 0.2206037 0.1166899 0.1028536 0.2247093 0.1020779 0.0701243 0.2612181 0.2379272 0.1159894 0.1224643 0.1448250 0.2992102 0.2121623 0.2860885 0.3950419 0.2440700 0.2704705 0.1463429 0.1161496 0.3071603 0.1341921 0.3270515 0.1116232 0.1689549 0.1058732 0.3414023 0.3637541 0.4096747 0.1309942 0.2749353 0.1138948 0.0816645 0.1237470 0.3586896 0.1096031 0.1141328 0.2445042 0.2133377 0.4503821 0.1524959 0.2531850 0.2369244 0.2571821 0.4304457 0.2439578 0.1894814 0.2135798 0.3900590 0.4339916 0.0974744 0.1993819 0.2470675 0.3712346 0.3227545 0.2321060 0.3236418 0.2416615 0.1016676 0.3899688 0.2123327 0.1310490 0.1345335 0.1929729 0.0690248 0.2065315 0.2376172 0.1396902 0.2401358 0.2187493 0.2029093 0.3401496 0.2680170 0.3431818 0.1793213 0.1129983 0.2748045 0.1450055 0.2233028 0.4192434 0.2360519 0.1139536 0.1740413 0.2045047 0.2001794 0.2175116 0.2411068 0.1869984 0.2457459 0.1325688 0.1318208 0.2219249 0.1999820 0.3229020 0.4248563 0.4359581 0.1178897 0.1144464 0.2247476 0.1151500 0.3476567 0.2397975 0.1962808 0.2187047 0.1033155 0.3261224 0.3486228 0.0973474 0.4570436 0.2168474 0.2901461 0.4677362 0.1347573 0.2291120 0.3352071 0.3683881 0.0600071 0.4826413 0.1058743 0.3373592 0.3632070 0.3636439 0.0935886 0.2154688 0.1170506 0.2437985 0.1662594 0.2015114 0.3548721 0.4795038 0.1419062 0.1499935 
Bombus_terrestris_Genome             0.2217290 0.0962101 0.2128079 0.4746830 0.2200216 0.0075072 0.0000000 0.2210967 0.2307200 0.3368652 0.2273776 0.4908010 0.5346102 0.4864041 0.1226550 0.0613556 0.0858824 0.2300252 0.2145774 0.1100809 0.0697458 0.4819406 0.2192641 0.4482872 0.4714071 0.2195406 0.2174954 0.5885905 0.2178681 0.2170606 0.4840453 0.1309635 0.2213743 0.1840431 0.0995972 0.1146691 0.1100942 0.2151981 0.4405192 0.1280549 0.1329661 0.1413679 0.1566535 0.0105688 0.2276022 0.4203943 0.1026008 0.4309013 0.1198168 0.1024032 0.0654825 0.1189519 0.1801924 0.1669910 0.2912759 0.2246891 0.2236364 0.1187774 0.1032647 0.2261874 0.1030110 0.0716231 0.2624666 0.2415963 0.1184441 0.1241805 0.1482065 0.3013284 0.2158723 0.2895815 0.4031670 0.2475969 0.2743756 0.1488188 0.1186451 0.3075879 0.1355595 0.3332077 0.1135710 0.1706009 0.1073298 0.3464697 0.3681477 0.4208585 0.1337414 0.2804731 0.1163409 0.0830479 0.1244800 0.3611783 0.1105885 0.1161037 0.2479954 0.2165944 0.4544203 0.1539615 0.2563586 0.2410460 0.2609820 0.4397201 0.2474818 0.1918228 0.2171844 0.3982414 0.4389230 0.0988583 0.2009792 0.2495861 0.3753054 0.3251813 0.2367279 0.3303265 0.2473162 0.1038099 0.3950817 0.2171045 0.1330754 0.1373769 0.1954911 0.0707887 0.2091125 0.2400617 0.1419226 0.2449325 0.2240103 0.2072039 0.3419508 0.2719769 0.3490730 0.1818978 0.1138420 0.2789416 0.1467353 0.2273746 0.4275254 0.2391282 0.1150135 0.1747704 0.2069674 0.2021306 0.2214922 0.2427796 0.1892093 0.2489695 0.1352761 0.1334146 0.2238217 0.2034032 0.3243426 0.4308749 0.4438743 0.1186283 0.1164447 0.2272899 0.1165549 0.3503315 0.2429615 0.1999034 0.2239711 0.1046791 0.3310414 0.3543769 0.0986940 0.4673851 0.2196269 0.2953879 0.4737177 0.1361626 0.2354315 0.3399420 0.3754456 0.0609894 0.4911917 0.1075466 0.3425991 0.3666488 0.3697726 0.0946288 0.2178283 0.1185641 0.2464497 0.1662434 0.2026669 0.3596429 0.4897679 0.1416452 0.1511326 
Camponotus_floridanus_Genome         0.1076202 0.2354985 0.2221542 0.5041938 0.1081590 0.2174985 0.2210967 0.0000000 0.1205182 0.3598834 0.1218128 0.5159038 0.5506037 0.5064512 0.2322873 0.2142384 0.2244656 0.1379923 0.1022907 0.2288816 0.2274569 0.5010934 0.1073084 0.4639195 0.4980634 0.1062190 0.1019448 0.6128290 0.1039906 0.1015582 0.4992339 0.2331465 0.2683496 0.2247812 0.1922077 0.2217129 0.2186040 0.2315266 0.4702861 0.2310083 0.2352253 0.1555532 0.2182488 0.2147314 0.2463760 0.4408213 0.2115273 0.4497843 0.2266719 0.2123202 0.2101195 0.2381850 0.2324279 0.2247230 0.3063366 0.2462098 0.2414380 0.2378232 0.2089833 0.2448210 0.2129526 0.2130933 0.2777566 0.2581178 0.2243400 0.2307767 0.2559032 0.3336526 0.2572063 0.3148943 0.4247576 0.2616484 0.3002720 0.2629999 0.2390535 0.3247604 0.2391569 0.3552493 0.2302336 0.2240118 0.2151645 0.3637518 0.3871227 0.4408584 0.2451024 0.2920888 0.2217812 0.2244047 0.2184648 0.3817728 0.2283776 0.2204771 0.2719497 0.2356194 0.4702092 0.2092465 0.2798369 0.2646546 0.2888107 0.4563764 0.2656008 0.2056656 0.2395837 0.4108145 0.4591755 0.2086274 0.2574616 0.2665635 0.4004223 0.3423931 0.2585383 0.3439345 0.2715864 0.2211933 0.4154770 0.2356598 0.2358112 0.2076933 0.2485985 0.2261680 0.2621736 0.2607622 0.2109780 0.2718642 0.2424121 0.2515892 0.3615604 0.2956293 0.3656555 0.2101486 0.2206129 0.2996862 0.2116521 0.2494406 0.4511180 0.2618170 0.2211711 0.2271640 0.2297890 0.2253969 0.2429330 0.2678666 0.2415661 0.2682840 0.1894927 0.2394458 0.1403444 0.2538540 0.3434765 0.4493074 0.4587328 0.2092779 0.2381590 0.2550159 0.2311764 0.3723847 0.2594855 0.2534761 0.2496563 0.2142946 0.3482195 0.3758579 0.2315834 0.4860883 0.0490905 0.3167603 0.5038791 0.2095915 0.2442657 0.3542462 0.3955482 0.2032702 0.5039024 0.2159462 0.3540759 0.3817434 0.3916138 0.2208159 0.2411455 0.2252733 0.2698754 0.1813633 0.2280251 0.3765723 0.5270151 0.1531697 0.2167160 
Cardiocondyla_obscurior_Genome       0.0901852 0.2455024 0.2319737 0.5163354 0.0892296 0.2293962 0.2307200 0.1205182 0.0000000 0.3700125 0.1322931 0.5274001 0.5697383 0.5220518 0.2437279 0.2267288 0.2337063 0.1518441 0.1187764 0.2377916 0.2374048 0.5235522 0.0890691 0.4695535 0.5081991 0.0955796 0.0834113 0.6313883 0.0795359 0.0808673 0.5106976 0.2433626 0.2742909 0.2344389 0.2036363 0.2324199 0.2264945 0.2400288 0.4752606 0.2406927 0.2441804 0.1618507 0.2260742 0.2247092 0.2575446 0.4456656 0.2224598 0.4610147 0.2368803 0.2229511 0.2199859 0.2484948 0.2418603 0.2344180 0.3160685 0.2539513 0.2507464 0.2447829 0.2191829 0.2568993 0.2234718 0.2255791 0.2910413 0.2689468 0.2362667 0.2413490 0.2652362 0.3338893 0.2640010 0.3273214 0.4374760 0.2729282 0.3097884 0.2688486 0.2518692 0.3362844 0.2504817 0.3629733 0.2392527 0.2355432 0.2253122 0.3783265 0.3955390 0.4462472 0.2549266 0.3076973 0.2328894 0.2338074 0.2278063 0.3900939 0.2381058 0.2295123 0.2841833 0.2466489 0.4867502 0.2182986 0.2895338 0.2707957 0.2989188 0.4653332 0.2769455 0.2210795 0.2544561 0.4173075 0.4734901 0.2188046 0.2644344 0.2797699 0.4118122 0.3516182 0.2720722 0.3593031 0.2854705 0.2322845 0.4275311 0.2480019 0.2453603 0.2205128 0.2567779 0.2357209 0.2712042 0.2724336 0.2206029 0.2820628 0.2547931 0.2599648 0.3690908 0.3006984 0.3785908 0.2203729 0.2288971 0.3102405 0.2227495 0.2584147 0.4537493 0.2708436 0.2312658 0.2358752 0.2401428 0.2351353 0.2571430 0.2819185 0.2501839 0.2801287 0.2040656 0.2515769 0.1521287 0.2662463 0.3542226 0.4599567 0.4666776 0.2182348 0.2494294 0.2644178 0.2394328 0.3845907 0.2711930 0.2624866 0.2584743 0.2237579 0.3617083 0.3894979 0.2418714 0.4976848 0.1179999 0.3261835 0.5079023 0.2197623 0.2507914 0.3686352 0.4037968 0.2149143 0.5171955 0.2252736 0.3697443 0.3916954 0.3980982 0.2312350 0.2566497 0.2380935 0.2809217 0.1885652 0.2419752 0.3922909 0.5361360 0.1596557 0.2292197 
Cephus_cinctus_Genome                0.3639754 0.3445218 0.3226796 0.4778367 0.3628107 0.3305359 0.3368652 0.3598834 0.3700125 0.0000000 0.3631433 0.5375331 0.5913527 0.5257627 0.3474999 0.3329903 0.3374458 0.3716359 0.3590624 0.3432410 0.3404926 0.5183378 0.3617388 0.4848131 0.4781175 0.3587054 0.3581579 0.6596660 0.3587236 0.3616793 0.4859665 0.3357575 0.3603249 0.3457302 0.2882312 0.3363293 0.3273161 0.3274743 0.4431857 0.3325964 0.3397767 0.2087377 0.3223586 0.3275402 0.3579212 0.4557337 0.3327730 0.4700590 0.3373903 0.3279526 0.3191767 0.3472488 0.3354350 0.3338658 0.3971909 0.3513307 0.3479506 0.3489402 0.3234858 0.3518973 0.3206409 0.3249210 0.3824741 0.3619135 0.3430463 0.3429003 0.3627745 0.3985805 0.3464776 0.3984693 0.4359041 0.3720847 0.3785486 0.3717402 0.3524878 0.4039193 0.3424046 0.0766775 0.3421564 0.3399844 0.3310245 0.3793615 0.4027682 0.4551674 0.3531780 0.3855187 0.3310455 0.3331956 0.3285017 0.4125854 0.3427083 0.3314769 0.3590866 0.3314313 0.4888030 0.3161348 0.3639638 0.3434907 0.3708229 0.4739580 0.3762225 0.3022733 0.3471339 0.4311782 0.4350233 0.3323332 0.3602576 0.3795393 0.3817355 0.3860113 0.3543233 0.3628677 0.3691106 0.3349676 0.4378285 0.3409701 0.3517324 0.3257979 0.3591360 0.3289259 0.3702447 0.3494081 0.3292559 0.3525185 0.3470433 0.3391417 0.3991135 0.3860313 0.3850673 0.3294962 0.3362912 0.3899160 0.3334142 0.3595289 0.4743437 0.3563003 0.3306195 0.3302095 0.3463763 0.3383581 0.3456015 0.3663972 0.3501512 0.3693714 0.2938739 0.3445870 0.3513996 0.3554226 0.3805523 0.4287042 0.4806797 0.3046856 0.3542917 0.3449052 0.3484020 0.3506484 0.3730464 0.3594105 0.3305878 0.3348231 0.3237064 0.3547982 0.3430650 0.5033035 0.3585585 0.4024534 0.4763626 0.3242018 0.2580794 0.3733398 0.4250813 0.3048042 0.5260148 0.3358342 0.3982077 0.4211154 0.3929794 0.3297278 0.3522833 0.3307876 0.3684456 0.2272866 0.3370715 0.3888241 0.5008299 0.2050036 0.3251294 
Cerapachys_biroi_Genome              0.1208816 0.2425778 0.2283668 0.5029637 0.1202014 0.2249222 0.2273776 0.1218128 0.1322931 0.3631433 0.0000000 0.5195968 0.5583034 0.5200220 0.2379563 0.2200150 0.2303853 0.1398680 0.1135992 0.2350052 0.2342563 0.5166872 0.1196526 0.4723244 0.5050313 0.1201330 0.1149309 0.6217356 0.1152761 0.1152250 0.5042658 0.2356769 0.2654452 0.2316042 0.1946272 0.2274966 0.2204602 0.2345433 0.4696993 0.2370102 0.2393336 0.1569276 0.2186242 0.2209577 0.2529594 0.4496339 0.2151147 0.4583701 0.2311584 0.2154500 0.2172152 0.2426281 0.2368316 0.2287936 0.3118869 0.2479832 0.2452644 0.2434437 0.2129093 0.2504294 0.2148893 0.2184103 0.2824833 0.2674262 0.2308716 0.2350654 0.2616688 0.3390403 0.2574339 0.3229123 0.4337774 0.2683497 0.3073308 0.2668257 0.2456392 0.3308384 0.2417816 0.3609263 0.2358834 0.2281621 0.2198377 0.3716756 0.3960200 0.4453916 0.2492161 0.2982560 0.2269988 0.2300905 0.2204238 0.3852844 0.2328894 0.2222463 0.2795330 0.2437232 0.4858386 0.2109493 0.2908456 0.2731971 0.2994629 0.4651976 0.2714601 0.2145752 0.2496179 0.4210633 0.4658661 0.2132671 0.2621926 0.2743425 0.4085705 0.3522052 0.2658283 0.3533095 0.2804126 0.2272308 0.4222904 0.2429995 0.2431534 0.2162814 0.2533161 0.2300523 0.2619612 0.2659380 0.2157545 0.2776949 0.2476658 0.2531146 0.3644692 0.2960279 0.3748074 0.2167917 0.2266482 0.3079137 0.2197739 0.2564749 0.4512382 0.2636083 0.2254189 0.2335939 0.2346935 0.2286492 0.2498743 0.2746807 0.2468001 0.2747466 0.1959441 0.2456809 0.1455361 0.2618825 0.3541853 0.4523998 0.4643686 0.2129247 0.2445215 0.2598345 0.2363148 0.3795588 0.2655166 0.2600630 0.2575513 0.2171572 0.3517032 0.3854210 0.2380470 0.4960477 0.1161741 0.3196777 0.5016066 0.2167018 0.2439407 0.3636523 0.4037910 0.2103959 0.5162056 0.2201012 0.3610194 0.3828360 0.3944329 0.2297866 0.2519404 0.2319593 0.2713331 0.1837838 0.2316560 0.3930654 0.5312999 0.1531582 0.2239717 
Ceratosolen_solmsi_Genome            0.5169054 0.4903107 0.4521290 0.6639158 0.5100362 0.4831115 0.4908010 0.5159038 0.5274001 0.5375331 0.5195968 0.0000000 0.5203183 0.6475100 0.5018561 0.4843969 0.4916075 0.5256154 0.5166677 0.4934508 0.4902540 0.6318541 0.5158396 0.3610217 0.6490070 0.5091101 0.5180503 0.6072887 0.5135721 0.5137563 0.6419367 0.4669535 0.4906367 0.4918203 0.4089422 0.4852382 0.4704367 0.4536098 0.6085827 0.4732203 0.4918556 0.2994422 0.4562592 0.4734407 0.5079074 0.3074819 0.4870059 0.5924614 0.4916815 0.4802449 0.4660773 0.4956966 0.4746452 0.4799721 0.5463810 0.5168117 0.5237613 0.4958163 0.4662363 0.5008949 0.4621495 0.4733982 0.5282167 0.4890115 0.4981404 0.4881562 0.5193008 0.5371022 0.4775559 0.5265857 0.5450852 0.5046351 0.5193454 0.5161366 0.5063820 0.5490273 0.4878380 0.5318256 0.4933634 0.4825434 0.4859293 0.4988364 0.5400132 0.3049228 0.5089874 0.5204783 0.4764655 0.4812060 0.4609100 0.5429503 0.4802647 0.4704196 0.4791960 0.4583239 0.5915725 0.4515331 0.5010778 0.4613864 0.5028799 0.3478216 0.5159193 0.4246638 0.5105419 0.3304512 0.5982180 0.4780176 0.5142378 0.5248554 0.5836844 0.5437359 0.4854932 0.4893067 0.5155570 0.4882602 0.5448086 0.4917670 0.4976174 0.4841931 0.5170059 0.4634575 0.5266781 0.4792945 0.4861567 0.4767556 0.4973973 0.4649203 0.5619831 0.5167628 0.5116016 0.4854119 0.4806182 0.5391969 0.4934933 0.4967549 0.5680372 0.5131270 0.4758763 0.4636372 0.5038768 0.4929602 0.5029838 0.5079755 0.5045959 0.5192545 0.4280125 0.4970356 0.5050277 0.5126540 0.5403363 0.5966685 0.3592993 0.4236246 0.5097214 0.4791579 0.4969722 0.5632155 0.5191648 0.5101512 0.4578517 0.4860454 0.5436008 0.5491321 0.4970420 0.6420767 0.5134180 0.5630311 0.6680637 0.4782955 0.3324277 0.4892620 0.4881899 0.4391903 0.4722906 0.4844603 0.5435929 0.5727102 0.5645295 0.4774839 0.5044781 0.4918395 0.5219882 0.2958390 0.4944244 0.4971989 0.6649228 0.2874683 0.4775425 
Copidosoma_floridanum_Genome         0.5621903 0.5351284 0.4837104 0.7153673 0.5575393 0.5273828 0.5346102 0.5506037 0.5697383 0.5913527 0.5583034 0.5203183 0.0000000 0.6909071 0.5513543 0.5319064 0.5330822 0.5695392 0.5538169 0.5389001 0.5321428 0.6849640 0.5540473 0.4575333 0.7026188 0.5485927 0.5603651 0.6264387 0.5605151 0.5596355 0.6993656 0.5136181 0.5339017 0.5474038 0.4521933 0.5309757 0.5146130 0.5061153 0.6721695 0.5257515 0.5321458 0.3382206 0.5026318 0.5138713 0.5662703 0.4302325 0.5385714 0.6271614 0.5392085 0.5310470 0.5000139 0.5350376 0.5202977 0.5340578 0.5849633 0.5593680 0.5644381 0.5401631 0.5086278 0.5538582 0.5017232 0.5196784 0.5896130 0.5516283 0.5415543 0.5450527 0.5563688 0.5806404 0.5214175 0.5750329 0.6139702 0.5666597 0.5700130 0.5625025 0.5577963 0.5925755 0.5305887 0.5790514 0.5413657 0.5310802 0.5301955 0.5780664 0.5902861 0.4281931 0.5536778 0.5639282 0.5283624 0.5253985 0.5173315 0.5952262 0.5252499 0.5092533 0.5300818 0.5064272 0.6384784 0.4992220 0.5451832 0.5132827 0.5625618 0.4410607 0.5728688 0.4800383 0.5636743 0.4062828 0.6477112 0.5279917 0.5785392 0.5722097 0.6360764 0.5925243 0.5329294 0.5661070 0.5563358 0.5249381 0.6081849 0.5516636 0.5426564 0.5335861 0.5669952 0.5126471 0.5688685 0.5381308 0.5350288 0.5233673 0.5528166 0.5088482 0.5991765 0.5643202 0.5865487 0.5302525 0.5264681 0.5830106 0.5456414 0.5447275 0.6143987 0.5502555 0.5234652 0.5168839 0.5477106 0.5374178 0.5544693 0.5613924 0.5472198 0.5813240 0.4748630 0.5425121 0.5510408 0.5465493 0.5930483 0.6606613 0.4454846 0.4678210 0.5533243 0.5329281 0.5427872 0.5995172 0.5737654 0.5637874 0.5017153 0.5369269 0.5892695 0.6013330 0.5353416 0.6895336 0.5534266 0.6027730 0.6967354 0.5304158 0.3847451 0.5579805 0.5548953 0.4806321 0.5177546 0.5299714 0.5976895 0.6186418 0.6100688 0.5221474 0.5548123 0.5376837 0.5554204 0.3335131 0.5440842 0.5597672 0.7142270 0.3116834 0.5423335 
Cotesia_vestalis_Genome              0.5074885 0.4867731 0.4396947 0.6459198 0.5000492 0.4804386 0.4864041 0.5064512 0.5220518 0.5257627 0.5200220 0.6475100 0.6909071 0.0000000 0.4962359 0.4858425 0.4931947 0.5251468 0.5069387 0.4884892 0.4892497 0.1541746 0.5045950 0.6140282 0.6495537 0.5088267 0.5081833 0.7671059 0.5133860 0.5120362 0.6349178 0.4596330 0.4964964 0.4933907 0.4070787 0.4858967 0.4781904 0.4469627 0.5956188 0.4716905 0.4979283 0.2934221 0.4540874 0.4641952 0.5159675 0.5731577 0.4824729 0.5262105 0.4932447 0.4811847 0.4651704 0.4941005 0.4796938 0.4937139 0.5418191 0.5147908 0.5200448 0.4939947 0.4626025 0.5097647 0.4666168 0.4717975 0.5249442 0.4943839 0.4956452 0.4979250 0.5024314 0.5225788 0.4739249 0.5318958 0.4260100 0.5028375 0.5039971 0.5175141 0.5051196 0.5384823 0.4871601 0.5209540 0.4898241 0.4893133 0.4861903 0.5212551 0.4799966 0.5668302 0.4977298 0.5177877 0.4751054 0.4781519 0.4665592 0.5326794 0.4817176 0.4805215 0.4645079 0.4468949 0.1046124 0.4340384 0.4835321 0.4447688 0.4976723 0.5884222 0.5121358 0.4220541 0.4962130 0.5466392 0.5919360 0.4751832 0.5286013 0.5280790 0.5508790 0.5375728 0.4923791 0.5053462 0.5227901 0.4892467 0.5477009 0.4896883 0.4975227 0.4794581 0.5196625 0.4665217 0.5328418 0.4827374 0.5000770 0.4638583 0.4966560 0.4716855 0.5437905 0.5285589 0.5204884 0.4841886 0.4687089 0.5302171 0.4975113 0.5064272 0.6180734 0.5227613 0.4802644 0.4712231 0.5084049 0.4961333 0.4960813 0.5136530 0.4991859 0.5124756 0.4284820 0.4877673 0.5064256 0.5216106 0.5252790 0.5998399 0.6001797 0.4271220 0.5151093 0.4931688 0.4922594 0.5471628 0.5097397 0.5186636 0.4441854 0.4879553 0.5365712 0.5299853 0.4917451 0.5051798 0.5120958 0.5555987 0.6420185 0.4793583 0.3445670 0.5066312 0.5437064 0.4346111 0.6206908 0.4888004 0.5430861 0.5693137 0.5745074 0.4767352 0.4971764 0.4818028 0.5223940 0.2844788 0.4913866 0.5100785 0.6538657 0.2797765 0.4807458 
Dufourea_novaeangliae_Genome         0.2326638 0.1425018 0.2158930 0.4898242 0.2331463 0.1214370 0.1226550 0.2322873 0.2437279 0.3474999 0.2379563 0.5018561 0.5513543 0.4962359 0.0000000 0.1183183 0.1229512 0.2377157 0.2262748 0.1318292 0.1330831 0.4944305 0.2308335 0.4593514 0.4858236 0.2314777 0.2279926 0.6144131 0.2309211 0.2293934 0.4891598 0.1091161 0.2274588 0.1916669 0.1012763 0.1170950 0.1121546 0.2186338 0.4492640 0.1043920 0.1086924 0.1456012 0.1652019 0.1203164 0.2375756 0.4348065 0.1016560 0.4428137 0.1325621 0.1019687 0.1139137 0.1489776 0.1888806 0.1766428 0.3000776 0.2326801 0.2317579 0.1396310 0.1004584 0.2380938 0.1005944 0.1129719 0.2730744 0.2522451 0.1328767 0.1014838 0.1648980 0.3118465 0.2207267 0.2976381 0.4157226 0.2574776 0.2839330 0.1742154 0.1533778 0.3199580 0.1115479 0.3425375 0.1324988 0.1790246 0.1049400 0.3657105 0.3777906 0.4306492 0.1533975 0.2864576 0.1296669 0.1238155 0.1351057 0.3690442 0.1311654 0.1231221 0.2611005 0.2249438 0.4678370 0.1624829 0.2716168 0.2521123 0.2734186 0.4552031 0.2583989 0.2016335 0.2263682 0.4095646 0.4498666 0.0957792 0.2066461 0.2618287 0.3801310 0.3328794 0.2476873 0.3473973 0.2581571 0.1249200 0.4052381 0.2234382 0.1357970 0.1501098 0.2064240 0.1328808 0.2163263 0.2474750 0.1527394 0.2583825 0.2301357 0.2091546 0.3550910 0.2824283 0.3668839 0.1923038 0.1171627 0.2915621 0.1597385 0.2388411 0.4350872 0.2458593 0.1123527 0.1839234 0.2162999 0.2112691 0.2309157 0.2558426 0.1997196 0.2583663 0.1445914 0.1099173 0.2365768 0.2110431 0.3332575 0.4415159 0.4590889 0.0977799 0.1465133 0.2375353 0.1377207 0.3671231 0.2536720 0.2113094 0.2337520 0.1024750 0.3408250 0.3678791 0.1386225 0.4769710 0.2325715 0.3023171 0.4868056 0.1481794 0.2395103 0.3548415 0.3886092 0.1149800 0.4983593 0.1063903 0.3526890 0.3783569 0.3825220 0.1303790 0.2286613 0.0452183 0.2518067 0.1726022 0.2135711 0.3730822 0.5009030 0.1372669 0.1618598 
Eufriesea_mexicana_Genome            0.2170802 0.0923246 0.2072319 0.4745564 0.2167060 0.0601482 0.0613556 0.2142384 0.2267288 0.3329903 0.2200150 0.4843969 0.5319064 0.4858425 0.1183183 0.0000000 0.0820813 0.2212650 0.2096950 0.1082047 0.0799218 0.4854811 0.2157980 0.4435689 0.4696587 0.2149256 0.2140774 0.5762172 0.2133238 0.2126450 0.4842247 0.1248629 0.2225564 0.1785319 0.0941089 0.1090848 0.1056061 0.2056047 0.4429832 0.1222761 0.1265406 0.1336713 0.1524144 0.0601894 0.2205209 0.4164777 0.0970434 0.4288837 0.1140257 0.0979140 0.0582044 0.1137284 0.1736910 0.1631133 0.2833936 0.2192294 0.2174643 0.1161164 0.0977611 0.2183037 0.0967211 0.0662344 0.2540006 0.2309835 0.1139820 0.1183644 0.1411969 0.2943126 0.2110735 0.2837626 0.4009907 0.2379589 0.2653372 0.1425326 0.1130023 0.2997713 0.1280783 0.3284676 0.1103204 0.1635593 0.1017798 0.3413417 0.3655818 0.4136329 0.1286035 0.2712276 0.1109168 0.0786613 0.1196030 0.3569525 0.1073776 0.1085028 0.2429125 0.2092026 0.4560918 0.1489869 0.2525400 0.2342133 0.2582450 0.4376589 0.2415313 0.1854626 0.2123070 0.3943616 0.4353341 0.0935162 0.1968607 0.2435123 0.3683819 0.3181762 0.2320293 0.3276251 0.2421508 0.0985894 0.3869948 0.2069089 0.1290563 0.1325222 0.1902462 0.0802819 0.2036695 0.2338451 0.1349930 0.2413997 0.2138780 0.2012550 0.3311999 0.2701596 0.3440584 0.1776638 0.1070129 0.2748238 0.1411973 0.2219415 0.4134820 0.2322902 0.1088136 0.1702240 0.1993858 0.1963828 0.2172196 0.2407458 0.1852512 0.2414526 0.1320186 0.1284472 0.2188422 0.1972163 0.3165234 0.4302510 0.4438608 0.1119646 0.1081295 0.2203979 0.1118734 0.3446970 0.2369573 0.1941275 0.2183379 0.0981338 0.3240044 0.3537585 0.0934091 0.4600091 0.2127182 0.2884160 0.4746216 0.1306310 0.2299061 0.3344809 0.3705480 0.0149375 0.4809374 0.1024924 0.3279064 0.3557521 0.3626415 0.0909349 0.2118341 0.1126830 0.2401759 0.1618080 0.1979667 0.3544226 0.4884109 0.1362598 0.1433706 
Habropoda_laboriosa_Genome           0.2249097 0.1125122 0.2121227 0.4779644 0.2240705 0.0842443 0.0858824 0.2244656 0.2337063 0.3374458 0.2303853 0.4916075 0.5330822 0.4931947 0.1229512 0.0820813 0.0000000 0.2267046 0.2191992 0.1127957 0.1002871 0.4886315 0.2232763 0.4532596 0.4780949 0.2234805 0.2220708 0.5848408 0.2224802 0.2205351 0.4844645 0.1301107 0.2212944 0.1825852 0.0991511 0.1148498 0.1097540 0.2164946 0.4534127 0.1276038 0.1309031 0.1469812 0.1560066 0.0843369 0.2287877 0.4270585 0.1035092 0.4291694 0.1213031 0.1030816 0.0770584 0.1238787 0.1777332 0.1673219 0.2928722 0.2283214 0.2252642 0.1207249 0.1056258 0.2275081 0.1026356 0.0783270 0.2641703 0.2428689 0.1215252 0.1241642 0.1468226 0.3026753 0.2153261 0.2901470 0.4118397 0.2471290 0.2728477 0.1496510 0.1224280 0.3143921 0.1320330 0.3319153 0.1155634 0.1697540 0.1087894 0.3530285 0.3693478 0.4208145 0.1348880 0.2802018 0.1180636 0.0889640 0.1249401 0.3634148 0.1131032 0.1138686 0.2476556 0.2175287 0.4584688 0.1564352 0.2563157 0.2396856 0.2621748 0.4438349 0.2503052 0.1905645 0.2202429 0.4052588 0.4415785 0.0986980 0.2016332 0.2521524 0.3764766 0.3225045 0.2381436 0.3321237 0.2501860 0.1041022 0.3975303 0.2212972 0.1343238 0.1375909 0.1956571 0.0975937 0.2076897 0.2403864 0.1413314 0.2473533 0.2274715 0.2053842 0.3459855 0.2788503 0.3519677 0.1830131 0.1141275 0.2840061 0.1509446 0.2309861 0.4200571 0.2394270 0.1156966 0.1751011 0.2087537 0.2017517 0.2224893 0.2463580 0.1903849 0.2504048 0.1379251 0.1340829 0.2289922 0.2004677 0.3238387 0.4313277 0.4482834 0.1165986 0.1186221 0.2282185 0.1165565 0.3544825 0.2478378 0.2017574 0.2251369 0.1056631 0.3348503 0.3569842 0.1030957 0.4703650 0.2231380 0.2966384 0.4773666 0.1374210 0.2362498 0.3435448 0.3839593 0.0800482 0.4841728 0.1085324 0.3481387 0.3732101 0.3704146 0.0589276 0.2235748 0.1170541 0.2495373 0.1690857 0.2053262 0.3629873 0.4984176 0.1446526 0.1551538 
Harpegnathos_saltator_Genome         0.1400548 0.2399645 0.2280019 0.5062923 0.1416230 0.2266729 0.2300252 0.1379923 0.1518441 0.3716359 0.1398680 0.5256154 0.5695392 0.5251468 0.2377157 0.2212650 0.2267046 0.0000000 0.1301848 0.2358132 0.2334972 0.5213746 0.1371922 0.4661656 0.5108989 0.1382070 0.1324195 0.6278617 0.1326355 0.1327873 0.5159051 0.2325938 0.2696457 0.2271369 0.1917576 0.2274017 0.2184841 0.2297021 0.4826700 0.2318439 0.2379789 0.1511702 0.2240484 0.2221930 0.2529208 0.4497941 0.2190173 0.4675825 0.2319781 0.2179184 0.2163713 0.2411046 0.2372062 0.2306183 0.3130774 0.2510573 0.2487225 0.2420262 0.2142046 0.2491731 0.2154826 0.2222319 0.2843668 0.2633020 0.2313578 0.2374104 0.2616217 0.3376487 0.2590404 0.3197167 0.4414952 0.2670152 0.3017760 0.2643567 0.2473297 0.3336201 0.2418788 0.3665522 0.2373464 0.2295699 0.2207855 0.3772191 0.3943318 0.4409031 0.2533898 0.2938777 0.2240839 0.2283875 0.2206941 0.3871198 0.2326173 0.2239445 0.2806871 0.2412296 0.4899045 0.2159958 0.2903078 0.2704077 0.2997485 0.4699587 0.2767517 0.2115909 0.2501147 0.4144190 0.4719761 0.2166071 0.2613829 0.2777460 0.4149351 0.3547230 0.2649061 0.3559579 0.2835900 0.2295761 0.4235302 0.2450532 0.2401429 0.2185096 0.2529155 0.2318373 0.2646065 0.2647430 0.2175642 0.2789302 0.2485164 0.2486933 0.3738938 0.2973715 0.3844925 0.2200637 0.2254390 0.3082612 0.2190152 0.2579079 0.4489025 0.2620522 0.2278732 0.2318628 0.2364190 0.2307184 0.2526758 0.2764039 0.2496493 0.2760996 0.1910471 0.2435631 0.1339031 0.2567408 0.3570458 0.4646525 0.4669807 0.2090184 0.2498520 0.2527051 0.2376592 0.3871812 0.2711617 0.2582819 0.2564351 0.2202947 0.3577330 0.3908173 0.2391320 0.5015798 0.1340605 0.3220699 0.5067830 0.2178281 0.2463934 0.3665531 0.3995891 0.2092556 0.5183006 0.2240174 0.3664863 0.3838713 0.3942634 0.2267125 0.2544024 0.2330478 0.2693386 0.1843108 0.2342349 0.3923627 0.5260892 0.1473820 0.2297059 
Linepithema_humile_Genome            0.1023386 0.2295976 0.2235631 0.5023166 0.1025384 0.2123375 0.2145774 0.1022907 0.1187764 0.3590624 0.1135992 0.5166677 0.5538169 0.5069387 0.2262748 0.2096950 0.2191992 0.1301848 0.0000000 0.2224889 0.2240201 0.5035854 0.1028116 0.4632525 0.5002882 0.1021907 0.0971638 0.6135988 0.0980610 0.0975360 0.5004577 0.2240577 0.2618548 0.2184401 0.1868515 0.2175245 0.2121098 0.2268165 0.4606980 0.2230126 0.2269220 0.1521645 0.2154366 0.2090637 0.2423539 0.4410482 0.2043703 0.4521443 0.2189070 0.2059812 0.2056398 0.2328278 0.2279231 0.2210580 0.3048229 0.2395350 0.2345790 0.2314427 0.2006777 0.2409798 0.2057670 0.2082335 0.2730339 0.2542519 0.2169870 0.2246871 0.2506255 0.3299323 0.2507062 0.3129543 0.4234565 0.2596173 0.2927843 0.2542507 0.2322260 0.3238549 0.2317623 0.3485340 0.2242091 0.2190024 0.2078218 0.3610537 0.3848820 0.4398592 0.2382269 0.2911958 0.2159244 0.2186451 0.2093330 0.3767795 0.2222108 0.2137516 0.2728464 0.2349424 0.4683202 0.2028766 0.2805668 0.2640949 0.2882662 0.4596518 0.2619569 0.2043687 0.2358313 0.4107842 0.4595296 0.2011851 0.2484265 0.2650321 0.3942696 0.3384397 0.2571889 0.3442028 0.2684891 0.2142942 0.4138646 0.2322959 0.2310120 0.2026144 0.2435508 0.2193903 0.2580951 0.2587045 0.2023746 0.2711233 0.2364692 0.2446750 0.3605470 0.2896021 0.3673778 0.2034130 0.2130269 0.2966280 0.2057655 0.2463273 0.4452792 0.2557323 0.2144241 0.2229243 0.2246085 0.2189282 0.2388184 0.2643461 0.2372805 0.2635396 0.1816903 0.2325300 0.1335606 0.2512804 0.3393591 0.4468314 0.4580133 0.2038351 0.2336732 0.2497364 0.2249913 0.3705503 0.2563495 0.2493881 0.2491237 0.2094033 0.3462605 0.3735425 0.2277589 0.4814943 0.0963973 0.3120220 0.4955164 0.2029975 0.2419131 0.3555508 0.3961569 0.1986896 0.5104444 0.2095193 0.3562528 0.3778007 0.3874895 0.2157279 0.2376724 0.2194787 0.2639962 0.1799447 0.2227279 0.3815958 0.5196245 0.1524241 0.2107618 
Megachile_rotundata_Genome           0.2271063 0.1313275 0.2143504 0.4806078 0.2265397 0.1088794 0.1100809 0.2288816 0.2377916 0.3432410 0.2350052 0.4934508 0.5389001 0.4884892 0.1318292 0.1082047 0.1127957 0.2358132 0.2224889 0.0000000 0.1224064 0.4828811 0.2261356 0.4490253 0.4842913 0.2285474 0.2230664 0.6002453 0.2253343 0.2241329 0.4914935 0.1373877 0.2290991 0.1906914 0.1062738 0.1247968 0.1195213 0.2155439 0.4422546 0.1349770 0.1405309 0.1439502 0.1648304 0.1054591 0.2327141 0.4268238 0.1118894 0.4362134 0.1282321 0.1122412 0.1016114 0.1413574 0.1840342 0.1749103 0.2972465 0.2320581 0.2287865 0.0329721 0.1131073 0.2330422 0.1118291 0.1022327 0.2657756 0.2493794 0.1259668 0.1336205 0.1180930 0.3092920 0.2193635 0.2969415 0.4040688 0.2533174 0.2809339 0.1652653 0.1396867 0.3135465 0.1422710 0.3390438 0.0675075 0.1784463 0.1175001 0.3524429 0.3749245 0.4182216 0.1128871 0.2813321 0.1274086 0.1143175 0.1315005 0.3675792 0.0208236 0.1237881 0.2538162 0.2232099 0.4567041 0.1567829 0.2617238 0.2468284 0.2649534 0.4392633 0.2529157 0.1935679 0.2204271 0.3989757 0.4414770 0.1073240 0.2037585 0.2567997 0.3839179 0.3286248 0.2437103 0.3377634 0.2538464 0.0808604 0.3990481 0.2226577 0.1412312 0.1460070 0.2016105 0.1193360 0.2157677 0.2429777 0.1517347 0.2519882 0.2296920 0.2127727 0.3487707 0.2804847 0.3549868 0.1882289 0.1225086 0.2852925 0.1527941 0.2344439 0.4340420 0.2457140 0.1228721 0.1816275 0.2135790 0.2069516 0.2267428 0.2524764 0.1993061 0.2564478 0.1415785 0.1414611 0.2310766 0.2085657 0.3296867 0.4341918 0.4495682 0.1246730 0.1359662 0.2339609 0.0734677 0.3576727 0.2508102 0.2056751 0.2306688 0.1129746 0.3389752 0.3561633 0.1254357 0.4684427 0.2270052 0.3001616 0.4816388 0.1436413 0.2348914 0.3422269 0.3778482 0.1031238 0.4895929 0.1155858 0.3475956 0.3720884 0.3774641 0.1168352 0.2253184 0.1275079 0.2509499 0.1661433 0.2117441 0.3649706 0.4940333 0.1380142 0.1569715 
