10
anolis_carolinensis        0.00000000 0.12498955 0.08458891 0.09080247 0.08784765 0.07611329 0.07273416 0.07740890 0.07038122 0.06149719 
homo_sapiens               0.12498955 0.00000000 0.16427247 0.09595561 0.09278240 0.07988217 0.07807350 0.08185733 0.07648977 0.07188786 
pantherophis_guttata       0.08458891 0.16427247 0.00000000 0.12793160 0.12483697 0.11107289 0.10728574 0.11237245 0.10246758 0.09344917 
zebra_finch                0.09080247 0.09595561 0.12793160 0.00000000 0.03118660 0.03927217 0.03798032 0.04393295 0.04349315 0.04172653 
gallus_gallus              0.08784765 0.09278240 0.12483697 0.03118660 0.00000000 0.03638560 0.03524809 0.04082325 0.04048704 0.03906975 
alligator_mississippiensis 0.07611329 0.07988217 0.11107289 0.03927217 0.03638560 0.00000000 0.00509842 0.02766386 0.02978859 0.02951719 
crocodylus_porosus         0.07273416 0.07807350 0.10728574 0.03798032 0.03524809 0.00509842 0.00000000 0.02684102 0.02980119 0.02927732 
chrysemys_picta            0.07740890 0.08185733 0.11237245 0.04393295 0.04082325 0.02766386 0.02684102 0.00000000 0.01994140 0.03105177 
pelomedusa_subrufa         0.07038122 0.07648977 0.10246758 0.04349315 0.04048704 0.02978859 0.02980119 0.01994140 0.00000000 0.03458346 
sphenodon_tuatara          0.06149719 0.07188786 0.09344917 0.04172653 0.03906975 0.02951719 0.02927732 0.03105177 0.03458346 0.00000000 
