106
abroscopus_albogularis_ku_28164        0.00000000 0.03002877 0.02975935 0.02020642 0.01795798 0.02670011 0.03110089 0.02741839 0.01966744 0.02680333 0.02535646 0.02828774 0.02949757 0.02418619 0.02601035 0.02785021 0.02197382 0.02908342 0.02392282 0.02253174 0.03274359 0.02646093 0.02627706 0.02564940 0.02103932 0.02426915 0.02507680 0.02415351 0.01838774 0.02733616 0.01852274 0.02615302 0.02941421 0.02568009 0.04115150 0.02310391 0.01825040 0.02538533 0.02579274 0.02396434 0.02893133 0.02474709 0.02115029 0.02543254 0.01627747 0.03316634 0.02372513 0.02593495 0.03104197 0.02450509 0.02106747 0.01147744 0.02566688 0.02566295 0.02485673 0.02341902 0.02000686 0.02215596 0.02666852 0.02184608 0.02456685 0.02689908 0.02207577 0.01985763 0.02376997 0.02203750 0.02129508 0.02934342 0.02330931 0.02464870 0.01859790 0.02749151 0.02440709 0.02416747 0.01826557 0.02824431 0.04984882 0.02260976 0.02241511 0.03001326 0.02784727 0.02308876 0.02243860 0.02366205 0.01975413 0.01994294 0.02306110 0.02749186 0.02563646 0.02076385 0.02778689 0.02804058 0.02568681 0.02798122 0.01776864 0.02618892 0.02515535 0.02443261 0.02081423 0.02132270 0.01148092 0.02022232 0.02250310 0.02638902 0.02509743 0.02609200 
timeliopsis_fulvigula_12152            0.03002877 0.00000000 0.01315482 0.03380148 0.03244501 0.02923424 0.03268657 0.03052347 0.03345185 0.03627818 0.03436392 0.03482328 0.03929820 0.03331525 0.02930952 0.03755141 0.03523998 0.02770071 0.02697901 0.02406719 0.03499505 0.02923519 0.03592008 0.02863004 0.03267464 0.03242218 0.03098951 0.03647491 0.03523105 0.03675943 0.01792190 0.02887144 0.01243051 0.03506048 0.04339538 0.03690000 0.03334461 0.03467769 0.03500390 0.02546111 0.03258692 0.02868689 0.03506528 0.02879416 0.02392504 0.03120231 0.02800189 0.01059383 0.03209838 0.03011843 0.02689611 0.01067207 0.02870525 0.03489024 0.03260267 0.03212994 0.02947055 0.02669383 0.03000538 0.02182404 0.02693557 0.02904518 0.03618444 0.03360779 0.02692700 0.03431340 0.02206492 0.02409646 0.03249920 0.03402617 0.01794132 0.03410003 0.03368122 0.02876636 0.03349419 0.03401873 0.05401511 0.03089072 0.03640601 0.03268751 0.03121726 0.03690615 0.03120353 0.03291992 0.03601259 0.01991209 0.02320064 0.02657088 0.02818454 0.03458341 0.03666923 0.03859361 0.02854430 0.03172297 0.03278326 0.03515992 0.02765537 0.03342087 0.03497678 0.03441801 0.03098774 0.03402689 0.02694824 0.03545563 0.03410246 0.02806995 
acanthorhynchus_tenuirostris_ku_10667  0.02975935 0.01315482 0.00000000 0.03377636 0.03220162 0.02939965 0.03266800 0.03079900 0.03339338 0.03621182 0.03451634 0.03457246 0.03922927 0.03329934 0.02911264 0.03748533 0.03487624 0.02731435 0.02690015 0.02377752 0.03509740 0.02929550 0.03612098 0.02852895 0.03247879 0.03218430 0.03075653 0.03644638 0.03541771 0.03667255 0.01738552 0.02891728 0.01242423 0.03493638 0.04329783 0.03696944 0.03332039 0.03453702 0.03503350 0.02521727 0.03251856 0.02851751 0.03511037 0.02853045 0.02360452 0.03114220 0.02778146 0.01061328 0.03207172 0.03027857 0.02649251 0.01027771 0.02858069 0.03479405 0.03246364 0.03194544 0.02901243 0.02638806 0.02975269 0.02171010 0.02664869 0.02923001 0.03641765 0.03356286 0.02677421 0.03401945 0.02173737 0.02417757 0.03236103 0.03394055 0.01733582 0.03415045 0.03362724 0.02880820 0.03355920 0.03386217 0.05401887 0.03073202 0.03642464 0.03258445 0.03124890 0.03691369 0.03109402 0.03267385 0.03612418 0.01945425 0.02297162 0.02655862 0.02819360 0.03463302 0.03647294 0.03882625 0.02868156 0.03169899 0.03275771 0.03501086 0.02758957 0.03336599 0.03508641 0.03444634 0.03073267 0.03393195 0.02691898 0.03547501 0.03385626 0.02782847 
acrocephalus_orientalis_ku_28793       0.02020642 0.03380148 0.03377636 0.00000000 0.02152963 0.02989757 0.03588839 0.03084958 0.02198844 0.03026516 0.02874073 0.03203767 0.03340435 0.02729633 0.02931762 0.03163139 0.02450591 0.03033105 0.02603106 0.02431305 0.03851543 0.02956534 0.02961476 0.02892743 0.02247227 0.02684661 0.02868425 0.02699764 0.02406393 0.03101946 0.01869353 0.02929686 0.03345999 0.02916443 0.04603343 0.02552061 0.02223014 0.02817931 0.02889678 0.02586914 0.03295382 0.02744344 0.02378522 0.02887910 0.01622552 0.03773501 0.02654996 0.02733755 0.03562228 0.02806637 0.02212962 0.01130922 0.02902877 0.02918284 0.02745016 0.02585683 0.02127935 0.02522253 0.03030024 0.02254205 0.02733678 0.03048500 0.02491377 0.02194744 0.02730683 0.02463699 0.02259707 0.03347644 0.02611684 0.02819217 0.01842812 0.03226604 0.02758582 0.02692270 0.02223051 0.03156028 0.05683939 0.02508002 0.02514805 0.03341105 0.03141199 0.02560409 0.02540215 0.02700932 0.02448166 0.02003293 0.02367576 0.02954430 0.02860248 0.02325466 0.03085568 0.03185415 0.02893196 0.03210695 0.02158282 0.02966931 0.02804108 0.02765022 0.02383964 0.02383592 0.02050465 0.02273897 0.02526316 0.02965632 0.02800791 0.02876469 
aegithalos_concinnus_ku_28044          0.01795798 0.03244501 0.03220162 0.02152963 0.00000000 0.02892515 0.03432997 0.02942797 0.02106800 0.02909315 0.02748520 0.03096978 0.03216509 0.02621760 0.02815956 0.03025600 0.02362048 0.02999566 0.02553626 0.02392701 0.03626384 0.02859592 0.02851150 0.02781213 0.02201833 0.02594516 0.02766345 0.02585850 0.02086432 0.02979582 0.01884966 0.02791682 0.03192468 0.02777801 0.04457249 0.02463820 0.01961264 0.02758870 0.02785449 0.02526293 0.03158559 0.02678095 0.02292871 0.02750094 0.01671643 0.03585667 0.02544584 0.02709115 0.03403524 0.02689200 0.02214529 0.01136403 0.02774861 0.02792986 0.02637413 0.02511165 0.02084468 0.02428113 0.02901407 0.02217909 0.02652552 0.02922917 0.02378280 0.02151175 0.02614392 0.02381965 0.02215596 0.03186613 0.02516861 0.02678127 0.01872534 0.03053925 0.02660636 0.02627717 0.01959138 0.03053067 0.05416796 0.02434429 0.02434923 0.03215108 0.03017219 0.02455695 0.02443650 0.02574616 0.01197947 0.02044403 0.02371141 0.02897233 0.02740369 0.02220767 0.02969550 0.03050959 0.02786462 0.03042341 0.01898840 0.02809034 0.02684514 0.02643221 0.02262965 0.02299272 0.01762181 0.02176218 0.02450872 0.02854384 0.02698752 0.02782800 
aegithina_lafresnayei_ku_23213         0.02670011 0.02923424 0.02939965 0.02989757 0.02892515 0.00000000 0.03117652 0.01971276 0.02934892 0.03177758 0.03033374 0.03004934 0.03549556 0.02892510 0.02333489 0.03321565 0.03163054 0.02764484 0.02336456 0.01833934 0.03330695 0.02175927 0.03143815 0.02141859 0.02956978 0.02860642 0.02682078 0.03237995 0.03138638 0.03270950 0.01444425 0.02139157 0.02895971 0.03088199 0.04144663 0.03270451 0.02939524 0.02998851 0.03091538 0.01954396 0.02489082 0.02454298 0.03108590 0.01780544 0.02169781 0.03320698 0.02410968 0.02465922 0.03060659 0.02597974 0.02413975 0.00831920 0.02128505 0.03069026 0.02976612 0.02764729 0.02619193 0.02273188 0.02242531 0.01698375 0.02010640 0.02609359 0.03206296 0.02937600 0.01947812 0.03008547 0.01658654 0.02880469 0.02864256 0.03021092 0.01438413 0.03000475 0.02944043 0.02441331 0.02930501 0.02951678 0.05159612 0.02680658 0.03224891 0.02938794 0.01851710 0.03290471 0.02711866 0.02870017 0.03170690 0.01547400 0.01806959 0.02647752 0.02238874 0.03072007 0.03247205 0.03389144 0.01693300 0.02423824 0.02863278 0.03146231 0.02058909 0.02949758 0.03096409 0.03013894 0.02751109 0.02979879 0.02286102 0.03133116 0.02951823 0.02207847 
ailuroedus_buccoides_ku_12226          0.03110089 0.03268657 0.03266800 0.03588839 0.03432997 0.03117652 0.00000000 0.03269199 0.03569156 0.03851327 0.03675405 0.03703099 0.04170339 0.03538769 0.03118273 0.03993594 0.03728449 0.02336840 0.02886637 0.02541512 0.02904080 0.03145218 0.03817593 0.03073097 0.03448690 0.03451741 0.03299790 0.03900438 0.03775034 0.03919162 0.01890604 0.03087454 0.03222251 0.03719602 0.04059616 0.03915795 0.03559722 0.03667980 0.03738349 0.02714501 0.03481865 0.03064273 0.03757157 0.03030808 0.02524813 0.03670463 0.02993084 0.02585233 0.02863200 0.03255242 0.02842212 0.01112995 0.03062452 0.03720592 0.03466172 0.03386918 0.03116582 0.02881054 0.03169454 0.02341476 0.02868264 0.03131916 0.03863530 0.03566229 0.02875374 0.03635825 0.02340240 0.03247994 0.03459669 0.03629857 0.01880637 0.03676669 0.03588980 0.03089856 0.03585292 0.03625002 0.05120447 0.03317516 0.03884940 0.03470852 0.03332220 0.03904662 0.03348533 0.03512992 0.03820736 0.02096603 0.02434479 0.01154165 0.03019980 0.03701097 0.03862413 0.04083311 0.03058902 0.03381228 0.03507299 0.03733920 0.02942975 0.03573192 0.03749154 0.03660682 0.03286835 0.03630795 0.02899899 0.03751586 0.03625008 0.02989847 
artamus_cinereus_ku_6183               0.02741839 0.03052347 0.03079900 0.03084958 0.02942797 0.01971276 0.03269199 0.00000000 0.03047552 0.03312904 0.03146324 0.03145367 0.03623634 0.03026534 0.02449153 0.03416011 0.03240544 0.02831876 0.02435337 0.01886873 0.03520813 0.02324360 0.03295322 0.02256374 0.03042423 0.02981236 0.02751806 0.03310581 0.03226733 0.03359255 0.01504020 0.02249335 0.03025406 0.03175874 0.04329523 0.03379877 0.03037959 0.03143552 0.03222385 0.02003896 0.02648028 0.02546991 0.03200884 0.01859440 0.02205428 0.03435680 0.02501116 0.02500659 0.03220452 0.02712430 0.02484362 0.00878767 0.02230704 0.03164457 0.02991451 0.02904948 0.02704779 0.02370120 0.02370912 0.01745852 0.02104548 0.02722704 0.03308863 0.03050948 0.02057148 0.03124815 0.01727312 0.03025241 0.02993532 0.03106405 0.01491290 0.03087247 0.03062225 0.02575262 0.03047508 0.03088191 0.05395928 0.02785117 0.03334741 0.03034523 0.02068153 0.03393183 0.02826955 0.02957943 0.03296561 0.01595532 0.01876520 0.02699462 0.02353099 0.03159054 0.03351839 0.03554346 0.01852918 0.02513636 0.02958760 0.03254761 0.02149897 0.03053953 0.03196387 0.03151231 0.02858159 0.03098531 0.02381287 0.03239810 0.03092999 0.02275210 
bleda_syndactylus_ku_29008             0.01966744 0.03345185 0.03339338 0.02198844 0.02106800 0.02934892 0.03569156 0.03047552 0.00000000 0.02993589 0.02851874 0.03162844 0.03299626 0.02689532 0.02896144 0.03118058 0.02391126 0.03026293 0.02576590 0.02394429 0.03801678 0.02915890 0.02933391 0.02848605 0.02221709 0.02634109 0.02812435 0.02636617 0.02337379 0.03054148 0.01826652 0.02882897 0.03300334 0.02868921 0.04578732 0.02526168 0.02143320 0.02830141 0.02848473 0.02537473 0.03231768 0.02716991 0.02347466 0.02845700 0.01593547 0.03737738 0.02608182 0.02701938 0.03537832 0.02767882 0.02179980 0.01090312 0.02838190 0.02862506 0.02687711 0.02558998 0.02058172 0.02469401 0.02979475 0.02211667 0.02670740 0.02991306 0.02425180 0.02179784 0.02681957 0.02438931 0.02193809 0.03325048 0.02566329 0.02758644 0.01813556 0.03161795 0.02712516 0.02647582 0.02145419 0.03116652 0.05679204 0.02464235 0.02482698 0.03319587 0.03118810 0.02529188 0.02490409 0.02634660 0.02402598 0.02002335 0.02358500 0.02939941 0.02805937 0.01736083 0.03055265 0.03154069 0.02858754 0.03136748 0.02065318 0.02912121 0.02753201 0.02727618 0.02274138 0.02338165 0.01988311 0.02148044 0.02493988 0.02915607 0.02761534 0.02843681 
bombycilla_garrulus_ku_21744           0.02680333 0.03627818 0.03621182 0.03026516 0.02909315 0.03177758 0.03851327 0.03312904 0.02993589 0.00000000 0.03082345 0.03448251 0.03600617 0.02946701 0.03184001 0.03367517 0.03155526 0.03236411 0.02823014 0.02642042 0.04084424 0.03190513 0.03253768 0.03148589 0.02960750 0.01900324 0.03118671 0.03290202 0.03214166 0.03300744 0.02006339 0.03156860 0.03601985 0.03123179 0.04848429 0.03354311 0.02984766 0.03151910 0.03105246 0.02772183 0.03542735 0.02983662 0.03179280 0.03131300 0.02179059 0.04036461 0.02886622 0.02918347 0.03836198 0.03057622 0.02399727 0.01214928 0.03135385 0.03112054 0.02883100 0.02801257 0.02652695 0.02758688 0.03257906 0.02438815 0.02952225 0.03281175 0.03261965 0.03015761 0.02971492 0.03061526 0.02431632 0.03605654 0.02938803 0.03027348 0.02017369 0.03453318 0.02977617 0.02956830 0.03001332 0.03406361 0.05941511 0.02719833 0.03301438 0.03610133 0.03394969 0.03348577 0.02762037 0.02880892 0.03261499 0.02190581 0.02554939 0.03168943 0.03114886 0.03120734 0.03262291 0.03518887 0.03150508 0.03425792 0.02920238 0.03142890 0.03015047 0.02946295 0.03157268 0.03105864 0.02795484 0.03064602 0.02790823 0.03134659 0.03025992 0.03062572 
certhia_americana_ku_30065             0.02535646 0.03436392 0.03451634 0.02874073 0.02748520 0.03033374 0.03675405 0.03146324 0.02851874 0.03082345 0.00000000 0.03273774 0.03419053 0.02769548 0.03004580 0.03167180 0.03006241 0.03045712 0.02627003 0.02450527 0.03889857 0.03026166 0.03082944 0.02977426 0.02802600 0.02682720 0.02944728 0.03141136 0.03025041 0.03139719 0.01802780 0.02989370 0.03419160 0.02952863 0.04678792 0.03204059 0.02812828 0.02950545 0.02956071 0.02597370 0.03346596 0.02794799 0.03015390 0.02950143 0.02015166 0.03869339 0.02699536 0.02718026 0.03622475 0.02879188 0.02224651 0.01064396 0.02964360 0.02935874 0.02704585 0.02645066 0.02456140 0.02588516 0.03092607 0.02254342 0.02759668 0.03108771 0.03118555 0.02853381 0.02778153 0.02904120 0.02258855 0.03416144 0.02751626 0.02870687 0.01800818 0.03281352 0.02802415 0.02765838 0.02862563 0.03226268 0.05745385 0.02535405 0.03150097 0.03425011 0.03228617 0.03206930 0.02575353 0.02737773 0.03126796 0.02010420 0.02382273 0.02992990 0.02910398 0.02969646 0.03086792 0.03343183 0.02948759 0.03266731 0.02767125 0.02710090 0.02859438 0.02772264 0.03008323 0.02970419 0.02614139 0.02910269 0.02608987 0.02536902 0.02853118 0.02868996 
chaetops_aurantius_uwbm_52974          0.02828774 0.03482328 0.03457246 0.03203767 0.03096978 0.03004934 0.03703099 0.03145367 0.03162844 0.03448251 0.03273774 0.00000000 0.03790655 0.03154291 0.03001925 0.03536959 0.03335297 0.03093767 0.02675327 0.02477027 0.03900846 0.03019664 0.03425399 0.02971831 0.03121761 0.03076712 0.02897194 0.03493511 0.03363060 0.03509084 0.01885564 0.02995431 0.03433094 0.03319650 0.04722646 0.03525188 0.03158919 0.03307617 0.03325682 0.02625385 0.03357261 0.02824756 0.03355728 0.02944213 0.02276397 0.03850947 0.02709051 0.02813604 0.03651222 0.02853606 0.02578807 0.01133659 0.02962192 0.03336616 0.03096616 0.03043184 0.02787274 0.02570940 0.03086292 0.02316079 0.02782582 0.03100035 0.03453120 0.03196633 0.02791421 0.03258208 0.02274887 0.03417417 0.03068403 0.03229092 0.01871097 0.03219006 0.03203515 0.02730537 0.03171676 0.02339975 0.05819482 0.02914638 0.03479249 0.03398811 0.03189885 0.03545689 0.02952789 0.03113925 0.03433801 0.02050589 0.02424298 0.03042411 0.02925223 0.03315923 0.03507757 0.03672887 0.02963163 0.03253638 0.03108224 0.03356609 0.02833294 0.03170332 0.03325344 0.03281334 0.02939776 0.03256086 0.02618405 0.03362485 0.03235225 0.02913962 
chelidorhynx_hypoxanthus_ku_28022      0.02949757 0.03929820 0.03922927 0.03340435 0.03216509 0.03549556 0.04170339 0.03623634 0.03299626 0.03600617 0.03419053 0.03790655 0.00000000 0.03342040 0.03537549 0.03699868 0.03456458 0.03486498 0.03196666 0.02989067 0.04351534 0.03529596 0.03053270 0.03472636 0.03264176 0.03238857 0.03441362 0.03590955 0.03472892 0.03656372 0.02249153 0.03495845 0.03883224 0.03497995 0.05076570 0.03634506 0.03298232 0.03395151 0.03465927 0.03096369 0.03827413 0.03321036 0.03448951 0.03463266 0.02469567 0.04322298 0.03219485 0.03210385 0.04134877 0.03377279 0.02733152 0.01428949 0.03441813 0.03480847 0.03249928 0.03156042 0.02945042 0.03095168 0.03569969 0.02722501 0.03283971 0.03584807 0.03563695 0.03302209 0.03293711 0.03364670 0.02724318 0.03911716 0.03218660 0.03391725 0.02257848 0.03765729 0.03342853 0.03286171 0.03293506 0.03732603 0.06186439 0.03081953 0.03570480 0.03929218 0.03707791 0.03619941 0.03114833 0.03269402 0.03527784 0.02492961 0.02856418 0.03485475 0.03428176 0.03423454 0.03631197 0.03773965 0.03450023 0.03709982 0.03223193 0.03514026 0.03336007 0.03341253 0.03435121 0.03402227 0.03054412 0.03364741 0.03141917 0.03522605 0.03380380 0.03376125 
chloropsis_sonnerati_ku_24451          0.02418619 0.03331525 0.03329934 0.02729633 0.02621760 0.02892510 0.03538769 0.03026534 0.02689532 0.02946701 0.02769548 0.03154291 0.03342040 0.00000000 0.02876192 0.03058762 0.02894551 0.02951130 0.02537568 0.02377928 0.03724814 0.02893235 0.02945103 0.02818210 0.02704358 0.02570577 0.02805368 0.02997654 0.02875348 0.02599171 0.01778838 0.02854966 0.03292790 0.02388694 0.04586309 0.03035602 0.02686323 0.02819662 0.02353332 0.02492541 0.03219970 0.02687880 0.02875449 0.02804698 0.01940337 0.03714958 0.02562442 0.02674981 0.03479929 0.02737377 0.01989654 0.01065977 0.02823062 0.02363471 0.02618614 0.02229640 0.02383566 0.02448123 0.02943347 0.02193587 0.02640597 0.02967181 0.02970431 0.02720570 0.02637917 0.02764137 0.02170731 0.03307695 0.02629227 0.02297717 0.01757890 0.03139682 0.02247103 0.02624723 0.02705074 0.03103818 0.05652027 0.01994556 0.02996385 0.03292633 0.03071329 0.03040410 0.02255668 0.02169442 0.02935048 0.01963257 0.02285453 0.02876471 0.02793705 0.02820246 0.02987798 0.03213623 0.02824548 0.03116176 0.02627299 0.02884387 0.02729036 0.02651648 0.02873891 0.02794063 0.02515894 0.02765076 0.02461588 0.02859738 0.02302556 0.02784433 
cinclosoma_punctatum_uwbm_57790        0.02601035 0.02930952 0.02911264 0.02931762 0.02815956 0.02333489 0.03118273 0.02449153 0.02896144 0.03184001 0.03004580 0.03001925 0.03537549 0.02876192 0.00000000 0.03297124 0.03100703 0.02688565 0.02260777 0.01851529 0.03384137 0.02299026 0.03163467 0.02229615 0.02862637 0.02814358 0.02622977 0.03215815 0.03104250 0.03252546 0.01432780 0.02248696 0.02869008 0.03061048 0.04226075 0.03256178 0.02898427 0.03010453 0.03055850 0.01996348 0.02651576 0.02399845 0.03088465 0.02230185 0.02064560 0.03314542 0.02329410 0.02321581 0.03078177 0.02566498 0.02314396 0.00832673 0.02236017 0.03052892 0.02841878 0.02749266 0.02541359 0.02213216 0.02344445 0.01717770 0.02079197 0.02548174 0.03197214 0.02907654 0.02050457 0.02985728 0.01696108 0.02885891 0.02813764 0.02968493 0.01430944 0.02986185 0.02921010 0.02411378 0.02915160 0.02924382 0.05277823 0.02647539 0.03195970 0.02915361 0.02470877 0.03259507 0.02654749 0.02829905 0.03149794 0.01547907 0.01842877 0.02547996 0.01464808 0.03029014 0.03243227 0.03414202 0.02237238 0.02520848 0.02822025 0.03095765 0.02138463 0.02916038 0.03064674 0.02995134 0.02683150 0.02976621 0.02238962 0.03122989 0.02949703 0.02246349 
cinclus_pallasii_ku_11246              0.02785021 0.03755141 0.03748533 0.03163139 0.03025600 0.03321565 0.03993594 0.03416011 0.03118058 0.03367517 0.03167180 0.03536959 0.03699868 0.03058762 0.03297124 0.00000000 0.03304481 0.03288724 0.02946334 0.02721791 0.04195233 0.03306080 0.03349243 0.03254970 0.03076105 0.02956498 0.03231842 0.03419764 0.03322916 0.03413834 0.02059056 0.03275655 0.03707743 0.03228470 0.04941299 0.03474816 0.03131507 0.03241913 0.03222810 0.02849906 0.03649865 0.03111965 0.03293392 0.03225640 0.02230563 0.04164405 0.02991871 0.02986275 0.03939042 0.03166097 0.02456395 0.01260379 0.03235811 0.03206019 0.02412072 0.02898241 0.02733935 0.02882897 0.03373077 0.02501697 0.03029640 0.03388184 0.03403133 0.03135565 0.03074369 0.03170028 0.02495912 0.03733845 0.03035082 0.03130652 0.02049690 0.03568821 0.03076043 0.03056878 0.03125358 0.03511041 0.06042011 0.02806740 0.03434090 0.03703992 0.03509734 0.03468825 0.02854231 0.03002697 0.03382181 0.02234145 0.02629199 0.03277999 0.03211839 0.03245952 0.03377881 0.03629371 0.03254516 0.03532353 0.03072415 0.03232682 0.03143571 0.02464641 0.03265507 0.03225575 0.02867067 0.03194661 0.02902331 0.03238863 0.03120932 0.03161680 
cisticola_anonymus_ku_29165            0.02197382 0.03523998 0.03487624 0.02450591 0.02362048 0.03163054 0.03728449 0.03240544 0.02391126 0.03155526 0.03006241 0.03335297 0.03456458 0.02894551 0.03100703 0.03304481 0.00000000 0.03229439 0.02791069 0.02652138 0.03901371 0.03111847 0.03125131 0.03041580 0.02488872 0.02855042 0.03013907 0.02823071 0.02596975 0.03211516 0.02064668 0.03090824 0.03496186 0.03040700 0.04724548 0.02728415 0.02450671 0.02978402 0.03040800 0.02742972 0.03406811 0.02915384 0.02548505 0.03039488 0.01839692 0.03866348 0.02790848 0.02912486 0.03694843 0.02942720 0.02434238 0.01277651 0.03064580 0.03049059 0.02898389 0.02776706 0.02339096 0.02671171 0.03163331 0.02459637 0.02907523 0.03188594 0.01178834 0.02424444 0.02867260 0.02626942 0.02462976 0.03492477 0.02769053 0.02938058 0.02026639 0.03303292 0.02918233 0.02866307 0.02373765 0.03293542 0.05745845 0.02672154 0.02687066 0.03480415 0.03311256 0.02747373 0.02699811 0.02844187 0.02658247 0.02239578 0.02594393 0.03165341 0.03030840 0.02509248 0.03253792 0.03319875 0.03060302 0.03319346 0.02344532 0.03089439 0.02959685 0.02917765 0.02536811 0.02546807 0.02284120 0.02444278 0.02704003 0.03068676 0.02954476 0.03061925 
climacteris_melanurus_ku_8858          0.02908342 0.02770071 0.02731435 0.03033105 0.02999566 0.02764484 0.02336840 0.02831876 0.03026293 0.03236411 0.03045712 0.03093767 0.03486498 0.02951130 0.02688565 0.03288724 0.03229439 0.00000000 0.02634111 0.02451171 0.01471002 0.02728051 0.03182588 0.02651412 0.03174695 0.03015924 0.02764252 0.03258933 0.03156929 0.03276157 0.02095534 0.02642857 0.02721966 0.03115519 0.03501772 0.03254183 0.03006353 0.03090372 0.03133760 0.02564356 0.02935270 0.02679559 0.03111576 0.02625947 0.02535135 0.03080370 0.02601256 0.02562649 0.02449156 0.02709160 0.02695027 0.01253261 0.02633354 0.03106010 0.03066032 0.02880685 0.02917599 0.02458328 0.02705172 0.02415133 0.02558880 0.02692837 0.03232928 0.02990169 0.02465174 0.03016494 0.02347755 0.02691814 0.02953690 0.03025423 0.02089165 0.03040745 0.02983332 0.02606005 0.02972275 0.03082288 0.04275484 0.02796225 0.03223966 0.02997202 0.02834789 0.03268750 0.02815616 0.02967941 0.03182073 0.02216869 0.02487288 0.02148507 0.02623782 0.03118025 0.03253428 0.03376419 0.02637031 0.02862215 0.02932684 0.03193031 0.02596364 0.03032733 0.03126453 0.03057457 0.02965391 0.03070591 0.02503948 0.03152886 0.03026140 0.02766652 
cnemophilus_loriae_ku_16529            0.02392282 0.02697901 0.02690015 0.02603106 0.02553626 0.02336456 0.02886637 0.02435337 0.02576590 0.02823014 0.02627003 0.02675327 0.03196666 0.02537568 0.02260777 0.02946334 0.02791069 0.02634111 0.00000000 0.01900164 0.03120109 0.02289651 0.02811150 0.02257886 0.02629756 0.02545274 0.02271487 0.02861748 0.02760654 0.02876618 0.01503229 0.02248800 0.02662430 0.02733013 0.03995919 0.02899890 0.02573265 0.02652729 0.02705904 0.02054940 0.02589368 0.00460184 0.02729500 0.02221970 0.01933638 0.03077169 0.02019620 0.02273726 0.02840549 0.02214319 0.02106919 0.00836885 0.02247262 0.02681134 0.02592251 0.02408042 0.02330586 0.01877869 0.02340824 0.01797560 0.02120333 0.02400828 0.02823302 0.02581734 0.02041722 0.02626473 0.01780743 0.02640179 0.02515610 0.02633569 0.01479007 0.02620826 0.02586983 0.02072979 0.02587935 0.02600757 0.04975128 0.02298788 0.02857916 0.02705907 0.02471404 0.02922394 0.02339513 0.02501558 0.02831883 0.01634119 0.01917951 0.02441392 0.02197760 0.02689164 0.02891375 0.03046931 0.02198212 0.02485323 0.02508126 0.02785046 0.02183655 0.02592440 0.02749257 0.02649035 0.02430528 0.02626757 0.01901190 0.02766307 0.02603027 0.02319102 
coracina_tenuirostris_ku_23644         0.02253174 0.02406719 0.02377752 0.02431305 0.02392701 0.01833934 0.02541512 0.01886873 0.02394429 0.02642042 0.02450527 0.02477027 0.02989067 0.02377928 0.01851529 0.02721791 0.02652138 0.02451171 0.01900164 0.00000000 0.02783422 0.01748656 0.02588898 0.01680394 0.02500436 0.02382089 0.02139164 0.02668791 0.02589363 0.02701093 0.01226086 0.01692594 0.02359108 0.02519317 0.03595831 0.02699631 0.02412407 0.02467165 0.02544609 0.01589863 0.02033962 0.01974141 0.02520510 0.01687076 0.01843643 0.02746215 0.01889525 0.02069372 0.02505465 0.02071506 0.02025618 0.00671795 0.01693290 0.02491493 0.02459345 0.02271919 0.02203534 0.01733014 0.01790160 0.01386980 0.01615801 0.02093899 0.02641520 0.02389836 0.01492446 0.02426010 0.01341890 0.02338843 0.02315253 0.02446820 0.00945108 0.02428739 0.02416160 0.01927845 0.02383887 0.02422277 0.04539203 0.02161303 0.02665199 0.02428838 0.01894371 0.02741062 0.02185928 0.02327571 0.02623018 0.01252087 0.01537562 0.02220945 0.01758268 0.02504211 0.02711992 0.02831946 0.01662716 0.01915002 0.02312549 0.02597890 0.01626290 0.02407543 0.02521438 0.02467442 0.02288232 0.02454225 0.01776217 0.02558230 0.02434027 0.01795670 
cormobates_leucophaea_uwbm_57452       0.03274359 0.03499505 0.03509740 0.03851543 0.03626384 0.03330695 0.02904080 0.03520813 0.03801678 0.04084424 0.03889857 0.03900846 0.04351534 0.03724814 0.03384137 0.04195233 0.03901371 0.01471002 0.03120109 0.02783422 0.00000000 0.03383605 0.04034395 0.03323782 0.03651320 0.03655299 0.03497594 0.04125548 0.03986133 0.04143363 0.02012392 0.03321254 0.03468520 0.03929119 0.04246060 0.04115857 0.03763973 0.03927521 0.03931576 0.02919283 0.03718785 0.03290980 0.03966770 0.03278587 0.02666324 0.03899713 0.03230341 0.02746662 0.03116647 0.03466520 0.03002629 0.01177159 0.03284489 0.03926192 0.03618557 0.03613706 0.03296184 0.03125404 0.03435081 0.02514497 0.03111244 0.03339631 0.04074045 0.03799326 0.03128938 0.03878122 0.02518665 0.03474653 0.03670931 0.03851004 0.02038848 0.03875889 0.03791299 0.03285532 0.03793954 0.03830926 0.05330756 0.03525917 0.04127049 0.03688915 0.03564211 0.04098827 0.03583609 0.03727061 0.04047337 0.02234484 0.02600582 0.02325509 0.03252680 0.03952676 0.04091895 0.04292869 0.03308245 0.03624753 0.03712934 0.03956338 0.03178258 0.03798439 0.03957816 0.03893343 0.03465643 0.03862285 0.03142479 0.03974526 0.03830375 0.03193274 
corvus_corax_ku_30042                  0.02646093 0.02923519 0.02929550 0.02956534 0.02859592 0.02175927 0.03145218 0.02324360 0.02915890 0.03190513 0.03026166 0.03019664 0.03529596 0.02893235 0.02299026 0.03306080 0.03111847 0.02728051 0.02289651 0.01748656 0.03383605 0.00000000 0.03169835 0.02098645 0.02893924 0.02840149 0.02658647 0.03231484 0.03113457 0.03237570 0.01367671 0.02107504 0.02876025 0.03062526 0.04245686 0.03258400 0.02906683 0.03024220 0.03067056 0.01621412 0.01915617 0.02417203 0.03097666 0.02071060 0.02084921 0.03340595 0.02343480 0.02355905 0.03069911 0.02592782 0.02332930 0.00815850 0.01710215 0.03044028 0.02880438 0.02759235 0.02563954 0.02228422 0.02201981 0.01608064 0.01958626 0.02554960 0.03193523 0.02922915 0.01889579 0.02986851 0.01261242 0.02890395 0.02846517 0.02978497 0.01354816 0.03015970 0.02928474 0.02415010 0.02923416 0.02934696 0.05275076 0.02646598 0.03223111 0.02902653 0.02332028 0.03270065 0.02655538 0.02854704 0.03159631 0.01464525 0.01756874 0.02579591 0.02185825 0.03058827 0.03238870 0.03419321 0.02063434 0.02064170 0.02861218 0.03111887 0.01614042 0.02927875 0.03076001 0.03011269 0.02707205 0.02979474 0.02250856 0.03140657 0.02951106 0.02122621 
culicicapa_ceylonensis_ku_9948         0.02627706 0.03592008 0.03612098 0.02961476 0.02851150 0.03143815 0.03817593 0.03295322 0.02933391 0.03253768 0.03082944 0.03425399 0.03053270 0.02945103 0.03163467 0.03349243 0.03125131 0.03182588 0.02811150 0.02588898 0.04034395 0.03169835 0.00000000 0.03120462 0.02885128 0.02904721 0.03088005 0.03250088 0.03117219 0.03317458 0.01924357 0.03143012 0.03569557 0.03117392 0.04809729 0.03292489 0.02942162 0.03042345 0.03101201 0.02726566 0.03500632 0.02995373 0.03119387 0.03104386 0.02126911 0.04006964 0.02854343 0.02859156 0.03799142 0.03026952 0.02376196 0.01127372 0.03097007 0.03119684 0.02905002 0.02792206 0.02592101 0.02732709 0.03234458 0.02371101 0.02900262 0.03250393 0.03211315 0.02939474 0.02948549 0.03013907 0.02383715 0.03584460 0.02869088 0.03036790 0.01932645 0.03440540 0.02979625 0.02893364 0.02943760 0.03370647 0.05932982 0.02725756 0.03202447 0.03590034 0.03370891 0.03285516 0.02754117 0.02900051 0.03192472 0.02117013 0.02477081 0.03128019 0.03058780 0.03045124 0.03305868 0.03431501 0.03115999 0.03387053 0.02877849 0.03159541 0.02987736 0.02961034 0.03094998 0.03054469 0.02725450 0.02997382 0.02760885 0.03189422 0.03038310 0.03026856 
daphoenositta_chrysoptera_ku_23086     0.02564940 0.02863004 0.02852895 0.02892743 0.02781213 0.02141859 0.03073097 0.02256374 0.02848605 0.03148589 0.02977426 0.02971831 0.03472636 0.02818210 0.02229615 0.03254970 0.03041580 0.02651412 0.02257886 0.01680394 0.03323782 0.02098645 0.03120462 0.00000000 0.02826607 0.02788240 0.02591084 0.03132181 0.03076068 0.03202436 0.01339146 0.02053618 0.02817189 0.03000469 0.04188896 0.03201169 0.02847121 0.02977782 0.03032075 0.01830894 0.02454893 0.02357915 0.03022384 0.02032294 0.02022130 0.03252211 0.02302608 0.02289880 0.03040766 0.02524293 0.02303903 0.00746861 0.02035390 0.02997327 0.02813821 0.02703342 0.02514386 0.02166963 0.02168326 0.01555232 0.01913602 0.02523101 0.03111956 0.02857736 0.01841668 0.02943146 0.01528126 0.02826582 0.02788771 0.02933246 0.01283467 0.02928390 0.02868640 0.02394104 0.02852965 0.02897842 0.05214997 0.02596998 0.03174578 0.02842498 0.02282691 0.03215263 0.02621334 0.02797830 0.03122070 0.01404072 0.01708672 0.02503844 0.02143454 0.02990687 0.03197489 0.03393107 0.02039288 0.02332277 0.02787936 0.03041079 0.01943683 0.02849871 0.03035106 0.02953420 0.02669431 0.02923566 0.02179296 0.03049517 0.02910319 0.02075284 
donacobius_atricapilla_ku_1037         0.02103932 0.03267464 0.03247879 0.02247227 0.02201833 0.02956978 0.03448690 0.03042423 0.02221709 0.02960750 0.02802600 0.03121761 0.03264176 0.02704358 0.02862637 0.03076105 0.02488872 0.03174695 0.02629756 0.02500436 0.03651320 0.02893924 0.02885128 0.02826607 0.00000000 0.02708038 0.02799693 0.02665163 0.02410693 0.03014229 0.02013981 0.02854181 0.03246835 0.02864409 0.04487390 0.02527720 0.02255384 0.02768611 0.02847663 0.02647043 0.03192921 0.02725307 0.02157150 0.02836321 0.01773874 0.03631113 0.02635599 0.02839925 0.03426821 0.02734570 0.02326232 0.01246738 0.02855054 0.02835647 0.02757102 0.02589287 0.02229997 0.02491084 0.02943301 0.02348772 0.02727163 0.02971223 0.02469138 0.01974620 0.02656782 0.02425901 0.02384310 0.03220771 0.02595220 0.02752258 0.02024311 0.03110007 0.02709165 0.02652493 0.02219845 0.03059924 0.05400756 0.02483806 0.02477713 0.03284363 0.03044327 0.02537282 0.02515529 0.02666034 0.02432447 0.02181000 0.02495157 0.03036573 0.02813335 0.02334963 0.03040152 0.03108731 0.02828866 0.03084571 0.02139764 0.02929635 0.02785374 0.02753536 0.02357956 0.02366846 0.02118097 0.02291605 0.02505402 0.02868803 0.02744337 0.02904257 
dulus_dominicus_ku_6414                0.02426915 0.03242218 0.03218430 0.02684661 0.02594516 0.02860642 0.03451741 0.02981236 0.02634109 0.01900324 0.02682720 0.03076712 0.03238857 0.02570577 0.02814358 0.02956498 0.02855042 0.03015924 0.02545274 0.02382089 0.03655299 0.02840149 0.02904721 0.02788240 0.02708038 0.00000000 0.02745288 0.02901851 0.02837563 0.02929047 0.01882675 0.02800348 0.03229601 0.02750056 0.04488293 0.02997627 0.02641119 0.02760221 0.02751582 0.02494478 0.03157006 0.02656208 0.02786233 0.02774944 0.01997479 0.03648641 0.02551087 0.02700726 0.03414010 0.02679849 0.02176438 0.01128172 0.02781878 0.02724776 0.02611844 0.02461622 0.02397795 0.02383485 0.02875163 0.02230864 0.02616337 0.02902201 0.02900066 0.02651616 0.02601982 0.02691574 0.02202154 0.03204407 0.02602834 0.02683362 0.01853155 0.03039149 0.02623626 0.02585750 0.02643160 0.03035066 0.05478336 0.02362456 0.02912915 0.03253195 0.03038232 0.03015897 0.02388303 0.02544960 0.02879325 0.02010605 0.02336704 0.02914537 0.02732541 0.02758663 0.02921220 0.03120662 0.02776135 0.03033613 0.02584619 0.02795716 0.02686577 0.02593562 0.02763778 0.02733409 0.02495424 0.02689374 0.02427594 0.02784236 0.02670896 0.02773707 
eopsaltria_griseogularis_ku_8850       0.02507680 0.03098951 0.03075653 0.02868425 0.02766345 0.02682078 0.03299790 0.02751806 0.02812435 0.03118671 0.02944728 0.02897194 0.03441362 0.02805368 0.02622977 0.03231842 0.03013907 0.02764252 0.02271487 0.02139164 0.03497594 0.02658647 0.03088005 0.02591084 0.02799693 0.02745288 0.00000000 0.03117122 0.03029955 0.03164140 0.01619892 0.02608826 0.03035205 0.02974978 0.04348040 0.03167999 0.02850314 0.02963802 0.02990665 0.02293684 0.02979938 0.02416684 0.02996775 0.02573212 0.02026163 0.03480217 0.02329146 0.02441512 0.03250876 0.01900355 0.02296330 0.00920243 0.02585960 0.02987626 0.02765968 0.02678527 0.02479788 0.02221136 0.02689280 0.01978202 0.02393148 0.02714483 0.03107918 0.02831087 0.02402055 0.02898178 0.01962070 0.03038729 0.02754979 0.02881744 0.01615048 0.02679851 0.02843814 0.02346021 0.02839770 0.02853931 0.05389137 0.02574349 0.03138005 0.03053200 0.02832053 0.03162426 0.02610824 0.02766852 0.03091183 0.01785624 0.02072068 0.02672934 0.02534638 0.02960038 0.03151980 0.03323460 0.02587911 0.02861581 0.02757710 0.02996852 0.02500739 0.02824737 0.02998627 0.02928583 0.02612095 0.02906493 0.02239845 0.03035129 0.02880117 0.02550317 
eremophila_alpestris_ku_28950          0.02415351 0.03647491 0.03644638 0.02699764 0.02585850 0.03237995 0.03900438 0.03310581 0.02636617 0.03290202 0.03141136 0.03493511 0.03590955 0.02997654 0.03215815 0.03419764 0.02823071 0.03258933 0.02861748 0.02668791 0.04125548 0.03231484 0.03250088 0.03132181 0.02665163 0.02901851 0.03117122 0.00000000 0.02890410 0.03341312 0.02056060 0.03230259 0.03613890 0.03145799 0.04862341 0.03027635 0.02668329 0.03117012 0.03164408 0.02799596 0.03567502 0.03017725 0.02849629 0.03149879 0.01907500 0.04030275 0.02925121 0.02937575 0.03864043 0.03059095 0.02452203 0.01240328 0.03145387 0.03165425 0.02934354 0.02851132 0.02346143 0.02792459 0.03299534 0.02442849 0.02998206 0.03286617 0.02904270 0.02684824 0.02993061 0.02547303 0.02450810 0.03643860 0.02863808 0.03056528 0.02014220 0.03455028 0.03044030 0.02982648 0.02661425 0.03438567 0.05991265 0.02757578 0.02956551 0.03601725 0.03428259 0.03020635 0.02785890 0.02925709 0.02925851 0.02214758 0.02603527 0.03209307 0.03137061 0.02778795 0.03364553 0.03453974 0.03184325 0.03422187 0.02592094 0.03169082 0.03044952 0.02996311 0.02816208 0.02758116 0.02490746 0.02701425 0.02819476 0.03194658 0.03082228 0.03095591 
erythrocercus_mccallii_ku_8688         0.01838774 0.03523105 0.03541771 0.02406393 0.02086432 0.03138638 0.03775034 0.03226733 0.02337379 0.03214166 0.03025041 0.03363060 0.03472892 0.02875348 0.03104250 0.03322916 0.02596975 0.03156929 0.02760654 0.02589363 0.03986133 0.03113457 0.03117219 0.03076068 0.02410693 0.02837563 0.03029955 0.02890410 0.00000000 0.03230905 0.01949258 0.03091749 0.03513489 0.03066387 0.04781442 0.02725901 0.02154071 0.03031334 0.03062300 0.02708633 0.03440840 0.02907949 0.02570091 0.03041490 0.01769766 0.03961542 0.02809046 0.02879874 0.03728213 0.02976482 0.02339597 0.01185827 0.03060976 0.03048815 0.02883150 0.02751495 0.02245839 0.02672544 0.03190565 0.02377201 0.02880256 0.03180888 0.02651009 0.02385750 0.02882054 0.02631133 0.02369386 0.03506363 0.02777637 0.02979133 0.01960089 0.03373079 0.02913860 0.02872301 0.02189437 0.03320546 0.05827669 0.02667025 0.02688795 0.03507273 0.03280897 0.02732439 0.02696110 0.02844592 0.02351009 0.02141668 0.02495974 0.03101079 0.03005779 0.02477048 0.03245538 0.03348623 0.03059770 0.03351816 0.02130350 0.03122036 0.02927201 0.02927541 0.02505725 0.02541782 0.01849142 0.02374971 0.02698305 0.03135164 0.02959969 0.02989686 
estrilda_melpoda_ku_19721              0.02733616 0.03675943 0.03667255 0.03101946 0.02979582 0.03270950 0.03919162 0.03359255 0.03054148 0.03300744 0.03139719 0.03509084 0.03656372 0.02599171 0.03252546 0.03413834 0.03211516 0.03276157 0.02876618 0.02701093 0.04143363 0.03237570 0.03317458 0.03202436 0.03014229 0.02929047 0.03164140 0.03341312 0.03230905 0.00000000 0.02001312 0.03207072 0.03641354 0.02498338 0.04929344 0.03397519 0.03065249 0.03195755 0.02725330 0.02827127 0.03572525 0.03025201 0.03235262 0.03176963 0.02203790 0.04078804 0.02949409 0.02943254 0.03878946 0.03104320 0.02290590 0.01227748 0.03179275 0.02464387 0.02940000 0.02585815 0.02702761 0.02818548 0.03309415 0.02478954 0.03016223 0.03308845 0.03330686 0.03058852 0.03004688 0.03104153 0.02466262 0.03663380 0.02982696 0.02419791 0.02020981 0.03494271 0.02434804 0.03001319 0.03065954 0.03479243 0.06009941 0.01864385 0.03354419 0.03641328 0.03462665 0.03397475 0.02636234 0.02297378 0.03292984 0.02211771 0.02595249 0.03218775 0.03167502 0.03193154 0.03338532 0.03560236 0.03187884 0.03455554 0.02994876 0.03202268 0.03085693 0.03015272 0.03201385 0.03149126 0.02835445 0.03114963 0.02850114 0.03216033 0.01866925 0.03118055 
eulacestoma_nigropectus_ku_16397       0.01852274 0.01792190 0.01738552 0.01869353 0.01884966 0.01444425 0.01890604 0.01504020 0.01826652 0.02006339 0.01802780 0.01885564 0.02249153 0.01778838 0.01432780 0.02059056 0.02064668 0.02095534 0.01503229 0.01226086 0.02012392 0.01367671 0.01924357 0.01339146 0.02013981 0.01882675 0.01619892 0.02056060 0.01949258 0.02001312 0.00000000 0.01288066 0.01773816 0.01897023 0.02749886 0.02031662 0.01835444 0.01876384 0.01935423 0.01335021 0.01551679 0.01538448 0.01887996 0.01296925 0.01664760 0.02022681 0.01451806 0.01723083 0.01827248 0.01557049 0.01690462 0.00786415 0.01284570 0.01872501 0.01916857 0.01757369 0.01798856 0.01318204 0.01332021 0.01253329 0.01240598 0.01589742 0.02022812 0.01810135 0.01123239 0.01821823 0.01169018 0.01737052 0.01755604 0.01839314 0.01189933 0.01832853 0.01814224 0.01490078 0.01792177 0.01858338 0.03307171 0.01629030 0.02028657 0.01890613 0.01470224 0.02066706 0.01654204 0.01773672 0.01987102 0.01182554 0.01297787 0.01803888 0.01395845 0.01878037 0.01994803 0.02110162 0.01295873 0.01468191 0.01769686 0.01978043 0.01276014 0.01840610 0.01902942 0.01865051 0.01788399 0.01861219 0.01361329 0.01931910 0.01824342 0.01471296 
falcunculus_frontatus_uwbm_57627       0.02615302 0.02887144 0.02891728 0.02929686 0.02791682 0.02139157 0.03087454 0.02249335 0.02882897 0.03156860 0.02989370 0.02995431 0.03495845 0.02854966 0.02248696 0.03275655 0.03090824 0.02642857 0.02248800 0.01692594 0.03321254 0.02107504 0.03143012 0.02053618 0.02854181 0.02800348 0.02608826 0.03230259 0.03091749 0.03207072 0.01288066 0.00000000 0.02843180 0.03022688 0.04211251 0.03235794 0.02877747 0.02992153 0.03020365 0.01828139 0.02449368 0.02379666 0.03066426 0.02034417 0.02080494 0.03287353 0.02306801 0.02297813 0.03034131 0.02537841 0.02293592 0.00750514 0.02058862 0.03011050 0.02857795 0.02709559 0.02518969 0.02183186 0.02134016 0.01419788 0.01854122 0.02529949 0.03165816 0.02893040 0.01796972 0.02968216 0.01538112 0.02846665 0.02803753 0.02951448 0.01313034 0.02959564 0.02869504 0.02387744 0.02911561 0.02925776 0.05225311 0.02632060 0.03204467 0.02870002 0.02285148 0.03242933 0.02648776 0.02809931 0.03145635 0.01386502 0.01643899 0.02513405 0.02166320 0.03012319 0.03214852 0.03393948 0.02035418 0.02357338 0.02833855 0.03083436 0.01957733 0.02892777 0.03047945 0.02991375 0.02668248 0.02951319 0.02206362 0.03087848 0.02918401 0.02052592 
foulehaio_carunculatus_ku_26344        0.02941421 0.01243051 0.01242423 0.03345999 0.03192468 0.02895971 0.03222251 0.03025406 0.03300334 0.03601985 0.03419160 0.03433094 0.03883224 0.03292790 0.02869008 0.03707743 0.03496186 0.02721966 0.02662430 0.02359108 0.03468520 0.02876025 0.03569557 0.02817189 0.03246835 0.03229601 0.03035205 0.03613890 0.03513489 0.03641354 0.01773816 0.02843180 0.00000000 0.03466533 0.04297479 0.03667098 0.03297432 0.03442403 0.03451345 0.02501045 0.03210408 0.02818552 0.03488148 0.02814645 0.02355510 0.03056839 0.02744448 0.00814820 0.03164854 0.02983672 0.02653941 0.01036299 0.02807240 0.03451071 0.03228714 0.03170853 0.02922102 0.02627901 0.02920286 0.02186103 0.02642660 0.02881981 0.03599284 0.03335615 0.02633579 0.03381610 0.02169862 0.02368496 0.03243132 0.03368756 0.01747009 0.03374145 0.03325436 0.02831853 0.03322595 0.03351206 0.05364338 0.03042394 0.03615418 0.03217850 0.03084355 0.03652002 0.03089268 0.03240858 0.03576366 0.01952895 0.02296796 0.02662080 0.02771492 0.03421865 0.03650941 0.03850191 0.02814528 0.03128034 0.03243419 0.03480296 0.02713570 0.03310289 0.03460955 0.03406512 0.03064925 0.03366004 0.02665785 0.03513118 0.03364861 0.02741117 
