55
eleutheronema_tetradactylum  0.00000000 0.03413418 0.13797021 0.03647427 0.04036958 0.04630326 0.06189760 0.03397429 0.03111451 0.03602127 0.17728165 0.03473387 0.09884972 0.05730294 0.28419587 0.04744463 0.03081832 0.04824181 0.03259761 0.05079297 0.04854814 0.07616904 0.03706997 0.03603036 0.13975439 0.03367709 0.08553329 0.10261313 0.06020505 0.12056210 0.04940372 0.03489751 0.07274473 0.11862811 0.08912625 0.06645799 0.03295768 0.00809480 0.06731995 0.03209319 0.03480189 0.03721357 0.03477008 0.04290536 0.05492070 0.05074366 0.03142266 0.04293755 0.03249219 0.04139573 0.06969743 0.04926020 0.03707140 0.05232441 0.27661486 
sphyranea_sphyranea          0.03413418 0.00000000 0.12892100 0.03086292 0.03499352 0.04049098 0.05542587 0.02943868 0.02556889 0.03072443 0.17015873 0.02908815 0.09457879 0.05132870 0.27612524 0.04149373 0.02535499 0.04311981 0.02608444 0.04481169 0.04276310 0.06934243 0.03186808 0.01785747 0.13409532 0.02917588 0.07960694 0.09508816 0.05395039 0.11261304 0.04352216 0.02985014 0.06630316 0.11161642 0.08258713 0.06042919 0.02704632 0.03418958 0.06017921 0.02651273 0.02936127 0.03129536 0.02953063 0.03695024 0.04909553 0.04545510 0.02511837 0.03681989 0.02603194 0.03500242 0.06370227 0.04310399 0.03121746 0.04604396 0.26401493 
lampris_guttatus             0.13797021 0.12892100 0.00000000 0.13486563 0.13791060 0.13932143 0.15593256 0.12536265 0.13098014 0.13441892 0.19450900 0.13172381 0.19107702 0.14190171 0.29597469 0.13311986 0.12939469 0.12858684 0.12723164 0.13758798 0.14535416 0.16551364 0.13514848 0.12864616 0.23029232 0.12961702 0.17888871 0.19110014 0.15425439 0.19815580 0.14603627 0.13403581 0.11424256 0.20341991 0.16704949 0.16029068 0.13146863 0.13713790 0.15784529 0.12947114 0.13093911 0.13614134 0.13321440 0.14188234 0.13817561 0.14746471 0.12855037 0.14195427 0.13058123 0.13834093 0.16528130 0.14651835 0.13636739 0.14666471 0.35021048 
chloroscombrus_orqueta       0.03647427 0.03086292 0.13486563 0.00000000 0.03733558 0.04247573 0.05846442 0.01140275 0.01773101 0.00931037 0.17581459 0.02248275 0.09584804 0.05455738 0.28374316 0.04437841 0.02762649 0.04529096 0.02921352 0.04692226 0.04490682 0.07172652 0.01233990 0.03246386 0.13543499 0.00875311 0.08160368 0.09705046 0.05667375 0.11634155 0.04550953 0.00867726 0.06972950 0.11451303 0.08704951 0.06224051 0.02069477 0.03642645 0.06286056 0.01991406 0.01069424 0.03383744 0.02299548 0.03976314 0.05192688 0.04742646 0.02813858 0.03939333 0.02840917 0.02916528 0.06564640 0.03717597 0.03383187 0.04907987 0.27208943 
citharoides_macrolepis       0.04036958 0.03499352 0.13791060 0.03733558 0.00000000 0.04485030 0.05399959 0.03570987 0.03240255 0.03747148 0.17703000 0.03599185 0.09170907 0.05893576 0.28288787 0.04960740 0.03268255 0.04161782 0.03348066 0.05206032 0.04073029 0.06625283 0.03836862 0.03615523 0.13025507 0.03551843 0.07768291 0.09236078 0.05229532 0.10997680 0.04140462 0.03624938 0.07332369 0.10779623 0.08934851 0.05776287 0.03375908 0.04067803 0.03540670 0.03354876 0.03541447 0.03839672 0.03618354 0.04413924 0.05677788 0.04314301 0.03293909 0.04393637 0.03330113 0.04235224 0.06218525 0.05051650 0.03879435 0.04475338 0.27634169 
psettodes_eneumeri           0.04630326 0.04049098 0.13932143 0.04247573 0.04485030 0.00000000 0.06457141 0.04036430 0.03682096 0.04221686 0.18085187 0.04154762 0.10319345 0.06336856 0.28663590 0.05405391 0.03790856 0.05281080 0.03877315 0.05737114 0.05347076 0.08012963 0.04349494 0.04184063 0.13965876 0.04091966 0.08920477 0.10511272 0.06290865 0.12057531 0.05422727 0.04170146 0.07870002 0.11928840 0.09449519 0.06944107 0.03962579 0.04636092 0.06777735 0.03889016 0.04155040 0.04421938 0.04168612 0.04939341 0.06148918 0.05632014 0.03823476 0.04936973 0.03859790 0.04794996 0.07415106 0.05617767 0.04383899 0.05654432 0.27498005 
mancopsetta_milfordi         0.06189760 0.05542587 0.15593256 0.05846442 0.05399959 0.06457141 0.00000000 0.05635053 0.05315117 0.05802522 0.19919589 0.05733762 0.10422478 0.08044230 0.30376652 0.07010598 0.05361096 0.05448441 0.05428088 0.07336931 0.05632698 0.08163710 0.05945669 0.05709956 0.14300535 0.05633284 0.08818757 0.10678839 0.00149094 0.12208377 0.05684811 0.05758336 0.09496276 0.11885949 0.10860328 0.06859505 0.05516022 0.06237593 0.07591982 0.05421774 0.05662787 0.06037927 0.05739481 0.06610133 0.07755010 0.05933523 0.05467992 0.06550384 0.05388013 0.06250440 0.07507955 0.07120383 0.05978038 0.05787641 0.29651305 
decapterus_maruadsi          0.03397429 0.02943868 0.12536265 0.01140275 0.03570987 0.04036430 0.05635053 0.00000000 0.01704896 0.01112827 0.16176802 0.02172456 0.09165088 0.05086271 0.26933646 0.04171559 0.02622508 0.04439280 0.02727522 0.04380928 0.04271810 0.06859784 0.01217457 0.03038767 0.12908183 0.00960456 0.07864638 0.09187170 0.05453847 0.11061760 0.04384008 0.00974291 0.06525883 0.10783994 0.08091844 0.05906328 0.01995930 0.03447222 0.06018736 0.01931918 0.00556966 0.03225050 0.02172637 0.03736755 0.04860013 0.04568727 0.02688582 0.03739286 0.02665511 0.02726484 0.06314946 0.03492683 0.03218554 0.04665017 0.24997989 
seriola_zonata               0.03111451 0.02556889 0.13098014 0.01773101 0.03240255 0.03682096 0.05315117 0.01704896 0.00000000 0.01749627 0.17211934 0.01662867 0.09234637 0.04928004 0.28087400 0.03909738 0.02139447 0.04174406 0.02326080 0.04181093 0.04040065 0.06916284 0.01820252 0.02705267 0.13285651 0.01618610 0.07690645 0.09555323 0.05207265 0.11387164 0.04117788 0.01635595 0.06519831 0.11147405 0.08250225 0.05721253 0.01439938 0.03138129 0.06004263 0.01389183 0.01654061 0.02745006 0.01702379 0.03382261 0.04692927 0.04271771 0.02246844 0.03355360 0.02255216 0.02380558 0.06162750 0.03199472 0.02782144 0.04432330 0.27022026 
alepes_kleinii               0.03602127 0.03072443 0.13441892 0.00931037 0.03747148 0.04221686 0.05802522 0.01112827 0.01749627 0.00000000 0.17533752 0.02225796 0.09669407 0.05420114 0.28156198 0.04441311 0.02721826 0.04522668 0.02927299 0.04673302 0.04460824 0.07246788 0.01246552 0.03205996 0.13576351 0.00889277 0.08164499 0.09807401 0.05625904 0.11531783 0.04535158 0.00857852 0.06940409 0.11400877 0.08646735 0.06195010 0.02068605 0.03607169 0.06309273 0.01996810 0.01083910 0.03362450 0.02296656 0.03947647 0.05146339 0.04742730 0.02793318 0.03928602 0.02838019 0.02914766 0.06574259 0.03686995 0.03350627 0.04892751 0.27134933 
ceratoscopelus_warmingii     0.17728165 0.17015873 0.19450900 0.17581459 0.17703000 0.18085187 0.19919589 0.16176802 0.17211934 0.17533752 0.00000000 0.17104536 0.23566321 0.17900296 0.32910815 0.17123354 0.17001279 0.16106875 0.16797412 0.17848955 0.18428837 0.20692646 0.17625094 0.16922982 0.27514372 0.16607100 0.22218462 0.22732385 0.19611438 0.23974436 0.18595785 0.17405439 0.15477203 0.23703850 0.20921443 0.20226256 0.17119451 0.17841295 0.19273057 0.16968722 0.16914685 0.17822907 0.17369058 0.18302008 0.18014162 0.18679090 0.17050193 0.18438566 0.17175657 0.17770907 0.20696565 0.18650762 0.17728887 0.18517660 0.40277695 
scomberoides_commersonnianus 0.03473387 0.02908815 0.13172381 0.02248275 0.03599185 0.04154762 0.05733762 0.02172456 0.01662867 0.02225796 0.17104536 0.00000000 0.09568465 0.05199079 0.28074648 0.04254192 0.02535890 0.04416624 0.02749332 0.04492846 0.04367489 0.07157349 0.02317030 0.03055294 0.13624996 0.02124457 0.08059959 0.09732243 0.05575205 0.11593150 0.04446773 0.02131432 0.06721459 0.11350433 0.08502906 0.06068916 0.01497390 0.03456729 0.06284375 0.01482032 0.02135945 0.03175994 0.02076566 0.03739558 0.04967404 0.04613474 0.02637368 0.03724700 0.02667929 0.02729236 0.06529502 0.03541170 0.03190402 0.04767844 0.27039656 
samariscus_xenicus           0.09884972 0.09457879 0.19107702 0.09584804 0.09170907 0.10319345 0.10422478 0.09165088 0.09234637 0.09669407 0.23566321 0.09568465 0.00000000 0.11821936 0.33412792 0.10848501 0.09241928 0.08654349 0.09396610 0.11131200 0.09430273 0.11473577 0.09671710 0.09737778 0.17037320 0.09307422 0.12616890 0.13660937 0.10162429 0.15010754 0.09445680 0.09640992 0.13384320 0.14722753 0.14389950 0.10687066 0.09419675 0.10001597 0.11046741 0.09272794 0.09513519 0.09952356 0.09638313 0.10527813 0.11490828 0.09603693 0.09318271 0.10484946 0.09348755 0.10259747 0.10771480 0.11016756 0.09893563 0.09203385 0.32695130 
kurtus_gulliveri             0.05730294 0.05132870 0.14190171 0.05455738 0.05893576 0.06336856 0.08044230 0.05086271 0.04928004 0.05420114 0.17900296 0.05199079 0.11821936 0.00000000 0.29092980 0.05298741 0.04851143 0.06348236 0.04918572 0.05880998 0.06588540 0.09252459 0.05483372 0.05311349 0.15669150 0.05174724 0.10397973 0.11902769 0.07828120 0.13608731 0.06678254 0.05318518 0.07656146 0.13410886 0.09561565 0.08351791 0.05053454 0.05714695 0.08439027 0.04997542 0.05241843 0.05522002 0.05303473 0.06053203 0.03683188 0.06862489 0.04882699 0.06048466 0.05003372 0.05941569 0.08686835 0.06693516 0.05459022 0.06938342 0.28111035 
gadus_morhua                 0.28419587 0.27612524 0.29597469 0.28374316 0.28288787 0.28663590 0.30376652 0.26933646 0.28087400 0.28156198 0.32910815 0.28074648 0.33412792 0.29092980 0.00000000 0.28491615 0.27963780 0.26103546 0.28096702 0.28724246 0.29409221 0.31548236 0.28458529 0.28139291 0.37459001 0.27240967 0.32875382 0.33464091 0.30128742 0.33070475 0.29362713 0.28411812 0.26885189 0.33447955 0.31769896 0.31018841 0.27994961 0.28603341 0.29231291 0.27591234 0.27625338 0.28825109 0.28352078 0.29551071 0.28800066 0.29593039 0.27682327 0.29424067 0.28291198 0.29008925 0.31387693 0.29843523 0.28493471 0.29323017 0.49757121 
scomber_scombrus             0.04744463 0.04149373 0.13311986 0.04437841 0.04960740 0.05405391 0.07010598 0.04171559 0.03909738 0.04441311 0.17123354 0.04254192 0.10848501 0.05298741 0.28491615 0.00000000 0.03857535 0.05505135 0.03975452 0.04839533 0.05615381 0.08361403 0.04484932 0.04331155 0.14992972 0.04228171 0.09442683 0.11010446 0.06849300 0.12922711 0.05757064 0.04333042 0.06877340 0.12755048 0.08056420 0.07383078 0.04056318 0.04726485 0.07653417 0.03969909 0.04254558 0.04503310 0.04274117 0.05051228 0.05029174 0.05867951 0.03877504 0.05024950 0.04006295 0.04912390 0.07791538 0.05687676 0.04449204 0.06024740 0.26889328 
toxotes_jaculatrix           0.03081832 0.02535499 0.12939469 0.02762649 0.03268255 0.03790856 0.05361096 0.02622508 0.02139447 0.02721826 0.17001279 0.02535890 0.09241928 0.04851143 0.27963780 0.03857535 0.00000000 0.04150577 0.02339032 0.04152324 0.04013654 0.06872031 0.02793864 0.02701425 0.13235753 0.02577338 0.07752943 0.09478176 0.05197836 0.11356792 0.04124547 0.02599409 0.06400973 0.11115332 0.08214231 0.05717335 0.02322484 0.03072535 0.05981793 0.02275829 0.02611820 0.02703900 0.02554514 0.03286012 0.04646236 0.04267108 0.02204153 0.03257952 0.01908914 0.03198191 0.06140742 0.03975849 0.02728929 0.04432099 0.26765197 
scophthalmus_rhombus         0.04824181 0.04311981 0.12858684 0.04529096 0.04161782 0.05281080 0.05448441 0.04439280 0.04174406 0.04522668 0.16106875 0.04416624 0.08654349 0.06348236 0.26103546 0.05505135 0.04150577 0.00000000 0.04210626 0.05636406 0.04077195 0.06115062 0.04604155 0.04471426 0.12056112 0.04422835 0.07527240 0.08261239 0.05336442 0.09621899 0.04126227 0.04483624 0.07574225 0.09487781 0.08603143 0.05879012 0.04265960 0.04877992 0.06200268 0.04238479 0.04440506 0.04725689 0.04451218 0.05158542 0.06147901 0.04306232 0.04257221 0.05130949 0.04232195 0.04876860 0.06223963 0.05660320 0.04664459 0.04603983 0.24032280 
centropomus_medius           0.03259761 0.02608444 0.12723164 0.02921352 0.03348066 0.03877315 0.05428088 0.02727522 0.02326080 0.02927299 0.16797412 0.02749332 0.09396610 0.04918572 0.28096702 0.03975452 0.02339032 0.04210626 0.00000000 0.04181094 0.04134229 0.06757695 0.03001228 0.02648148 0.13386110 0.02719660 0.07807392 0.09465731 0.05299953 0.11217927 0.04211493 0.02815499 0.06546433 0.11006398 0.08139050 0.05812314 0.02506103 0.03248332 0.05963218 0.02477031 0.02778944 0.02945079 0.02767794 0.03492109 0.04719724 0.04370956 0.02295420 0.03461532 0.02365841 0.03410847 0.06261314 0.04223670 0.02957206 0.04488314 0.26803215 
acanthurus_bahianus          0.05079297 0.04481169 0.13758798 0.04692226 0.05206032 0.05737114 0.07336931 0.04380928 0.04181093 0.04673302 0.17848955 0.04492846 0.11131200 0.05880998 0.28724246 0.04839533 0.04152324 0.05636406 0.04181094 0.00000000 0.05918259 0.08541188 0.04757828 0.04486359 0.15084629 0.04451550 0.09763118 0.11112476 0.07140100 0.12735748 0.05998569 0.04608293 0.07356331 0.12706585 0.09125200 0.07690703 0.04384292 0.05070229 0.07769730 0.04284064 0.04525380 0.04807525 0.04588141 0.05355585 0.05594307 0.06109334 0.04159246 0.05335127 0.04305820 0.05228033 0.08053742 0.05995673 0.04818623 0.06308300 0.27859000 
paralichthys_albigutta       0.04854814 0.04276310 0.14535416 0.04490682 0.04073029 0.05347076 0.05632698 0.04271810 0.04040065 0.04460824 0.18428837 0.04367489 0.09430273 0.06588540 0.29409221 0.05615381 0.04013654 0.04077195 0.04134229 0.05918259 0.00000000 0.05823466 0.04555343 0.04414276 0.13200016 0.04296237 0.08096900 0.08460809 0.05465205 0.10369856 0.00928632 0.04391312 0.08118154 0.10042571 0.09609639 0.06065543 0.04163626 0.04868103 0.06479273 0.04103539 0.04330344 0.04653699 0.04376354 0.05164469 0.06367723 0.01775481 0.04068256 0.05132358 0.04101710 0.04937834 0.06499178 0.05790361 0.04632288 0.04736934 0.28519138 
cyclopsetta_fimbriata        0.07616904 0.06934243 0.16551364 0.07172652 0.06625283 0.08012963 0.08163710 0.06859784 0.06916284 0.07246788 0.20692646 0.07157349 0.11473577 0.09252459 0.31548236 0.08361403 0.06872031 0.06115062 0.06757695 0.08541188 0.05823466 0.00000000 0.07291240 0.07002914 0.15277660 0.06936210 0.10623236 0.07357287 0.07961775 0.11083766 0.05847053 0.07154046 0.10894172 0.10782162 0.11685118 0.08609856 0.07035869 0.07519078 0.08446183 0.06914645 0.06964934 0.07520271 0.07183538 0.07981319 0.09125978 0.06046956 0.06878796 0.07974472 0.06908923 0.07643377 0.08904351 0.08489006 0.07485609 0.07161184 0.30806422 
alectis_indicus              0.03706997 0.03186808 0.13514848 0.01233990 0.03836862 0.04349494 0.05945669 0.01217457 0.01820252 0.01246552 0.17625094 0.02317030 0.09671710 0.05483372 0.28458529 0.04484932 0.02793864 0.04604155 0.03001228 0.04757828 0.04555343 0.07291240 0.00000000 0.03334714 0.13740472 0.01082319 0.08231156 0.09911787 0.05778306 0.11804201 0.04648474 0.01037310 0.07025441 0.11579159 0.08801109 0.06259133 0.02140406 0.03714360 0.06514278 0.02058927 0.01178978 0.03407686 0.02338961 0.04002868 0.05213731 0.04803992 0.02877149 0.03969623 0.02912600 0.02912170 0.06567819 0.03783345 0.03447689 0.04971868 0.27721008 
sphyraena_putnamae           0.03603036 0.01785747 0.12864616 0.03246386 0.03615523 0.04184063 0.05709956 0.03038767 0.02705267 0.03205996 0.16922982 0.03055294 0.09737778 0.05311349 0.28139291 0.04331155 0.02701425 0.04471426 0.02648148 0.04486359 0.04414276 0.07002914 0.03334714 0.00000000 0.13641129 0.03085673 0.08145107 0.09692495 0.05553836 0.11492992 0.04481180 0.03157547 0.06752181 0.11320584 0.08277194 0.06185378 0.02821609 0.03569803 0.06152454 0.02779193 0.03056635 0.03318911 0.03105686 0.03821374 0.05026033 0.04664701 0.02675754 0.03833097 0.02771057 0.03636643 0.06571000 0.04483671 0.03307132 0.04761895 0.26837469 
symphurus_plagiusa           0.13975439 0.13409532 0.23029232 0.13543499 0.13025507 0.13965876 0.14300535 0.12908183 0.13285651 0.13576351 0.27514372 0.13624996 0.17037320 0.15669150 0.37459001 0.14992972 0.13235753 0.12056112 0.13386110 0.15084629 0.13200016 0.15277660 0.13740472 0.13641129 0.00000000 0.13242689 0.16497824 0.17429152 0.14092294 0.18186061 0.13312258 0.13681560 0.17358266 0.18336303 0.17840107 0.14451212 0.13455219 0.14079263 0.14969136 0.13251127 0.13381624 0.14041591 0.13663250 0.14682674 0.15628032 0.13515210 0.13453903 0.14627771 0.13482606 0.14280428 0.13730122 0.15036333 0.13758211 0.12515513 0.37637352 
megalaspis_cordyla           0.03367709 0.02917588 0.12961702 0.00875311 0.03551843 0.04091966 0.05633284 0.00960456 0.01618610 0.00889277 0.16607100 0.02124457 0.09307422 0.05174724 0.27240967 0.04228171 0.02577338 0.04422835 0.02719660 0.04451550 0.04296237 0.06936210 0.01082319 0.03085673 0.13242689 0.00000000 0.07941865 0.09379322 0.05473981 0.11115385 0.04369845 0.00361574 0.06689137 0.10941128 0.08269657 0.05989457 0.01908220 0.03423790 0.06116546 0.01853082 0.00929678 0.03176860 0.02116966 0.03765899 0.04936473 0.04530364 0.02614181 0.03724977 0.02667797 0.02734173 0.06304408 0.03504527 0.03194061 0.04693816 0.26093818 
gymnachirus_melas            0.08553329 0.07960694 0.17888871 0.08160368 0.07768291 0.08920477 0.08818757 0.07864638 0.07690645 0.08164499 0.22218462 0.08059959 0.12616890 0.10397973 0.32875382 0.09442683 0.07752943 0.07527240 0.07807392 0.09763118 0.08096900 0.10623236 0.08231156 0.08145107 0.16497824 0.07941865 0.00000000 0.12993122 0.08593851 0.14160537 0.08134881 0.08083725 0.11949164 0.14100280 0.13225859 0.04421750 0.07893212 0.08589782 0.09962979 0.07813632 0.08000000 0.08413643 0.08110269 0.08963591 0.10108455 0.08346068 0.07793097 0.08957910 0.07842028 0.08674903 0.09776589 0.09570301 0.08365839 0.08095923 0.32052397 
etropus_cyclosquamus         0.10261313 0.09508816 0.19110014 0.09705046 0.09236078 0.10511272 0.10678839 0.09187170 0.09555323 0.09807401 0.22732385 0.09732243 0.13660937 0.11902769 0.33464091 0.11010446 0.09478176 0.08261239 0.09465731 0.11112476 0.08460809 0.07357287 0.09911787 0.09692495 0.17429152 0.09379322 0.12993122 0.00000000 0.10442531 0.12715933 0.08416530 0.09791368 0.13500965 0.12523513 0.14007304 0.11119753 0.09651762 0.10206256 0.10589890 0.09513814 0.09552849 0.10211749 0.09832596 0.10649505 0.11649497 0.08603430 0.09555811 0.10633277 0.09592710 0.10338532 0.11405181 0.11188556 0.10109066 0.09626385 0.33369523 
mancopsetta_maculata         0.06020505 0.05395039 0.15425439 0.05667375 0.05229532 0.06290865 0.00149094 0.05453847 0.05207265 0.05625904 0.19611438 0.05575205 0.10162429 0.07828120 0.30128742 0.06849300 0.05197836 0.05336442 0.05299953 0.07140100 0.05465205 0.07961775 0.05778306 0.05553836 0.14092294 0.05473981 0.08593851 0.10442531 0.00000000 0.12032030 0.05527765 0.05581922 0.09260575 0.11685822 0.10653275 0.06652799 0.05356720 0.06046153 0.07396177 0.05261803 0.05488210 0.05854301 0.05578836 0.06425498 0.07546378 0.05766594 0.05293854 0.06375685 0.05276784 0.06131636 0.07410270 0.06983369 0.05815837 0.05629658 0.29178413 
bothus_pantherinus           0.12056210 0.11261304 0.19815580 0.11634155 0.10997680 0.12057531 0.12208377 0.11061760 0.11387164 0.11531783 0.23974436 0.11593150 0.15010754 0.13608731 0.33070475 0.12922711 0.11356792 0.09621899 0.11217927 0.12735748 0.10369856 0.11083766 0.11804201 0.11492992 0.18186061 0.11115385 0.14160537 0.12715933 0.12032030 0.00000000 0.10257366 0.11625155 0.15079010 0.06940604 0.15451545 0.12883252 0.11514216 0.12159074 0.12026760 0.11352769 0.11398924 0.12043923 0.11632326 0.12469095 0.13617815 0.10395941 0.11396836 0.12383819 0.11401040 0.12125706 0.13196223 0.13021133 0.11939133 0.11484783 0.33541156 
hippoglossina_oblonga        0.04940372 0.04352216 0.14603627 0.04550953 0.04140462 0.05422727 0.05684811 0.04384008 0.04117788 0.04535158 0.18595785 0.04446773 0.09445680 0.06678254 0.29362713 0.05757064 0.04124547 0.04126227 0.04211493 0.05998569 0.00928632 0.05847053 0.04648474 0.04481180 0.13312258 0.04369845 0.08134881 0.08416530 0.05527765 0.10257366 0.00000000 0.04451301 0.08268646 0.09962821 0.09578065 0.06130553 0.04263554 0.04935770 0.06499184 0.04194498 0.04415408 0.04731245 0.04469197 0.05251203 0.06462908 0.01845588 0.04173210 0.05221714 0.04199242 0.05031959 0.06497120 0.05866390 0.04714664 0.04794810 0.28546849 
caranx_melampygus            0.03489751 0.02985014 0.13403581 0.00867726 0.03624938 0.04170146 0.05758336 0.00974291 0.01635595 0.00857852 0.17405439 0.02131432 0.09640992 0.05318518 0.28411812 0.04333042 0.02599409 0.04483624 0.02815499 0.04608293 0.04391312 0.07154046 0.01037310 0.03157547 0.13681560 0.00361574 0.08083725 0.09791368 0.05581922 0.11625155 0.04451301 0.00000000 0.06850203 0.11368060 0.08575152 0.06110952 0.01962265 0.03506227 0.06281843 0.01890886 0.00930315 0.03222391 0.02170547 0.03836639 0.05048483 0.04637677 0.02659486 0.03806612 0.02708789 0.02787878 0.06533444 0.03596496 0.03237530 0.04773929 0.27290501 
myripristis_violacea         0.07274473 0.06630316 0.11424256 0.06972950 0.07332369 0.07870002 0.09496276 0.06525883 0.06519831 0.06940409 0.15477203 0.06721459 0.13384320 0.07656146 0.26885189 0.06877340 0.06400973 0.07574225 0.06546433 0.07356331 0.08118154 0.10894172 0.07025441 0.06752181 0.17358266 0.06689137 0.11949164 0.13500965 0.09260575 0.15079010 0.08268646 0.06850203 0.00000000 0.14983844 0.10982842 0.09816998 0.06620121 0.07241415 0.09823221 0.06508896 0.06704170 0.07049874 0.06812673 0.07663490 0.07344864 0.08401834 0.06434329 0.07640428 0.06535244 0.07497064 0.10283604 0.08309708 0.07051176 0.08464197 0.30070028 
crossorhombus_kobensis       0.11862811 0.11161642 0.20341991 0.11451303 0.10779623 0.11928840 0.11885949 0.10783994 0.11147405 0.11400877 0.23703850 0.11350433 0.14722753 0.13410886 0.33447955 0.12755048 0.11115332 0.09487781 0.11006398 0.12706585 0.10042571 0.10782162 0.11579159 0.11320584 0.18336303 0.10941128 0.14100280 0.12523513 0.11685822 0.06940604 0.09962821 0.11368060 0.14983844 0.00000000 0.15260181 0.12646970 0.11341250 0.11787095 0.11854826 0.11252107 0.11174463 0.11821517 0.11447752 0.12407502 0.13377468 0.10066046 0.11132424 0.12297133 0.11223771 0.11985164 0.12965246 0.12823064 0.11588357 0.11190774 0.33363782 
pseudupeneus_maculatus       0.08912625 0.08258713 0.16704949 0.08704951 0.08934851 0.09449519 0.10860328 0.08091844 0.08250225 0.08646735 0.20921443 0.08502906 0.14389950 0.09561565 0.31769896 0.08056420 0.08214231 0.08603143 0.08139050 0.09125200 0.09609639 0.11685118 0.08801109 0.08277194 0.17840107 0.08269657 0.13225859 0.14007304 0.10653275 0.15451545 0.09578065 0.08575152 0.10982842 0.15260181 0.00000000 0.11247938 0.08402705 0.08866430 0.10735234 0.08273401 0.08377090 0.08904979 0.08624407 0.09423743 0.09370380 0.09850347 0.08235078 0.09377738 0.08373785 0.08995763 0.11704850 0.09925404 0.08851087 0.09914758 0.28943257 
trinectes_maculatus          0.06645799 0.06042919 0.16029068 0.06224051 0.05776287 0.06944107 0.06859505 0.05906328 0.05721253 0.06195010 0.20226256 0.06068916 0.10687066 0.08351791 0.31018841 0.07383078 0.05717335 0.05879012 0.05812314 0.07690703 0.06065543 0.08609856 0.06259133 0.06185378 0.14451212 0.05989457 0.04421750 0.11119753 0.06652799 0.12883252 0.06130553 0.06110952 0.09816998 0.12646970 0.11247938 0.00000000 0.05902809 0.06659538 0.08100092 0.05819754 0.06038285 0.06357484 0.06093867 0.06950027 0.08105245 0.06293602 0.05789490 0.06929334 0.05880769 0.06685442 0.07786791 0.07506159 0.06370659 0.06249373 0.30232341 
trachinotus_blochii          0.03295768 0.02704632 0.13146863 0.02069477 0.03375908 0.03962579 0.05516022 0.01995930 0.01439938 0.02068605 0.17119451 0.01497390 0.09419675 0.05053454 0.27994961 0.04056318 0.02322484 0.04265960 0.02506103 0.04384292 0.04163626 0.07035869 0.02140406 0.02821609 0.13455219 0.01908220 0.07893212 0.09651762 0.05356720 0.11514216 0.04263554 0.01962265 0.06620121 0.11341250 0.08402705 0.05902809 0.00000000 0.03309703 0.06117414 0.00255669 0.01933527 0.02920488 0.01833356 0.03504697 0.04835678 0.04389076 0.02406462 0.03493592 0.02429976 0.02459155 0.06331424 0.03307670 0.02993601 0.04581356 0.27024574 
polydactylus_sexfilis        0.00809480 0.03418958 0.13713790 0.03642645 0.04067803 0.04636092 0.06237593 0.03447222 0.03138129 0.03607169 0.17841295 0.03456729 0.10001597 0.05714695 0.28603341 0.04726485 0.03072535 0.04877992 0.03248332 0.05070229 0.04868103 0.07519078 0.03714360 0.03569803 0.14079263 0.03423790 0.08589782 0.10206256 0.06046153 0.12159074 0.04935770 0.03506227 0.07241415 0.11787095 0.08866430 0.06659538 0.03309703 0.00000000 0.06679098 0.03228015 0.03473145 0.03745534 0.03484432 0.04313544 0.05509454 0.05107358 0.03161046 0.04278081 0.03244410 0.04156046 0.06963906 0.04930621 0.03704323 0.05237396 0.27269839 
citharus_linguata            0.06731995 0.06017921 0.15784529 0.06286056 0.03540670 0.06777735 0.07591982 0.06018736 0.06004263 0.06309273 0.19273057 0.06284375 0.11046741 0.08439027 0.29231291 0.07653417 0.05981793 0.06200268 0.05963218 0.07769730 0.06479273 0.08446183 0.06514278 0.06152454 0.14969136 0.06116546 0.09962979 0.10589890 0.07396177 0.12026760 0.06499184 0.06281843 0.09823221 0.11854826 0.10735234 0.08100092 0.06117414 0.06679098 0.00000000 0.06072539 0.06116431 0.06646277 0.06312134 0.07147168 0.08245495 0.06739660 0.06016065 0.07110626 0.06008478 0.06880249 0.08598486 0.07674067 0.06516985 0.06812558 0.29271025 
trachinotus_ovatus           0.03209319 0.02651273 0.12947114 0.01991406 0.03354876 0.03889016 0.05421774 0.01931918 0.01389183 0.01996810 0.16968722 0.01482032 0.09272794 0.04997542 0.27591234 0.03969909 0.02275829 0.04238479 0.02477031 0.04284064 0.04103539 0.06914645 0.02058927 0.02779193 0.13251127 0.01853082 0.07813632 0.09513814 0.05261803 0.11352769 0.04194498 0.01890886 0.06508896 0.11252107 0.08273401 0.05819754 0.00255669 0.03228015 0.06072539 0.00000000 0.01876397 0.02866560 0.01770883 0.03440228 0.04771401 0.04308196 0.02352651 0.03432584 0.02372826 0.02446106 0.06225697 0.03225279 0.02923743 0.04510833 0.26280971 
trachurus_trachurus          0.03480189 0.02936127 0.13093911 0.01069424 0.03541447 0.04155040 0.05662787 0.00556966 0.01654061 0.01083910 0.16914685 0.02135945 0.09513519 0.05241843 0.27625338 0.04254558 0.02611820 0.04440506 0.02778944 0.04525380 0.04330344 0.06964934 0.01178978 0.03056635 0.13381624 0.00929678 0.08000000 0.09552849 0.05488210 0.11398924 0.04415408 0.00930315 0.06704170 0.11174463 0.08377090 0.06038285 0.01933527 0.03473145 0.06116431 0.01876397 0.00000000 0.03248607 0.02162151 0.03790602 0.04956099 0.04616207 0.02652051 0.03774765 0.02706508 0.02779152 0.06414371 0.03565175 0.03249491 0.04744143 0.26766855 
xiphius_gladius              0.03721357 0.03129536 0.13614134 0.03383744 0.03839672 0.04421938 0.06037927 0.03225050 0.02745006 0.03362450 0.17822907 0.03175994 0.09952356 0.05522002 0.28825109 0.04503310 0.02703900 0.04725689 0.02945079 0.04807525 0.04653699 0.07520271 0.03407686 0.03318911 0.14041591 0.03176860 0.08413643 0.10211749 0.05854301 0.12043923 0.04731245 0.03222391 0.07049874 0.11821517 0.08904979 0.06357484 0.02920488 0.03745534 0.06646277 0.02866560 0.03248607 0.00000000 0.03137443 0.03076854 0.05287669 0.04859376 0.02848705 0.03043180 0.02827162 0.03805274 0.06762143 0.04647225 0.03258147 0.05023903 0.27506869 
rachycentron_canadum         0.03477008 0.02953063 0.13321440 0.02299548 0.03618354 0.04168612 0.05739481 0.02172637 0.01702379 0.02296656 0.17369058 0.02076566 0.09638313 0.05303473 0.28352078 0.04274117 0.02554514 0.04451218 0.02767794 0.04588141 0.04376354 0.07183538 0.02338961 0.03105686 0.13663250 0.02116966 0.08110269 0.09832596 0.05578836 0.11632326 0.04469197 0.02170547 0.06812673 0.11447752 0.08624407 0.06093867 0.01833356 0.03484432 0.06312134 0.01770883 0.02162151 0.03137443 0.00000000 0.03754898 0.05020650 0.04614353 0.02652420 0.03726530 0.02657705 0.01500624 0.06513146 0.02866901 0.03226242 0.04760534 0.27258826 
tetrapturus_angustirostris   0.04290536 0.03695024 0.14188234 0.03976314 0.04413924 0.04939341 0.06610133 0.03736755 0.03382261 0.03947647 0.18302008 0.03739558 0.10527813 0.06053203 0.29551071 0.05051228 0.03286012 0.05158542 0.03492109 0.05355585 0.05164469 0.07981319 0.04002868 0.03821374 0.14682674 0.03765899 0.08963591 0.10649505 0.06425498 0.12469095 0.05251203 0.03836639 0.07663490 0.12407502 0.09423743 0.06950027 0.03504697 0.04313544 0.07147168 0.03440228 0.03790602 0.03076854 0.03754898 0.00000000 0.05832513 0.05406388 0.03407219 0.00289575 0.03442373 0.04356387 0.07355525 0.05182400 0.03815876 0.05553629 0.28382545 
apogon_lateralis             0.05492070 0.04909553 0.13817561 0.05192688 0.05677788 0.06148918 0.07755010 0.04860013 0.04692927 0.05146339 0.18014162 0.04967404 0.11490828 0.03683188 0.28800066 0.05029174 0.04646236 0.06147901 0.04719724 0.05594307 0.06367723 0.09125978 0.05213731 0.05026033 0.15628032 0.04936473 0.10108455 0.11649497 0.07546378 0.13617815 0.06462908 0.05048483 0.07344864 0.13377468 0.09370380 0.08105245 0.04835678 0.05509454 0.08245495 0.04771401 0.04956099 0.05287669 0.05020650 0.05832513 0.00000000 0.06610011 0.04650615 0.05815593 0.04769373 0.05591299 0.08471891 0.06383352 0.05274398 0.06678663 0.27885335 
hypopsetta_guttulata         0.05074366 0.04545510 0.14746471 0.04742646 0.04314301 0.05632014 0.05933523 0.04568727 0.04271771 0.04742730 0.18679090 0.04613474 0.09603693 0.06862489 0.29593039 0.05867951 0.04267108 0.04306232 0.04370956 0.06109334 0.01775481 0.06046956 0.04803992 0.04664701 0.13515210 0.04530364 0.08346068 0.08603430 0.05766594 0.10395941 0.01845588 0.04637677 0.08401834 0.10066046 0.09850347 0.06293602 0.04389076 0.05107358 0.06739660 0.04308196 0.04616207 0.04859376 0.04614353 0.05406388 0.06610011 0.00000000 0.04320253 0.05389460 0.04364913 0.05165396 0.06740188 0.06023985 0.04895862 0.04952841 0.28800856 
lates_calcarifer             0.03142266 0.02511837 0.12855037 0.02813858 0.03293909 0.03823476 0.05467992 0.02688582 0.02246844 0.02793318 0.17050193 0.02637368 0.09318271 0.04882699 0.27682327 0.03877504 0.02204153 0.04257221 0.02295420 0.04159246 0.04068256 0.06878796 0.02877149 0.02675754 0.13453903 0.02614181 0.07793097 0.09555811 0.05293854 0.11396836 0.04173210 0.02659486 0.06434329 0.11132424 0.08235078 0.05789490 0.02406462 0.03161046 0.06016065 0.02352651 0.02652051 0.02848705 0.02652420 0.03407219 0.04650615 0.04320253 0.00000000 0.03389751 0.02321732 0.03295220 0.06245341 0.04121827 0.02881181 0.04488151 0.26868402 
istiophorus_platypterus      0.04293755 0.03681989 0.14195427 0.03939333 0.04393637 0.04936973 0.06550384 0.03739286 0.03355360 0.03928602 0.18438566 0.03724700 0.10484946 0.06048466 0.29424067 0.05024950 0.03257952 0.05130949 0.03461532 0.05335127 0.05132358 0.07974472 0.03969623 0.03833097 0.14627771 0.03724977 0.08957910 0.10633277 0.06375685 0.12383819 0.05221714 0.03806612 0.07640428 0.12297133 0.09377738 0.06929334 0.03493592 0.04278081 0.07110626 0.03432584 0.03774765 0.03043180 0.03726530 0.00289575 0.05815593 0.05389460 0.03389751 0.00000000 0.03407635 0.04343039 0.07333615 0.05146517 0.03778780 0.05558800 0.28412495 
leptobrama_muelleri          0.03249219 0.02603194 0.13058123 0.02840917 0.03330113 0.03859790 0.05388013 0.02665511 0.02255216 0.02838019 0.17175657 0.02667929 0.09348755 0.05003372 0.28291198 0.04006295 0.01908914 0.04232195 0.02365841 0.04305820 0.04101710 0.06908923 0.02912600 0.02771057 0.13482606 0.02667797 0.07842028 0.09592710 0.05276784 0.11401040 0.04199242 0.02708789 0.06535244 0.11223771 0.08373785 0.05880769 0.02429976 0.03244410 0.06008478 0.02372826 0.02706508 0.02827162 0.02657705 0.03442373 0.04769373 0.04364913 0.02321732 0.03407635 0.00000000 0.03320429 0.06326784 0.04149915 0.02851572 0.04501075 0.27042364 
coryphaena_hippurus          0.04139573 0.03500242 0.13834093 0.02916528 0.04235224 0.04794996 0.06250440 0.02726484 0.02380558 0.02914766 0.17770907 0.02729236 0.10259747 0.05941569 0.29008925 0.04912390 0.03198191 0.04876860 0.03410847 0.05228033 0.04937834 0.07643377 0.02912170 0.03636643 0.14280428 0.02734173 0.08674903 0.10338532 0.06131636 0.12125706 0.05031959 0.02787878 0.07497064 0.11985164 0.08995763 0.06685442 0.02459155 0.04156046 0.06880249 0.02446106 0.02779152 0.03805274 0.01500624 0.04356387 0.05591299 0.05165396 0.03295220 0.04343039 0.03320429 0.00000000 0.07102664 0.03465158 0.03874657 0.05286385 0.27773078 
parachirus_xenicus           0.06969743 0.06370227 0.16528130 0.06564640 0.06218525 0.07415106 0.07507955 0.06314946 0.06162750 0.06574259 0.20696565 0.06529502 0.10771480 0.08686835 0.31387693 0.07791538 0.06140742 0.06223963 0.06261314 0.08053742 0.06499178 0.08904351 0.06567819 0.06571000 0.13730122 0.06304408 0.09776589 0.11405181 0.07410270 0.13196223 0.06497120 0.06533444 0.10283604 0.12965246 0.11704850 0.07786791 0.06331424 0.06963906 0.08598486 0.06225697 0.06414371 0.06762143 0.06513146 0.07355525 0.08471891 0.06740188 0.06245341 0.07333615 0.06326784 0.07102664 0.00000000 0.07889518 0.06770623 0.05715358 0.30498075 
echeneis_cf_naucratoides     0.04926020 0.04310399 0.14651835 0.03717597 0.05051650 0.05617767 0.07120383 0.03492683 0.03199472 0.03686995 0.18650762 0.03541170 0.11016756 0.06693516 0.29843523 0.05687676 0.03975849 0.05660320 0.04223670 0.05995673 0.05790361 0.08489006 0.03783345 0.04483671 0.15036333 0.03504527 0.09570301 0.11188556 0.06983369 0.13021133 0.05866390 0.03596496 0.08309708 0.12823064 0.09925404 0.07506159 0.03307670 0.04930621 0.07674067 0.03225279 0.03565175 0.04647225 0.02866901 0.05182400 0.06383352 0.06023985 0.04121827 0.05146517 0.04149915 0.03465158 0.07889518 0.00000000 0.04715426 0.06150918 0.28754475 
mene_maculatus               0.03707140 0.03121746 0.13636739 0.03383187 0.03879435 0.04383899 0.05978038 0.03218554 0.02782144 0.03350627 0.17728887 0.03190402 0.09893563 0.05459022 0.28493471 0.04449204 0.02728929 0.04664459 0.02957206 0.04818623 0.04632288 0.07485609 0.03447689 0.03307132 0.13758211 0.03194061 0.08365839 0.10109066 0.05815837 0.11939133 0.04714664 0.03237530 0.07051176 0.11588357 0.08851087 0.06370659 0.02993601 0.03704323 0.06516985 0.02923743 0.03249491 0.03258147 0.03226242 0.03815876 0.05274398 0.04895862 0.02881181 0.03778780 0.02851572 0.03874657 0.06770623 0.04715426 0.00000000 0.05073431 0.27487289 
poecilopsetta_plinthus       0.05232441 0.04604396 0.14666471 0.04907987 0.04475338 0.05654432 0.05787641 0.04665017 0.04432330 0.04892751 0.18517660 0.04767844 0.09203385 0.06938342 0.29323017 0.06024740 0.04432099 0.04603983 0.04488314 0.06308300 0.04736934 0.07161184 0.04971868 0.04761895 0.12515513 0.04693816 0.08095923 0.09626385 0.05629658 0.11484783 0.04794810 0.04773929 0.08464197 0.11190774 0.09914758 0.06249373 0.04581356 0.05237396 0.06812558 0.04510833 0.04744143 0.05023903 0.04760534 0.05553629 0.06678663 0.04952841 0.04488151 0.05558800 0.04501075 0.05286385 0.05715358 0.06150918 0.05073431 0.00000000 0.28283961 
syngnathus_fuscus            0.27661486 0.26401493 0.35021048 0.27208943 0.27634169 0.27498005 0.29651305 0.24997989 0.27022026 0.27134933 0.40277695 0.27039656 0.32695130 0.28111035 0.49757121 0.26889328 0.26765197 0.24032280 0.26803215 0.27859000 0.28519138 0.30806422 0.27721008 0.26837469 0.37637352 0.26093818 0.32052397 0.33369523 0.29178413 0.33541156 0.28546849 0.27290501 0.30070028 0.33363782 0.28943257 0.30232341 0.27024574 0.27269839 0.29271025 0.26280971 0.26766855 0.27506869 0.27258826 0.28382545 0.27885335 0.28800856 0.26868402 0.28412495 0.27042364 0.27773078 0.30498075 0.28754475 0.27487289 0.28283961 0.00000000 
