10
anolis_carolinensis        0.00000000 8.99999976 7.17243780 7.70971706 7.41884071 6.44779516 4.28029028 6.64133395 5.95831332 3.73435083 
homo_sapiens               8.99999976 0.00000000 8.99999977 7.64208926 7.35265880 6.38875432 4.52339537 6.61569693 6.25451790 4.38624594 
pantherophis_guttata       7.17243780 8.99999977 0.00000000 8.99999975 8.99999974 8.99999971 6.54418585 8.99999958 8.66139818 5.91661537 
zebra_finch                7.70971706 7.64208926 8.99999975 0.00000000 2.40727246 3.07121929 1.98165706 3.50006838 3.37119476 2.34337160 
gallus_gallus              7.41884071 7.35265880 8.99999974 2.40727246 0.00000000 2.79686827 1.79552212 3.19668173 3.10308226 2.15590534 
alligator_mississippiensis 6.44779516 6.38875432 8.99999971 3.07121929 2.79686827 0.00000000 0.18086092 2.16036051 2.20997678 1.54076685 
crocodylus_porosus         4.28029028 4.52339537 6.54418585 1.98165706 1.79552212 0.18086092 0.00000000 1.32819869 1.62437905 1.53978490 
chrysemys_picta            6.64133395 6.61569693 8.99999958 3.50006838 3.19668173 2.16036051 1.32819869 0.00000000 1.37515883 1.64387311 
pelomedusa_subrufa         5.95831332 6.25451790 8.66139818 3.37119476 3.10308226 2.20997678 1.62437905 1.37515883 0.00000000 1.94374927 
sphenodon_tuatara          3.73435083 4.38624594 5.91661537 2.34337160 2.15590534 1.54076685 1.53978490 1.64387311 1.94374927 0.00000000 
