10
anolis_carolinensis        0.00000000 8.99999967 8.99999970 8.99999975 8.99999965 8.99999975 8.99999959 8.99999976 8.99999959 8.99999968 
homo_sapiens               8.99999967 0.00000000 8.99999968 8.99999976 8.99999975 8.99999964 8.99999969 8.99999973 8.99999973 8.99999958 
pantherophis_guttata       8.99999970 8.99999968 0.00000000 8.99999968 8.99999967 8.99999960 8.99999978 8.99999960 8.99999977 8.99999975 
zebra_finch                8.99999975 8.99999976 8.99999968 0.00000000 8.99999971 8.99999959 8.99999958 8.99999974 8.99999972 8.99999973 
gallus_gallus              8.99999965 8.99999975 8.99999967 8.99999971 0.00000000 8.99999968 8.99999974 8.99999974 8.99999963 8.99999963 
alligator_mississippiensis 8.99999975 8.99999964 8.99999960 8.99999959 8.99999968 0.00000000 2.33016663 8.99999963 8.99999965 8.99999961 
crocodylus_porosus         8.99999959 8.99999969 8.99999978 8.99999958 8.99999974 2.33016663 0.00000000 8.99999967 8.99999962 8.99999961 
chrysemys_picta            8.99999976 8.99999973 8.99999960 8.99999974 8.99999974 8.99999963 8.99999967 0.00000000 8.99999958 8.99999964 
pelomedusa_subrufa         8.99999959 8.99999973 8.99999977 8.99999972 8.99999963 8.99999965 8.99999962 8.99999958 0.00000000 8.99999973 
sphenodon_tuatara          8.99999968 8.99999958 8.99999975 8.99999973 8.99999963 8.99999961 8.99999961 8.99999964 8.99999973 0.00000000 
