33
zanclostomus_javanicus   0.00000000 0.05024648 0.04712283 0.05242730 0.03571301 0.03109409 0.03466281 0.03885432 0.03707886 0.03666170 0.03661464 0.03554262 0.03796923 0.03538311 0.02992089 0.03983345 0.03677445 0.03537646 0.04286364 0.03605543 0.02675598 0.03320594 0.03637974 0.03621077 0.03664638 0.04358577 0.02885589 0.03663128 0.02296589 0.02471142 0.03650048 0.06597666 0.05150970 
pitta_guajana            0.05024648 0.00000000 0.03585349 0.04588813 0.02991539 0.02914282 0.02594998 0.03341763 0.03141459 0.02614043 0.02857039 0.02997818 0.02791714 0.02608362 0.02630594 0.03653957 0.02978200 0.03020792 0.04023894 0.02851692 0.02519275 0.02869647 0.02945197 0.02960305 0.03061984 0.03286144 0.02495211 0.03187977 0.03797660 0.02094835 0.03150074 0.06337500 0.03003728 
psittacula_alexandri     0.04712283 0.03585349 0.00000000 0.04687553 0.02578384 0.02393897 0.02362381 0.02782394 0.02526617 0.02225500 0.02630252 0.02425285 0.02509621 0.02307642 0.01994844 0.03687969 0.02810516 0.02385241 0.03572794 0.02602902 0.02115954 0.02198362 0.02897458 0.02772269 0.02508015 0.03095964 0.02022706 0.02924014 0.03693097 0.01628988 0.02671126 0.06036282 0.03849629 
gallus_gallus            0.05242730 0.04588813 0.04687553 0.00000000 0.03152810 0.02858964 0.02778150 0.03516550 0.03146517 0.02960672 0.02945281 0.02901697 0.02973430 0.02827119 0.02496485 0.04949678 0.04509711 0.02820361 0.04067775 0.04122013 0.02493956 0.02828387 0.04462400 0.04463227 0.03078698 0.03668194 0.02596613 0.03421189 0.04226051 0.02000282 0.03130471 0.06472432 0.04291012 
gampsonyx_swainsonii     0.03571301 0.02991539 0.02578384 0.03152810 0.00000000 0.01675508 0.01353707 0.01875587 0.01603187 0.01259621 0.01779264 0.01441961 0.01598101 0.01346840 0.01279105 0.02229198 0.01550563 0.01769197 0.02502981 0.01449201 0.01420042 0.01374453 0.01564268 0.01514453 0.01637822 0.02062894 0.01314323 0.02202499 0.02529413 0.01040916 0.01904815 0.04860297 0.03176584 
nyctibius_grandis        0.03109409 0.02914282 0.02393897 0.02858964 0.01675508 0.00000000 0.01359102 0.01977201 0.01713497 0.01425550 0.01788813 0.01488848 0.01513120 0.01350105 0.01566460 0.02165281 0.01552121 0.02051270 0.02504946 0.01476878 0.01551622 0.01690482 0.01521781 0.01511674 0.01722946 0.01941023 0.01558033 0.02319771 0.02861633 0.01374900 0.01858095 0.04469642 0.02615347 
phegornis_mitchelli      0.03466281 0.02594998 0.02362381 0.02778150 0.01353707 0.01359102 0.00000000 0.01737948 0.01411241 0.01120529 0.01599362 0.01358237 0.01226876 0.01088803 0.01075251 0.02019257 0.01266889 0.01564404 0.02518106 0.01231262 0.01241352 0.01355241 0.01285721 0.01244910 0.01385328 0.01771315 0.01169787 0.01951934 0.02693147 0.00932001 0.01704653 0.05119170 0.03105279 
ardeotis_kori            0.03885432 0.03341763 0.02782394 0.03516550 0.01875587 0.01977201 0.01737948 0.00000000 0.02114462 0.01627377 0.01936769 0.01664447 0.01956932 0.01679911 0.01719054 0.02755785 0.01948204 0.02115419 0.02861136 0.01830042 0.01802541 0.01717999 0.01960937 0.01918598 0.02112228 0.02395782 0.01669119 0.02505922 0.03026463 0.01475538 0.02252571 0.04997353 0.02972090 
phalacrocorax_carbo      0.03707886 0.03141459 0.02526617 0.03146517 0.01603187 0.01713497 0.01411241 0.02114462 0.00000000 0.01372559 0.01795952 0.01528449 0.01577980 0.01325601 0.01388792 0.02443845 0.01354821 0.01920913 0.02858506 0.01372211 0.01499475 0.01556054 0.01469862 0.01424719 0.01687680 0.02032189 0.01363595 0.02067021 0.02720421 0.01095946 0.01763296 0.05376734 0.03446102 
cathartes_aura           0.03666170 0.02614043 0.02225500 0.02960672 0.01259621 0.01425550 0.01120529 0.01627377 0.01372559 0.00000000 0.01608421 0.01286215 0.01319709 0.01072694 0.01071202 0.02088237 0.01298171 0.01584242 0.02326403 0.01210193 0.01171268 0.01174950 0.01295231 0.01256342 0.01318328 0.01807466 0.01092064 0.02041177 0.02469025 0.00871608 0.01719113 0.04794811 0.03153961 
opisthocomus_hoazin      0.03661464 0.02857039 0.02630252 0.02945281 0.01779264 0.01788813 0.01599362 0.01936769 0.01795952 0.01608421 0.00000000 0.01710132 0.01630823 0.01549122 0.01462201 0.02345930 0.01749427 0.01921763 0.02543216 0.01692124 0.01613777 0.01465635 0.01769487 0.01720216 0.01675795 0.02121783 0.01581503 0.02010628 0.03266827 0.01469096 0.01767604 0.04884919 0.03312000 
gavia_immer              0.03554262 0.02997818 0.02425285 0.02901697 0.01441961 0.01488848 0.01358237 0.01664447 0.01528449 0.01286215 0.01710132 0.00000000 0.01417494 0.01166811 0.01189706 0.02183301 0.01299960 0.01649967 0.02381662 0.01236832 0.01406382 0.01376516 0.01294633 0.01276449 0.01517236 0.01948837 0.01206160 0.02134816 0.02771095 0.01035036 0.01799281 0.04596235 0.03049691 
psophia_crepitans        0.03796923 0.02791714 0.02509621 0.02973430 0.01598101 0.01513120 0.01226876 0.01956932 0.01577980 0.01319709 0.01630823 0.01417494 0.00000000 0.01213692 0.01209211 0.02232832 0.01421425 0.01669548 0.02576020 0.01371273 0.01306629 0.01410247 0.01455745 0.01409161 0.01599516 0.01911613 0.01265408 0.02084923 0.02712672 0.01023969 0.01824156 0.05268556 0.03180548 
phoenicopterus_chilensis 0.03538311 0.02608362 0.02307642 0.02827119 0.01346840 0.01350105 0.01088803 0.01679911 0.01325601 0.01072694 0.01549122 0.01166811 0.01213692 0.00000000 0.00753295 0.02030659 0.01237067 0.01523294 0.02470854 0.01149358 0.01196974 0.01198722 0.01224342 0.01208256 0.01364699 0.01719972 0.01103319 0.01952535 0.02607871 0.00887054 0.01627045 0.04795844 0.02938358 
podiceps_auritus         0.02992089 0.02630594 0.01994844 0.02496485 0.01279105 0.01566460 0.01075251 0.01719054 0.01388792 0.01071202 0.01462201 0.01189706 0.01209211 0.00753295 0.00000000 0.01844528 0.01206551 0.01720676 0.02133435 0.01154316 0.01449054 0.01383244 0.01242949 0.01194769 0.01414329 0.01583232 0.01295282 0.02148855 0.02615454 0.01062865 0.01522797 0.04096005 0.02611757 
momotus_momota           0.03983345 0.03653957 0.03687969 0.04949678 0.02229198 0.02165281 0.02019257 0.02755785 0.02443845 0.02088237 0.02345930 0.02183301 0.02232832 0.02030659 0.01844528 0.00000000 0.02967577 0.02292769 0.03206861 0.02799546 0.01820170 0.02079902 0.02981328 0.02914870 0.02204084 0.02711925 0.01869137 0.02741847 0.03108621 0.01584817 0.02555875 0.05097504 0.03952365 
scopus_umbretta          0.03677445 0.02978200 0.02810516 0.04509711 0.01550563 0.01552121 0.01266889 0.01948204 0.01354821 0.01298171 0.01749427 0.01299960 0.01421425 0.01237067 0.01206551 0.02967577 0.00000000 0.01615361 0.02518459 0.01301215 0.01427578 0.01399079 0.02057134 0.02046969 0.01557623 0.01979570 0.01294911 0.02107198 0.02872186 0.00994297 0.01811780 0.04781946 0.03225403 
treron_vernans           0.03537646 0.03020792 0.02385241 0.02820361 0.01769197 0.02051270 0.01564404 0.02115419 0.01920913 0.01584242 0.01921763 0.01649967 0.01669548 0.01523294 0.01720676 0.02292769 0.01615361 0.00000000 0.02673443 0.01521461 0.01741527 0.01884872 0.01625564 0.01600447 0.01768537 0.02128223 0.01675103 0.02508270 0.03087456 0.01501923 0.02020193 0.04465755 0.02694347 
urocolius_indicus        0.04286364 0.04023894 0.03572794 0.04067775 0.02502981 0.02504946 0.02518106 0.02861136 0.02858506 0.02326403 0.02543216 0.02381662 0.02576020 0.02470854 0.02133435 0.03206861 0.02518459 0.02673443 0.00000000 0.02403167 0.02136894 0.02292048 0.02506398 0.02473674 0.02521582 0.03049703 0.02134311 0.02886097 0.03378117 0.01736908 0.02903295 0.06049976 0.03804867 
balaeniceps_rex          0.03605543 0.02851692 0.02602902 0.04122013 0.01449201 0.01476878 0.01231262 0.01830042 0.01372211 0.01210193 0.01692124 0.01236832 0.01371273 0.01149358 0.01154316 0.02799546 0.01301215 0.01521461 0.02403167 0.00000000 0.01413462 0.01329580 0.01902963 0.01826775 0.01451610 0.01844111 0.01255737 0.02093227 0.02738060 0.01001836 0.01792926 0.04614178 0.03182872 
trogon_personata         0.02675598 0.02519275 0.02115954 0.02493956 0.01420042 0.01551622 0.01241352 0.01802541 0.01499475 0.01171268 0.01613777 0.01406382 0.01306629 0.01196974 0.01449054 0.01820170 0.01427578 0.01741527 0.02136894 0.01413462 0.00000000 0.01573085 0.01425046 0.01404144 0.01378079 0.01622966 0.01346819 0.01907573 0.02317577 0.01343984 0.01778890 0.03838198 0.02372388 
phaethon_rubicauda       0.03320594 0.02869647 0.02198362 0.02828387 0.01374453 0.01690482 0.01355241 0.01717999 0.01556054 0.01174950 0.01465635 0.01376516 0.01410247 0.01198722 0.01383244 0.02079902 0.01399079 0.01884872 0.02292048 0.01329580 0.01573085 0.00000000 0.01417734 0.01381877 0.01442218 0.01849127 0.01442371 0.02277584 0.03048802 0.01211861 0.01648330 0.04315050 0.02714209 
eudyptula_minor          0.03637974 0.02945197 0.02897458 0.04462400 0.01564268 0.01521781 0.01285721 0.01960937 0.01469862 0.01295231 0.01769487 0.01294633 0.01455745 0.01224342 0.01242949 0.02981328 0.02057134 0.01625564 0.02506398 0.01902963 0.01425046 0.01417734 0.00000000 0.01993380 0.01584884 0.01998331 0.01321816 0.02167817 0.02821407 0.01041128 0.01872147 0.04770227 0.03076636 
oceanites_oceanicus      0.03621077 0.02960305 0.02772269 0.04463227 0.01514453 0.01511674 0.01244910 0.01918598 0.01424719 0.01256342 0.01720216 0.01276449 0.01409161 0.01208256 0.01194769 0.02914870 0.02046969 0.01600447 0.02473674 0.01826775 0.01404144 0.01381877 0.01993380 0.00000000 0.01531372 0.01960445 0.01268021 0.02111267 0.02868357 0.01000530 0.01820243 0.04809271 0.03189695 
tauraco_erythrolophus    0.03664638 0.03061984 0.02508015 0.03078698 0.01637822 0.01722946 0.01385328 0.02112228 0.01687680 0.01318328 0.01675795 0.01517236 0.01599516 0.01364699 0.01414329 0.02204084 0.01557623 0.01768537 0.02521582 0.01451610 0.01378079 0.01442218 0.01584884 0.01531372 0.00000000 0.02048668 0.01331982 0.02178330 0.02601712 0.01171052 0.01971711 0.04616366 0.03193979 
eurypyga_helias          0.04358577 0.03286144 0.03095964 0.03668194 0.02062894 0.01941023 0.01771315 0.02395782 0.02032189 0.01807466 0.02121783 0.01948837 0.01911613 0.01719972 0.01583232 0.02711925 0.01979570 0.02128223 0.03049703 0.01844111 0.01622966 0.01849127 0.01998331 0.01960445 0.02048668 0.00000000 0.01661608 0.02456314 0.03298179 0.01349960 0.02244655 0.05539659 0.03838266 
tyto_alba                0.02885589 0.02495211 0.02022706 0.02596613 0.01314323 0.01558033 0.01169787 0.01669119 0.01363595 0.01092064 0.01581503 0.01206160 0.01265408 0.01103319 0.01295282 0.01869137 0.01294911 0.01675103 0.02134311 0.01255737 0.01346819 0.01442371 0.01321816 0.01268021 0.01331982 0.01661608 0.00000000 0.02174265 0.02646398 0.01080156 0.01646338 0.03986239 0.02515249 
colibri_coruscans        0.03663128 0.03187977 0.02924014 0.03421189 0.02202499 0.02319771 0.01951934 0.02505922 0.02067021 0.02041177 0.02010628 0.02134816 0.02084923 0.01952535 0.02148855 0.02741847 0.02107198 0.02508270 0.02886097 0.02093227 0.01907573 0.02277584 0.02167817 0.02111267 0.02178330 0.02456314 0.02174265 0.00000000 0.03632910 0.01790469 0.02395246 0.04830769 0.03190885 
megalaima_virens         0.02296589 0.03797660 0.03693097 0.04226051 0.02529413 0.02861633 0.02693147 0.03026463 0.02720421 0.02469025 0.03266827 0.02771095 0.02712672 0.02607871 0.02615454 0.03108621 0.02872186 0.03087456 0.03378117 0.02738060 0.02317577 0.03048802 0.02821407 0.02868357 0.02601712 0.03298179 0.02646398 0.03632910 0.00000000 0.02393465 0.03655655 0.04982210 0.03972116 
micrastur_semitorquatus  0.02471142 0.02094835 0.01628988 0.02000282 0.01040916 0.01374900 0.00932001 0.01475538 0.01095946 0.00871608 0.01469096 0.01035036 0.01023969 0.00887054 0.01062865 0.01584817 0.00994297 0.01501923 0.01736908 0.01001836 0.01343984 0.01211861 0.01041128 0.01000530 0.01171052 0.01349960 0.01080156 0.01790469 0.02393465 0.00000000 0.01566191 0.03630918 0.02512062 
pterocles                0.03650048 0.03150074 0.02671126 0.03130471 0.01904815 0.01858095 0.01704653 0.02252571 0.01763296 0.01719113 0.01767604 0.01799281 0.01824156 0.01627045 0.01522797 0.02555875 0.01811780 0.02020193 0.02903295 0.01792926 0.01778890 0.01648330 0.01872147 0.01820243 0.01971711 0.02244655 0.01646338 0.02395246 0.03655655 0.01566191 0.00000000 0.04878798 0.03134311 
rhinopomastus_cyanomelas 0.06597666 0.06337500 0.06036282 0.06472432 0.04860297 0.04469642 0.05119170 0.04997353 0.05376734 0.04794811 0.04884919 0.04596235 0.05268556 0.04795844 0.04096005 0.05097504 0.04781946 0.04465755 0.06049976 0.04614178 0.03838198 0.04315050 0.04770227 0.04809271 0.04616366 0.05539659 0.03986239 0.04830769 0.04982210 0.03630918 0.04878798 0.00000000 0.06429362 
vidua_macroura           0.05150970 0.03003728 0.03849629 0.04291012 0.03176584 0.02615347 0.03105279 0.02972090 0.03446102 0.03153961 0.03312000 0.03049691 0.03180548 0.02938358 0.02611757 0.03952365 0.03225403 0.02694347 0.03804867 0.03182872 0.02372388 0.02714209 0.03076636 0.03189695 0.03193979 0.03838266 0.02515249 0.03190885 0.03972116 0.02512062 0.03134311 0.06429362 0.00000000 
