10
anolis_carolinensis        0.00000000 0.12530014 0.08464986 0.09108168 0.08820539 0.07633670 0.07312961 0.07760680 0.07086246 0.06202783 
homo_sapiens               0.12530014 0.00000000 0.16340709 0.09579231 0.09270109 0.07979061 0.07817458 0.08176795 0.07685497 0.07235583 
pantherophis_guttata       0.08464986 0.16340709 0.00000000 0.12774622 0.12483380 0.11089704 0.10744879 0.11209934 0.10295173 0.09421595 
zebra_finch                0.09108168 0.09579231 0.12774622 0.00000000 0.03122842 0.03928332 0.03805539 0.04392922 0.04368515 0.04196111 
gallus_gallus              0.08820539 0.09270109 0.12483380 0.03122842 0.00000000 0.03643175 0.03536634 0.04087249 0.04068909 0.03933520 
alligator_mississippiensis 0.07633670 0.07979061 0.11089704 0.03928332 0.03643175 0.00000000 0.00510297 0.02764827 0.02987610 0.02967556 
crocodylus_porosus         0.07312961 0.07817458 0.10744879 0.03805539 0.03536634 0.00510297 0.00000000 0.02687719 0.02990894 0.02943679 
chrysemys_picta            0.07760680 0.08176795 0.11209934 0.04392922 0.04087249 0.02764827 0.02687719 0.00000000 0.02000717 0.03120611 
pelomedusa_subrufa         0.07086246 0.07685497 0.10295173 0.04368515 0.04068909 0.02987610 0.02990894 0.02000717 0.00000000 0.03476290 
sphenodon_tuatara          0.06202783 0.07235583 0.09421595 0.04196111 0.03933520 0.02967556 0.02943679 0.03120611 0.03476290 0.00000000 
