50
Aphaenogaster_occidentalis_EX818  0.0000000 0.1566179 0.1218307 0.1391154 0.1391129 0.1229985 0.1202134 0.1213295 0.1207545 0.2014339 0.1484747 0.2046812 0.1255965 0.1217397 0.1251329 0.1277480 0.1274516 0.1276844 0.1236205 0.1207744 0.1276517 0.1226353 0.1261303 0.1196833 0.1241763 0.1206039 0.1219340 0.1333984 0.1186511 0.1187272 0.1183751 0.1281867 0.1190535 0.1320311 0.1386516 0.1249872 0.1213764 0.1195385 0.1191400 0.1273519 0.1290783 0.1261812 0.1273173 0.1234588 0.1400602 0.1261606 0.1226280 0.1220619 0.1258281 0.1464437 
Crematogaster_nigropilosa_EX831   0.1566179 0.0000000 0.1278549 0.1445857 0.1447064 0.1300674 0.1272112 0.1281167 0.1280096 0.2393469 0.1996229 0.2425710 0.1332141 0.1292716 0.1316835 0.1354840 0.1354299 0.1353480 0.1308281 0.1281537 0.1344304 0.1296679 0.1330830 0.1270493 0.1316441 0.1278140 0.1297834 0.1396201 0.1267859 0.1260983 0.1259627 0.1352261 0.1269171 0.1398056 0.1451274 0.1325808 0.1290661 0.1272161 0.1267585 0.1345741 0.1357339 0.1329396 0.1352530 0.1306787 0.1474067 0.1321717 0.1308701 0.1297013 0.1323039 0.1536526 
Formicoxenus_diversipilosus_D1000 0.1218307 0.1278549 0.0000000 0.0916985 0.0920676 0.0123719 0.0085469 0.0089545 0.0083305 0.2048185 0.1636580 0.2179346 0.0728750 0.0693652 0.0721483 0.0752369 0.0744003 0.0744188 0.0712847 0.0682647 0.0756903 0.0701124 0.0738234 0.0666672 0.0716253 0.0673512 0.0692495 0.0812716 0.0661490 0.0661490 0.0656212 0.0771393 0.0663103 0.0808653 0.0865084 0.0725424 0.0689661 0.0666867 0.0666609 0.0749774 0.0767467 0.0734386 0.0750674 0.0708508 0.0885326 0.0735081 0.0705309 0.0694781 0.0734909 0.1013321 
Gauromyrmex_my01_P081             0.1391154 0.1445857 0.0916985 0.0000000 0.0039235 0.0924913 0.0900727 0.0906618 0.0907872 0.2223914 0.1822318 0.2285645 0.0957790 0.0920154 0.0946826 0.0983035 0.0981785 0.0974073 0.0935715 0.0912620 0.0978260 0.0926734 0.0962596 0.0898762 0.0942317 0.0906153 0.0920900 0.1033343 0.0893105 0.0889347 0.0887235 0.0992547 0.0898976 0.1027273 0.1080171 0.0953301 0.0918474 0.0900573 0.0894569 0.0976930 0.0989765 0.0959521 0.0979153 0.0936965 0.1104433 0.0960263 0.0932829 0.0925905 0.0961666 0.1186340 
Gauromyrmex_bengakalisi_EX812     0.1391129 0.1447064 0.0920676 0.0039235 0.0000000 0.0926959 0.0903602 0.0909816 0.0907906 0.2219791 0.1822958 0.2284252 0.0960221 0.0919319 0.0944858 0.0981610 0.0981002 0.0973731 0.0934839 0.0912896 0.0975903 0.0926529 0.0963305 0.0898176 0.0942705 0.0906765 0.0923290 0.1033349 0.0893370 0.0889775 0.0887156 0.0991444 0.0898169 0.1028187 0.1083765 0.0952987 0.0918207 0.0900323 0.0895674 0.0977915 0.0989754 0.0962466 0.0979904 0.0935045 0.1103752 0.0961254 0.0932470 0.0924242 0.0960381 0.1185660 
Harpagoxenus_sublaevis_D1116      0.1229985 0.1300674 0.0123719 0.0924913 0.0926959 0.0000000 0.0105687 0.0105691 0.0106384 0.2102255 0.1658680 0.2208846 0.0728071 0.0693452 0.0720014 0.0755920 0.0748980 0.0747409 0.0714693 0.0683516 0.0757323 0.0699883 0.0738666 0.0667627 0.0718871 0.0675534 0.0694232 0.0813519 0.0665781 0.0661866 0.0656956 0.0775815 0.0667570 0.0810678 0.0869326 0.0724286 0.0689895 0.0667809 0.0664129 0.0750158 0.0767543 0.0738377 0.0751721 0.0707964 0.0890259 0.0737731 0.0706556 0.0696304 0.0740055 0.1020429 
Leptothorax_calderoni_P070        0.1202134 0.1272112 0.0085469 0.0900727 0.0903602 0.0105687 0.0000000 0.0066326 0.0066495 0.2064388 0.1627157 0.2171368 0.0709483 0.0669853 0.0698188 0.0737801 0.0727608 0.0725874 0.0692597 0.0662448 0.0733049 0.0681407 0.0719787 0.0644799 0.0695241 0.0653551 0.0672241 0.0790936 0.0645514 0.0639095 0.0634996 0.0748736 0.0646352 0.0788201 0.0842365 0.0706908 0.0667264 0.0647648 0.0643547 0.0728839 0.0746278 0.0717969 0.0731109 0.0687370 0.0867781 0.0714672 0.0686083 0.0673699 0.0715168 0.0995323 
Leptothorax_gredleri_P089         0.1213295 0.1281167 0.0089545 0.0906618 0.0909816 0.0105691 0.0066326 0.0000000 0.0069431 0.2069007 0.1634790 0.2181993 0.0713008 0.0678319 0.0703507 0.0741582 0.0729931 0.0727582 0.0696519 0.0664219 0.0740290 0.0686805 0.0724588 0.0650925 0.0703094 0.0659405 0.0676948 0.0798957 0.0649222 0.0643343 0.0640308 0.0756392 0.0649051 0.0792752 0.0851768 0.0708204 0.0672229 0.0652317 0.0647984 0.0734750 0.0751635 0.0721469 0.0735102 0.0692240 0.0873502 0.0722505 0.0689102 0.0679327 0.0721277 0.1002616 
Leptothorax_muscorum_EX816        0.1207545 0.1280096 0.0083305 0.0907872 0.0907906 0.0106384 0.0066495 0.0069431 0.0000000 0.2077041 0.1638689 0.2190787 0.0712552 0.0676026 0.0704684 0.0743215 0.0730485 0.0727713 0.0695853 0.0666351 0.0737548 0.0683945 0.0723054 0.0650162 0.0700631 0.0656928 0.0675403 0.0797878 0.0646732 0.0639487 0.0639599 0.0758953 0.0647829 0.0793591 0.0850934 0.0709390 0.0672038 0.0651649 0.0646088 0.0732677 0.0750547 0.0723267 0.0735628 0.0691422 0.0874485 0.0720714 0.0688793 0.0678459 0.0720753 0.1005071 
Monomorium_pharaonis_EX804        0.2014339 0.2393469 0.2048185 0.2223914 0.2219791 0.2102255 0.2064388 0.2069007 0.2077041 0.0000000 0.2450403 0.2878275 0.2106265 0.2061061 0.2089890 0.2107728 0.2131654 0.2128816 0.2083242 0.2046489 0.2117985 0.2083084 0.2085976 0.2049678 0.2091219 0.2064141 0.2068870 0.2164814 0.2038355 0.2043605 0.2033817 0.2075896 0.2036289 0.2165621 0.2215749 0.2104745 0.2080348 0.2043243 0.2049950 0.2126268 0.2128559 0.2106210 0.2123553 0.2077798 0.2234918 0.2093088 0.2093085 0.2078370 0.2077739 0.2304614 
Myrmica_incompleta_EX808          0.1484747 0.1996229 0.1636580 0.1822318 0.1822958 0.1658680 0.1627157 0.1634790 0.1638689 0.2450403 0.0000000 0.2149187 0.1663935 0.1628385 0.1661727 0.1693892 0.1689899 0.1697323 0.1657971 0.1617300 0.1693285 0.1642497 0.1670852 0.1617594 0.1658950 0.1618582 0.1639969 0.1744345 0.1600362 0.1600104 0.1600861 0.1689934 0.1606702 0.1740635 0.1798245 0.1670434 0.1638052 0.1607890 0.1605897 0.1695124 0.1704710 0.1675817 0.1692036 0.1645004 0.1813140 0.1670219 0.1649665 0.1643864 0.1662585 0.1898596 
Pogonomyrmex_occidentalis_EX810   0.2046812 0.2425710 0.2179346 0.2285645 0.2284252 0.2208846 0.2171368 0.2181993 0.2190787 0.2878275 0.2149187 0.0000000 0.2218684 0.2191257 0.2213730 0.2238374 0.2245493 0.2251387 0.2189228 0.2180155 0.2218413 0.2191380 0.2197304 0.2169754 0.2204007 0.2177132 0.2191376 0.2274511 0.2152329 0.2164485 0.2160474 0.2197648 0.2161718 0.2265595 0.2319455 0.2216956 0.2184821 0.2162501 0.2162833 0.2227393 0.2234358 0.2209309 0.2232962 0.2201731 0.2344572 0.2204446 0.2200529 0.2195414 0.2201666 0.2366825 
Temnothorax_fuscatus_cf_P052      0.1255965 0.1332141 0.0728750 0.0957790 0.0960221 0.0728071 0.0709483 0.0713008 0.0712552 0.2106265 0.1663935 0.2218684 0.0000000 0.0186142 0.0319657 0.0353237 0.0329878 0.0331008 0.0300220 0.0275316 0.0352977 0.0285607 0.0333012 0.0251905 0.0320294 0.0257388 0.0278066 0.0401570 0.0274095 0.0266719 0.0242795 0.0364675 0.0249751 0.0293286 0.0333068 0.0320922 0.0272598 0.0265318 0.0268620 0.0220855 0.0355379 0.0328891 0.0339382 0.0307241 0.0368508 0.0344452 0.0292296 0.0282653 0.0324492 0.1040724 
Temnothorax_mmp07_P003            0.1217397 0.1292716 0.0693652 0.0920154 0.0919319 0.0693452 0.0669853 0.0678319 0.0676026 0.2061061 0.1628385 0.2191257 0.0186142 0.0000000 0.0285170 0.0321088 0.0294892 0.0297409 0.0267518 0.0240447 0.0319304 0.0252858 0.0302915 0.0218286 0.0286319 0.0222398 0.0244470 0.0366981 0.0239879 0.0231705 0.0208411 0.0332574 0.0217097 0.0269532 0.0329366 0.0289591 0.0235724 0.0230057 0.0235285 0.0208536 0.0320984 0.0297997 0.0304368 0.0272513 0.0357640 0.0310819 0.0257158 0.0249458 0.0290641 0.1005302 
Temnothorax_mmp11_P054            0.1251329 0.1316835 0.0721483 0.0946826 0.0944858 0.0720014 0.0698188 0.0703507 0.0704684 0.2089890 0.1661727 0.2213730 0.0319657 0.0285170 0.0000000 0.0343065 0.0335802 0.0338251 0.0305013 0.0272387 0.0355549 0.0292037 0.0334939 0.0257838 0.0305949 0.0263231 0.0285466 0.0409788 0.0267085 0.0261338 0.0248329 0.0375739 0.0257995 0.0402336 0.0461654 0.0311600 0.0278603 0.0262025 0.0257620 0.0343269 0.0360695 0.0329550 0.0345547 0.0087798 0.0483510 0.0335002 0.0298671 0.0290334 0.0330893 0.1031715 
Temnothorax_allardycei_P101       0.1277480 0.1354840 0.0752369 0.0983035 0.0981610 0.0755920 0.0737801 0.0741582 0.0743215 0.2107728 0.1693892 0.2238374 0.0353237 0.0321088 0.0343065 0.0000000 0.0371843 0.0372235 0.0340228 0.0307901 0.0387031 0.0326497 0.0369004 0.0288972 0.0344273 0.0295272 0.0321111 0.0443674 0.0300282 0.0297586 0.0280371 0.0409862 0.0289985 0.0435130 0.0492087 0.0261001 0.0308045 0.0295381 0.0295252 0.0376121 0.0397394 0.0361750 0.0376772 0.0334434 0.0517034 0.0371898 0.0332507 0.0323484 0.0367705 0.1062006 
Temnothorax_americanus_P032       0.1274516 0.1354299 0.0744003 0.0981785 0.0981002 0.0748980 0.0727608 0.0729931 0.0730485 0.2131654 0.1689899 0.2245493 0.0329878 0.0294892 0.0335802 0.0371843 0.0000000 0.0266313 0.0292364 0.0289441 0.0369416 0.0276456 0.0352701 0.0241420 0.0335834 0.0243506 0.0203088 0.0394393 0.0290965 0.0279980 0.0228622 0.0383517 0.0212794 0.0414275 0.0471460 0.0338806 0.0259307 0.0276246 0.0286931 0.0351696 0.0350314 0.0347952 0.0323146 0.0325251 0.0494270 0.0359453 0.0275379 0.0268032 0.0340233 0.1066949 
Temnothorax_bernardi_P013         0.1276844 0.1353480 0.0744188 0.0974073 0.0973731 0.0747409 0.0725874 0.0727582 0.0727713 0.2128816 0.1697323 0.2251387 0.0331008 0.0297409 0.0338251 0.0372235 0.0266313 0.0000000 0.0288300 0.0288548 0.0370260 0.0276161 0.0351762 0.0241181 0.0340226 0.0241781 0.0214878 0.0394248 0.0290092 0.0282547 0.0228613 0.0387989 0.0213809 0.0414676 0.0473711 0.0340740 0.0257416 0.0278193 0.0288105 0.0353938 0.0346857 0.0347260 0.0323917 0.0327734 0.0500624 0.0360804 0.0277080 0.0268950 0.0341438 0.1059183 
Temnothorax_cagnianti_P042        0.1236205 0.1308281 0.0712847 0.0935715 0.0934839 0.0714693 0.0692597 0.0696519 0.0695853 0.2083242 0.1657971 0.2189228 0.0300220 0.0267518 0.0305013 0.0340228 0.0292364 0.0288300 0.0000000 0.0260434 0.0337962 0.0190616 0.0318421 0.0168136 0.0306049 0.0213937 0.0238730 0.0307903 0.0256078 0.0248668 0.0183837 0.0355581 0.0208593 0.0383469 0.0441506 0.0311927 0.0182953 0.0247909 0.0253374 0.0321173 0.0263310 0.0315524 0.0294265 0.0294354 0.0466247 0.0328307 0.0235419 0.0225476 0.0310248 0.1023347 
Temnothorax_clypeatus_P105        0.1207744 0.1281537 0.0682647 0.0912620 0.0912896 0.0683516 0.0662448 0.0664219 0.0666351 0.2046489 0.1617300 0.2180155 0.0275316 0.0240447 0.0272387 0.0307901 0.0289441 0.0288548 0.0260434 0.0000000 0.0310826 0.0245830 0.0291231 0.0212001 0.0274625 0.0214268 0.0238203 0.0362563 0.0224645 0.0217786 0.0201598 0.0332550 0.0210038 0.0361995 0.0415232 0.0277469 0.0230436 0.0174035 0.0221627 0.0298589 0.0318815 0.0288596 0.0300117 0.0263373 0.0439322 0.0299070 0.0251800 0.0242015 0.0287786 0.0993230 
Temnothorax_cristinae_P115        0.1276517 0.1344304 0.0756903 0.0978260 0.0975903 0.0757323 0.0733049 0.0740290 0.0737548 0.2117985 0.1693285 0.2218413 0.0352977 0.0319304 0.0355549 0.0387031 0.0369416 0.0370260 0.0337962 0.0310826 0.0000000 0.0325744 0.0262782 0.0290855 0.0353231 0.0297165 0.0319664 0.0438941 0.0305975 0.0300154 0.0283164 0.0404464 0.0289944 0.0434625 0.0490761 0.0355600 0.0309337 0.0294773 0.0303222 0.0375978 0.0391300 0.0286456 0.0379190 0.0341022 0.0517384 0.0373827 0.0332443 0.0320766 0.0366294 0.1067811 
Temnothorax_flavicornis_P121      0.1226353 0.1296679 0.0701124 0.0926734 0.0926529 0.0699883 0.0681407 0.0686805 0.0683945 0.2083084 0.1642497 0.2191380 0.0285607 0.0252858 0.0292037 0.0326497 0.0276456 0.0276161 0.0190616 0.0245830 0.0325744 0.0000000 0.0308010 0.0153304 0.0291980 0.0197429 0.0223547 0.0263691 0.0241413 0.0237286 0.0170252 0.0343054 0.0194355 0.0372817 0.0428637 0.0296463 0.0171510 0.0231309 0.0240861 0.0309396 0.0217227 0.0302432 0.0280356 0.0280529 0.0455118 0.0315903 0.0218767 0.0212121 0.0298379 0.1017423 
Temnothorax_flavispinus_cf_P112   0.1261303 0.1330830 0.0738234 0.0962596 0.0963305 0.0738666 0.0719787 0.0724588 0.0723054 0.2085976 0.1670852 0.2197304 0.0333012 0.0302915 0.0334939 0.0369004 0.0352701 0.0351762 0.0318421 0.0291231 0.0262782 0.0308010 0.0000000 0.0273086 0.0335973 0.0280474 0.0301095 0.0419209 0.0289661 0.0281423 0.0266099 0.0386500 0.0272328 0.0416944 0.0473384 0.0339542 0.0291819 0.0281122 0.0283824 0.0357641 0.0375900 0.0269578 0.0359377 0.0322718 0.0498037 0.0357844 0.0315223 0.0304905 0.0347357 0.1052633 
Temnothorax_gredosi_P097          0.1196833 0.1270493 0.0666672 0.0898762 0.0898176 0.0667627 0.0644799 0.0650925 0.0650162 0.2049678 0.1617594 0.2169754 0.0251905 0.0218286 0.0257838 0.0288972 0.0241420 0.0241181 0.0168136 0.0212001 0.0290855 0.0153304 0.0273086 0.0000000 0.0254313 0.0162475 0.0188121 0.0271930 0.0207941 0.0201435 0.0135861 0.0309177 0.0158996 0.0337652 0.0393863 0.0262207 0.0136795 0.0197703 0.0206456 0.0272326 0.0226526 0.0266681 0.0248009 0.0246366 0.0422396 0.0282362 0.0186625 0.0177269 0.0264487 0.0982136 
Temnothorax_gundlachi_P099        0.1241763 0.1316441 0.0716253 0.0942317 0.0942705 0.0718871 0.0695241 0.0703094 0.0700631 0.2091219 0.1658950 0.2204007 0.0320294 0.0286319 0.0305949 0.0344273 0.0335834 0.0340226 0.0306049 0.0274625 0.0353231 0.0291980 0.0335973 0.0254313 0.0000000 0.0264647 0.0285387 0.0406512 0.0264851 0.0260823 0.0248248 0.0379056 0.0257170 0.0403283 0.0459964 0.0315098 0.0277691 0.0260476 0.0255147 0.0340738 0.0362004 0.0330293 0.0348011 0.0294364 0.0484893 0.0330380 0.0299925 0.0289990 0.0335210 0.1026151 
Temnothorax_kubira_P056           0.1206039 0.1278140 0.0673512 0.0906153 0.0906765 0.0675534 0.0653551 0.0659405 0.0656928 0.2064141 0.1618582 0.2177132 0.0257388 0.0222398 0.0263231 0.0295272 0.0243506 0.0241781 0.0213937 0.0214268 0.0297165 0.0197429 0.0280474 0.0162475 0.0264647 0.0000000 0.0191311 0.0318029 0.0214785 0.0205908 0.0147336 0.0312910 0.0162617 0.0341578 0.0402039 0.0266629 0.0182169 0.0201910 0.0211950 0.0278430 0.0271574 0.0276909 0.0240305 0.0251612 0.0425289 0.0288193 0.0201851 0.0191451 0.0272241 0.0990772 
Temnothorax_longispinosus_P039    0.1219340 0.1297834 0.0692495 0.0920900 0.0923290 0.0694232 0.0672241 0.0676948 0.0675403 0.2068870 0.1639969 0.2191376 0.0278066 0.0244470 0.0285466 0.0321111 0.0203088 0.0214878 0.0238730 0.0238203 0.0319664 0.0223547 0.0301095 0.0188121 0.0285387 0.0191311 0.0000000 0.0342203 0.0236829 0.0230465 0.0177461 0.0331790 0.0162351 0.0361891 0.0421473 0.0288690 0.0209933 0.0225305 0.0234064 0.0300786 0.0296242 0.0296991 0.0272823 0.0274387 0.0445987 0.0308414 0.0226450 0.0217243 0.0289831 0.1008437 
Temnothorax_muellerianus_P104     0.1333984 0.1396201 0.0812716 0.1033343 0.1033349 0.0813519 0.0790936 0.0798957 0.0797878 0.2164814 0.1744345 0.2274511 0.0401570 0.0366981 0.0409788 0.0443674 0.0394393 0.0394248 0.0307903 0.0362563 0.0438941 0.0263691 0.0419209 0.0271930 0.0406512 0.0318029 0.0342203 0.0000000 0.0359639 0.0353899 0.0290337 0.0453475 0.0311603 0.0482013 0.0534476 0.0410481 0.0285785 0.0350493 0.0360118 0.0421540 0.0271601 0.0414539 0.0397008 0.0398833 0.0564739 0.0428045 0.0337694 0.0328819 0.0412021 0.1120286 
Temnothorax_nevadensis_P016       0.1186511 0.1267859 0.0661490 0.0893105 0.0893370 0.0665781 0.0645514 0.0649222 0.0646732 0.2038355 0.1600362 0.2152329 0.0274095 0.0239879 0.0267085 0.0300282 0.0290965 0.0290092 0.0256078 0.0224645 0.0305975 0.0241413 0.0289661 0.0207941 0.0264851 0.0214785 0.0236829 0.0359639 0.0000000 0.0182850 0.0200065 0.0332064 0.0206974 0.0356181 0.0416042 0.0272282 0.0229013 0.0210001 0.0214971 0.0294544 0.0312618 0.0283611 0.0298796 0.0256285 0.0443229 0.0289129 0.0250014 0.0242518 0.0288540 0.0975757 
Temnothorax_nitens_P017           0.1187272 0.1260983 0.0661490 0.0889347 0.0889775 0.0661866 0.0639095 0.0643343 0.0639487 0.2043605 0.1600104 0.2164485 0.0266719 0.0231705 0.0261338 0.0297586 0.0279980 0.0282547 0.0248668 0.0217786 0.0300154 0.0237286 0.0281423 0.0201435 0.0260823 0.0205908 0.0230465 0.0353899 0.0182850 0.0000000 0.0190927 0.0325909 0.0200547 0.0349625 0.0408149 0.0265516 0.0222855 0.0202243 0.0205347 0.0289623 0.0307525 0.0277577 0.0291722 0.0248687 0.0435567 0.0280097 0.0245301 0.0235468 0.0282503 0.0972695 
Temnothorax_nylanderi_P025        0.1183751 0.1259627 0.0656212 0.0887235 0.0887156 0.0656956 0.0634996 0.0640308 0.0639599 0.2033817 0.1600861 0.2160474 0.0242795 0.0208411 0.0248329 0.0280371 0.0228622 0.0228613 0.0183837 0.0201598 0.0283164 0.0170252 0.0266099 0.0135861 0.0248248 0.0147336 0.0177461 0.0290337 0.0200065 0.0190927 0.0000000 0.0297251 0.0145838 0.0327947 0.0385252 0.0250439 0.0154645 0.0186193 0.0197305 0.0265005 0.0241938 0.0259920 0.0232813 0.0237342 0.0409994 0.0273030 0.0164793 0.0156798 0.0254801 0.0972917 
Temnothorax_obturator_P111        0.1281867 0.1352261 0.0771393 0.0992547 0.0991444 0.0775815 0.0748736 0.0756392 0.0758953 0.2075896 0.1689934 0.2197648 0.0364675 0.0332574 0.0375739 0.0409862 0.0383517 0.0387989 0.0355581 0.0332550 0.0404464 0.0343054 0.0386500 0.0309177 0.0379056 0.0312910 0.0331790 0.0453475 0.0332064 0.0325909 0.0297251 0.0000000 0.0306879 0.0448134 0.0496903 0.0380273 0.0327011 0.0320380 0.0328037 0.0385701 0.0409101 0.0382304 0.0387050 0.0366278 0.0527416 0.0400109 0.0346539 0.0340755 0.0290753 0.1072171 
Temnothorax_oxianus_P094          0.1190535 0.1269171 0.0663103 0.0898976 0.0898169 0.0667570 0.0646352 0.0649051 0.0647829 0.2036289 0.1606702 0.2161718 0.0249751 0.0217097 0.0257995 0.0289985 0.0212794 0.0213809 0.0208593 0.0210038 0.0289944 0.0194355 0.0272328 0.0158996 0.0257170 0.0162617 0.0162351 0.0311603 0.0206974 0.0200547 0.0145838 0.0306879 0.0000000 0.0336968 0.0389888 0.0259655 0.0179517 0.0198299 0.0205347 0.0271600 0.0266779 0.0267122 0.0248475 0.0246266 0.0419296 0.0279754 0.0199464 0.0189826 0.0261520 0.0980773 
Temnothorax_peninsularis_nr_P106  0.1320311 0.1398056 0.0808653 0.1027273 0.1028187 0.0810678 0.0788201 0.0792752 0.0793591 0.2165621 0.1740635 0.2265595 0.0293286 0.0269532 0.0402336 0.0435130 0.0414275 0.0414676 0.0383469 0.0361995 0.0434625 0.0372817 0.0416944 0.0337652 0.0403283 0.0341578 0.0361891 0.0482013 0.0356181 0.0349625 0.0327947 0.0448134 0.0336968 0.0000000 0.0432769 0.0406229 0.0357266 0.0349013 0.0354210 0.0309576 0.0440099 0.0413429 0.0423374 0.0393128 0.0457498 0.0425876 0.0378945 0.0369329 0.0406327 0.1113781 
Temnothorax_pergandei_P036        0.1386516 0.1451274 0.0865084 0.1080171 0.1083765 0.0869326 0.0842365 0.0851768 0.0850934 0.2215749 0.1798245 0.2319455 0.0333068 0.0329366 0.0461654 0.0492087 0.0471460 0.0473711 0.0441506 0.0415232 0.0490761 0.0428637 0.0473384 0.0393863 0.0459964 0.0402039 0.0421473 0.0534476 0.0416042 0.0408149 0.0385252 0.0496903 0.0389888 0.0432769 0.0000000 0.0462767 0.0410568 0.0405838 0.0412684 0.0361669 0.0492330 0.0466496 0.0478081 0.0449599 0.0504338 0.0484162 0.0434230 0.0427102 0.0458295 0.1166571 
Temnothorax_purpuratus_P062       0.1249872 0.1325808 0.0725424 0.0953301 0.0952987 0.0724286 0.0706908 0.0708204 0.0709390 0.2104745 0.1670434 0.2216956 0.0320922 0.0289591 0.0311600 0.0261001 0.0338806 0.0340740 0.0311927 0.0277469 0.0355600 0.0296463 0.0339542 0.0262207 0.0315098 0.0266629 0.0288690 0.0410481 0.0272282 0.0265516 0.0250439 0.0380273 0.0259655 0.0406229 0.0462767 0.0000000 0.0280753 0.0264731 0.0264605 0.0345588 0.0366727 0.0335040 0.0349614 0.0302853 0.0488757 0.0341660 0.0303390 0.0293719 0.0338060 0.1034628 
Temnothorax_recedens_P014         0.1213764 0.1290661 0.0689661 0.0918474 0.0918207 0.0689895 0.0667264 0.0672229 0.0672038 0.2080348 0.1638052 0.2184821 0.0272598 0.0235724 0.0278603 0.0308045 0.0259307 0.0257416 0.0182953 0.0230436 0.0309337 0.0171510 0.0291819 0.0136795 0.0277691 0.0182169 0.0209933 0.0285785 0.0229013 0.0222855 0.0154645 0.0327011 0.0179517 0.0357266 0.0410568 0.0280753 0.0000000 0.0217969 0.0226633 0.0294201 0.0242740 0.0285899 0.0266000 0.0266459 0.0440438 0.0301463 0.0204723 0.0197127 0.0284326 0.1000978 
Temnothorax_rugatulus_P018        0.1195385 0.1272161 0.0666867 0.0900573 0.0900323 0.0667809 0.0647648 0.0652317 0.0651649 0.2043243 0.1607890 0.2162501 0.0265318 0.0230057 0.0262025 0.0295381 0.0276246 0.0278193 0.0247909 0.0174035 0.0294773 0.0231309 0.0281122 0.0197703 0.0260476 0.0201910 0.0225305 0.0350493 0.0210001 0.0202243 0.0186193 0.0320380 0.0198299 0.0349013 0.0405838 0.0264731 0.0217969 0.0000000 0.0208491 0.0287057 0.0305119 0.0275075 0.0286960 0.0248781 0.0431585 0.0283311 0.0239539 0.0229770 0.0277628 0.0986078 
Temnothorax_rugithorax_cf_P135    0.1191400 0.1267585 0.0666609 0.0894569 0.0895674 0.0664129 0.0643547 0.0647984 0.0646088 0.2049950 0.1605897 0.2162833 0.0268620 0.0235285 0.0257620 0.0295252 0.0286931 0.0288105 0.0253374 0.0221627 0.0303222 0.0240861 0.0283824 0.0206456 0.0255147 0.0211950 0.0234064 0.0360118 0.0214971 0.0205347 0.0197305 0.0328037 0.0205347 0.0354210 0.0412684 0.0264605 0.0226633 0.0208491 0.0000000 0.0291850 0.0310694 0.0278267 0.0297821 0.0245500 0.0438368 0.0260972 0.0249316 0.0240003 0.0284794 0.0980268 
Temnothorax_salvini_P050          0.1273519 0.1345741 0.0749774 0.0976930 0.0977915 0.0750158 0.0728839 0.0734750 0.0732677 0.2126268 0.1695124 0.2227393 0.0220855 0.0208536 0.0343269 0.0376121 0.0351696 0.0353938 0.0321173 0.0298589 0.0375978 0.0309396 0.0357641 0.0272326 0.0340738 0.0278430 0.0300786 0.0421540 0.0294544 0.0289623 0.0265005 0.0385701 0.0271600 0.0309576 0.0361669 0.0345588 0.0294201 0.0287057 0.0291850 0.0000000 0.0374567 0.0351740 0.0359657 0.0330160 0.0392778 0.0364877 0.0314436 0.0306670 0.0345603 0.1061337 
Temnothorax_semenovi_P093         0.1290783 0.1357339 0.0767467 0.0989765 0.0989754 0.0767543 0.0746278 0.0751635 0.0750547 0.2128559 0.1704710 0.2234358 0.0355379 0.0320984 0.0360695 0.0397394 0.0350314 0.0346857 0.0263310 0.0318815 0.0391300 0.0217227 0.0375900 0.0226526 0.0362004 0.0271574 0.0296242 0.0271601 0.0312618 0.0307525 0.0241938 0.0409101 0.0266779 0.0440099 0.0492330 0.0366727 0.0242740 0.0305119 0.0310694 0.0374567 0.0000000 0.0367354 0.0354091 0.0350338 0.0521490 0.0384453 0.0292755 0.0286548 0.0368740 0.1074142 
Temnothorax_semiruber_P026        0.1261812 0.1329396 0.0734386 0.0959521 0.0962466 0.0738377 0.0717969 0.0721469 0.0723267 0.2106210 0.1675817 0.2209309 0.0328891 0.0297997 0.0329550 0.0361750 0.0347952 0.0347260 0.0315524 0.0288596 0.0286456 0.0302432 0.0269578 0.0266681 0.0330293 0.0276909 0.0296991 0.0414539 0.0283611 0.0277577 0.0259920 0.0382304 0.0267122 0.0413429 0.0466496 0.0335040 0.0285899 0.0275075 0.0278267 0.0351740 0.0367354 0.0000000 0.0354761 0.0320763 0.0494818 0.0354126 0.0309192 0.0299015 0.0343519 0.1040980 
Temnothorax_spinosior_P038        0.1273173 0.1352530 0.0750674 0.0979153 0.0979904 0.0751721 0.0731109 0.0735102 0.0735628 0.2123553 0.1692036 0.2232962 0.0339382 0.0304368 0.0345547 0.0376772 0.0323146 0.0323917 0.0294265 0.0300117 0.0379190 0.0280356 0.0359377 0.0248009 0.0348011 0.0240305 0.0272823 0.0397008 0.0298796 0.0291722 0.0232813 0.0387050 0.0248475 0.0423374 0.0478081 0.0349614 0.0266000 0.0286960 0.0297821 0.0359657 0.0354091 0.0354761 0.0000000 0.0334556 0.0499100 0.0370226 0.0281605 0.0273054 0.0348433 0.1068040 
Temnothorax_striatulus_cf_P051    0.1234588 0.1306787 0.0708508 0.0936965 0.0935045 0.0707964 0.0687370 0.0692240 0.0691422 0.2077798 0.1645004 0.2201731 0.0307241 0.0272513 0.0087798 0.0334434 0.0325251 0.0327734 0.0294354 0.0263373 0.0341022 0.0280529 0.0322718 0.0246366 0.0294364 0.0251612 0.0274387 0.0398833 0.0256285 0.0248687 0.0237342 0.0366278 0.0246266 0.0393128 0.0449599 0.0302853 0.0266459 0.0248781 0.0245500 0.0330160 0.0350338 0.0320763 0.0334556 0.0000000 0.0474227 0.0322871 0.0287980 0.0279275 0.0322453 0.1019760 
Temnothorax_subditivus_P059       0.1400602 0.1474067 0.0885326 0.1104433 0.1103752 0.0890259 0.0867781 0.0873502 0.0874485 0.2234918 0.1813140 0.2344572 0.0368508 0.0357640 0.0483510 0.0517034 0.0494270 0.0500624 0.0466247 0.0439322 0.0517384 0.0455118 0.0498037 0.0422396 0.0484893 0.0425289 0.0445987 0.0564739 0.0443229 0.0435567 0.0409994 0.0527416 0.0419296 0.0457498 0.0504338 0.0488757 0.0440438 0.0431585 0.0438368 0.0392778 0.0521490 0.0494818 0.0499100 0.0474227 0.0000000 0.0511223 0.0456159 0.0449769 0.0491031 0.1190482 
Temnothorax_tricarinatus_P110     0.1261606 0.1321717 0.0735081 0.0960263 0.0961254 0.0737731 0.0714672 0.0722505 0.0720714 0.2093088 0.1670219 0.2204446 0.0344452 0.0310819 0.0335002 0.0371898 0.0359453 0.0360804 0.0328307 0.0299070 0.0373827 0.0315903 0.0357844 0.0282362 0.0330380 0.0288193 0.0308414 0.0428045 0.0289129 0.0280097 0.0273030 0.0400109 0.0279754 0.0425876 0.0484162 0.0341660 0.0301463 0.0283311 0.0260972 0.0364877 0.0384453 0.0354126 0.0370226 0.0322871 0.0511223 0.0000000 0.0322647 0.0316127 0.0359083 0.1043210 
Temnothorax_turcicus_P022         0.1226280 0.1308701 0.0705309 0.0932829 0.0932470 0.0706556 0.0686083 0.0689102 0.0688793 0.2093085 0.1649665 0.2200529 0.0292296 0.0257158 0.0298671 0.0332507 0.0275379 0.0277080 0.0235419 0.0251800 0.0332443 0.0218767 0.0315223 0.0186625 0.0299925 0.0201851 0.0226450 0.0337694 0.0250014 0.0245301 0.0164793 0.0346539 0.0199464 0.0378945 0.0434230 0.0303390 0.0204723 0.0239539 0.0249316 0.0314436 0.0292755 0.0309192 0.0281605 0.0287980 0.0456159 0.0322647 0.0000000 0.0097345 0.0303814 0.1015280 
Temnothorax_unifasciatus_P027     0.1220619 0.1297013 0.0694781 0.0925905 0.0924242 0.0696304 0.0673699 0.0679327 0.0678459 0.2078370 0.1643864 0.2195414 0.0282653 0.0249458 0.0290334 0.0323484 0.0268032 0.0268950 0.0225476 0.0242015 0.0320766 0.0212121 0.0304905 0.0177269 0.0289990 0.0191451 0.0217243 0.0328819 0.0242518 0.0235468 0.0156798 0.0340755 0.0189826 0.0369329 0.0427102 0.0293719 0.0197127 0.0229770 0.0240003 0.0306670 0.0286548 0.0299015 0.0273054 0.0279275 0.0449769 0.0316127 0.0097345 0.0000000 0.0294860 0.1015245 
Temnothorax_whitfordi_P091        0.1258281 0.1323039 0.0734909 0.0961666 0.0960381 0.0740055 0.0715168 0.0721277 0.0720753 0.2077739 0.1662585 0.2201666 0.0324492 0.0290641 0.0330893 0.0367705 0.0340233 0.0341438 0.0310248 0.0287786 0.0366294 0.0298379 0.0347357 0.0264487 0.0335210 0.0272241 0.0289831 0.0412021 0.0288540 0.0282503 0.0254801 0.0290753 0.0261520 0.0406327 0.0458295 0.0338060 0.0284326 0.0277628 0.0284794 0.0345603 0.0368740 0.0343519 0.0348433 0.0322453 0.0491031 0.0359083 0.0303814 0.0294860 0.0000000 0.1043875 
Vombisidris_bilongrudi_D937       0.1464437 0.1536526 0.1013321 0.1186340 0.1185660 0.1020429 0.0995323 0.1002616 0.1005071 0.2304614 0.1898596 0.2366825 0.1040724 0.1005302 0.1031715 0.1062006 0.1066949 0.1059183 0.1023347 0.0993230 0.1067811 0.1017423 0.1052633 0.0982136 0.1026151 0.0990772 0.1008437 0.1120286 0.0975757 0.0972695 0.0972917 0.1072171 0.0980773 0.1113781 0.1166571 0.1034628 0.1000978 0.0986078 0.0980268 0.1061337 0.1074142 0.1040980 0.1068040 0.1019760 0.1190482 0.1043210 0.1015280 0.1015245 0.1043875 0.0000000 
