106
abroscopus_albogularis_ku_28164        0.00000000 0.03004874 0.02977520 0.02021605 0.01796586 0.02671503 0.03112647 0.02743787 0.01967742 0.02682440 0.02537177 0.02830866 0.02952221 0.02420286 0.02602735 0.02787210 0.02198561 0.02911084 0.02393816 0.02254693 0.03277044 0.02647880 0.02629548 0.02566594 0.02105220 0.02428785 0.02509333 0.02416696 0.01839711 0.02735549 0.01853429 0.02617086 0.02943296 0.02569771 0.04120447 0.02311827 0.01825812 0.02540281 0.02581065 0.02397904 0.02894770 0.02476155 0.02116046 0.02544771 0.01628596 0.03319373 0.02374032 0.02595372 0.03106554 0.02451940 0.02108172 0.01147908 0.02568288 0.02568071 0.02487522 0.02343293 0.02001913 0.02216808 0.02668791 0.02185793 0.02458039 0.02691797 0.02208721 0.01986550 0.02378460 0.02204888 0.02130541 0.02936173 0.02332419 0.02466553 0.01860821 0.02750995 0.02442396 0.02418252 0.01827342 0.02826100 0.04991422 0.02262209 0.02242599 0.03003566 0.02786519 0.02310256 0.02245305 0.02367681 0.01976415 0.01995365 0.02307531 0.02751322 0.02565370 0.02077728 0.02780591 0.02806087 0.02570381 0.02800015 0.01777733 0.02620793 0.02517075 0.02445081 0.02082539 0.02133557 0.01148483 0.02023472 0.02251672 0.02640534 0.02511314 0.02611133 
timeliopsis_fulvigula_12152            0.03004874 0.00000000 0.01315873 0.03382644 0.03246900 0.02924855 0.03271520 0.03054773 0.03347712 0.03631361 0.03439545 0.03485688 0.03933564 0.03334197 0.02933129 0.03758975 0.03527004 0.02772481 0.02699773 0.02408376 0.03502804 0.02925679 0.03595245 0.02864937 0.03269924 0.03245491 0.03101579 0.03650673 0.03526159 0.03679398 0.01793168 0.02889500 0.01243492 0.03509217 0.04345092 0.03693335 0.03337103 0.03471089 0.03503458 0.02547589 0.03261007 0.02870777 0.03509103 0.02881428 0.02393951 0.03122731 0.02802067 0.01059764 0.03212678 0.03014002 0.02691650 0.01067295 0.02872652 0.03492001 0.03263457 0.03215434 0.02949191 0.02671230 0.03002904 0.02183414 0.02695118 0.02906542 0.03621478 0.03363133 0.02694628 0.03434206 0.02207451 0.02410958 0.03252731 0.03405551 0.01794918 0.03412915 0.03370929 0.02878963 0.03352161 0.03404546 0.05409275 0.03091392 0.03643583 0.03271259 0.03123918 0.03693891 0.03122878 0.03294677 0.03604425 0.01992177 0.02321483 0.02658778 0.02820743 0.03461261 0.03669954 0.03863310 0.02856560 0.03174545 0.03280978 0.03519332 0.02767231 0.03345262 0.03500427 0.03444800 0.03101383 0.03405691 0.02696795 0.03548552 0.03412942 0.02809204 
acanthorhynchus_tenuirostris_ku_10667  0.02977520 0.01315873 0.00000000 0.03379717 0.03222254 0.02941080 0.03269231 0.03081841 0.03341457 0.03624216 0.03454337 0.03460084 0.03926211 0.03332208 0.02913003 0.03751725 0.03490308 0.02733637 0.02691439 0.02379200 0.03512574 0.02931432 0.03614875 0.02854538 0.03250079 0.03221176 0.03077539 0.03647303 0.03544337 0.03670173 0.01739492 0.02893592 0.01242697 0.03496335 0.04334883 0.03699874 0.03334170 0.03456496 0.03505816 0.02522992 0.03253643 0.02853344 0.03513105 0.02854776 0.02361959 0.03116336 0.02779547 0.01061584 0.03209583 0.03029610 0.02650956 0.01027854 0.02859720 0.03481926 0.03248846 0.03196541 0.02903087 0.02640305 0.02977158 0.02171948 0.02666210 0.02924655 0.03644412 0.03358185 0.02679088 0.03404457 0.02174552 0.02418677 0.03238303 0.03396484 0.01734240 0.03417512 0.03365066 0.02882771 0.03357987 0.03388202 0.05408747 0.03075039 0.03645071 0.03260545 0.03126645 0.03694416 0.03111528 0.03269471 0.03615172 0.01946323 0.02298433 0.02657320 0.02821250 0.03465884 0.03649913 0.03886123 0.02869797 0.03171773 0.03278077 0.03503953 0.02760520 0.03339303 0.03510960 0.03447230 0.03075396 0.03395714 0.02693492 0.03549867 0.03387893 0.02784730 
acrocephalus_orientalis_ku_28793       0.02021605 0.03382644 0.03379717 0.00000000 0.02153875 0.02991359 0.03592205 0.03087210 0.02199902 0.03029025 0.02876221 0.03206325 0.03342988 0.02731496 0.02933669 0.03165815 0.02452106 0.03036076 0.02604702 0.02432932 0.03855242 0.02958646 0.02963588 0.02894655 0.02248636 0.02686894 0.02870430 0.02701487 0.02407782 0.03104412 0.01870450 0.02931791 0.03348398 0.02918514 0.04609747 0.02553620 0.02224094 0.02820174 0.02891771 0.02588402 0.03297561 0.02746072 0.02379778 0.02889724 0.01623199 0.03776995 0.02656629 0.02735597 0.03565617 0.02808268 0.02214412 0.01131053 0.02904846 0.02920415 0.02747144 0.02587449 0.02128939 0.02523681 0.03032182 0.02255329 0.02735262 0.03050595 0.02492866 0.02195676 0.02732583 0.02465291 0.02260800 0.03350073 0.02613434 0.02821256 0.01843608 0.03228898 0.02760492 0.02694193 0.02224095 0.03158106 0.05692214 0.02509466 0.02516343 0.03343581 0.03143233 0.02561938 0.02541958 0.02702805 0.02449703 0.02004172 0.02369052 0.02956620 0.02862328 0.02326796 0.03087618 0.03187993 0.02895161 0.03212887 0.02159482 0.02969184 0.02805951 0.02767250 0.02385196 0.02385216 0.02051613 0.02275293 0.02527997 0.02967815 0.02802715 0.02878488 
aegithalos_concinnus_ku_28044          0.01796586 0.03246900 0.03222254 0.02153875 0.00000000 0.02894035 0.03435881 0.02944749 0.02107798 0.02911726 0.02750350 0.03099275 0.03218930 0.02623538 0.02817736 0.03028102 0.02363252 0.03002240 0.02555200 0.02394352 0.03629568 0.02861562 0.02853102 0.02782972 0.02202932 0.02596517 0.02768159 0.02587400 0.02087525 0.02981853 0.01886043 0.02793660 0.03194631 0.02779766 0.04462873 0.02465167 0.01962127 0.02761067 0.02787518 0.02527640 0.03160636 0.02679779 0.02294001 0.02751769 0.01672397 0.03588837 0.02546000 0.02710899 0.03406332 0.02690775 0.02215956 0.01136524 0.02776643 0.02795008 0.02639326 0.02512782 0.02085460 0.02429467 0.02903472 0.02219056 0.02654080 0.02924815 0.02379518 0.02151975 0.02616139 0.02383291 0.02216502 0.03188899 0.02518604 0.02680170 0.01873425 0.03056162 0.02662479 0.02629571 0.01959925 0.03054814 0.05424164 0.02435838 0.02436168 0.03217471 0.03019252 0.02457088 0.02445268 0.02576279 0.01198301 0.02045342 0.02372694 0.02899207 0.02742297 0.02222014 0.02971455 0.03053292 0.02788424 0.03044191 0.01899712 0.02810798 0.02686229 0.02645201 0.02264061 0.02300582 0.01763070 0.02177437 0.02452585 0.02856233 0.02700645 0.02784652 
aegithina_lafresnayei_ku_23213         0.02671503 0.02924855 0.02941080 0.02991359 0.02894035 0.00000000 0.03119660 0.01972047 0.02936258 0.03179835 0.03035300 0.03006647 0.03552056 0.02894066 0.02334521 0.03323982 0.03164907 0.02766803 0.02337339 0.01834694 0.03332961 0.02176748 0.03145849 0.02142616 0.02958666 0.02862591 0.02683321 0.03239797 0.03140470 0.03273026 0.01445061 0.02140018 0.02897219 0.03089871 0.04149088 0.03272541 0.02940987 0.03000710 0.03093281 0.01955039 0.02490020 0.02455396 0.03110186 0.01781096 0.02170920 0.03322531 0.02412061 0.02467016 0.03062484 0.02599050 0.02415387 0.00831953 0.02129358 0.03070726 0.02978960 0.02766284 0.02620580 0.02274045 0.02243454 0.01698986 0.02011304 0.02610424 0.03208142 0.02938698 0.01948472 0.03010265 0.01659129 0.02881636 0.02865923 0.03022842 0.01438891 0.03002195 0.02945670 0.02442482 0.02931894 0.02952981 0.05165298 0.02681856 0.03226817 0.02940505 0.01852261 0.03292693 0.02713401 0.02871712 0.03172592 0.01548009 0.01807902 0.02649288 0.02239948 0.03073680 0.03249053 0.03391523 0.01693818 0.02424782 0.02864865 0.03148406 0.02059835 0.02951576 0.03098065 0.03015789 0.02752748 0.02981768 0.02287194 0.03134737 0.02953469 0.02209034 
ailuroedus_buccoides_ku_12226          0.03112647 0.03271520 0.03269231 0.03592205 0.03435881 0.03119660 0.00000000 0.03272083 0.03572316 0.03855671 0.03679241 0.03706937 0.04174776 0.03542289 0.03120991 0.03997962 0.03731871 0.02338710 0.02889002 0.02543470 0.02906458 0.03148138 0.03821715 0.03075583 0.03451764 0.03455677 0.03302668 0.03904370 0.03778825 0.03923248 0.01891819 0.03090275 0.03224961 0.03723329 0.04064901 0.03919966 0.03562627 0.03671884 0.03742086 0.02716331 0.03484790 0.03066829 0.03760478 0.03033155 0.02526633 0.03674107 0.02995427 0.02587040 0.02865556 0.03257976 0.02844767 0.01113243 0.03065025 0.03724287 0.03469870 0.03389981 0.03118992 0.02883287 0.03172187 0.02343098 0.02870272 0.03134624 0.03867285 0.03569119 0.02877782 0.03639342 0.02341649 0.03250688 0.03463106 0.03633444 0.01881640 0.03680291 0.03592420 0.03092724 0.03588476 0.03628138 0.05127388 0.03320392 0.03888618 0.03474134 0.03335009 0.03908902 0.03351901 0.03516494 0.03824599 0.02097827 0.02436383 0.01154578 0.03022784 0.03704725 0.03866026 0.04087996 0.03061453 0.03384033 0.03510521 0.03737768 0.02945279 0.03577102 0.03752654 0.03664624 0.03289891 0.03634289 0.02902400 0.03755364 0.03628513 0.02992375 
artamus_cinereus_ku_6183               0.02743787 0.03054773 0.03081841 0.03087210 0.02944749 0.01972047 0.03272083 0.00000000 0.03049854 0.03315849 0.03148811 0.03148069 0.03626766 0.03028916 0.02450731 0.03419361 0.03243114 0.02834340 0.02436828 0.01887898 0.03524072 0.02325785 0.03298260 0.02257727 0.03044881 0.02983881 0.02753802 0.03313334 0.03229385 0.03362138 0.01504759 0.02250759 0.03027598 0.03178456 0.04334697 0.03382645 0.03040011 0.03146306 0.03224889 0.02004834 0.02649544 0.02548674 0.03203065 0.01860311 0.02206702 0.03438745 0.02502566 0.02502203 0.03223141 0.02714167 0.02486207 0.00878849 0.02231994 0.03166971 0.02993981 0.02907069 0.02706499 0.02371487 0.02372317 0.01746602 0.02105578 0.02724468 0.03311397 0.03052799 0.02058325 0.03127250 0.01727993 0.03027258 0.02995964 0.03109100 0.01491810 0.03089410 0.03064509 0.02577057 0.03049615 0.03090316 0.05402968 0.02786981 0.03337332 0.03036767 0.02069211 0.03396019 0.02829201 0.02960266 0.03299288 0.01596268 0.01877539 0.02701233 0.02354720 0.03161603 0.03354335 0.03557836 0.01853904 0.02515098 0.02960830 0.03257629 0.02151093 0.03056559 0.03198758 0.03153889 0.02860347 0.03101112 0.02382930 0.03242463 0.03095231 0.02276686 
bleda_syndactylus_ku_29008             0.01967742 0.03347712 0.03341457 0.02199902 0.02107798 0.02936258 0.03572316 0.03049854 0.00000000 0.02996036 0.02853966 0.03165383 0.03302206 0.02691316 0.02898090 0.03120543 0.02392505 0.03029187 0.02578072 0.02395898 0.03805153 0.02917922 0.02935489 0.02850464 0.02223076 0.02636402 0.02814441 0.02638212 0.02338777 0.03056529 0.01827750 0.02884949 0.03302618 0.02870978 0.04585234 0.02527697 0.02144350 0.02832308 0.02850532 0.02538847 0.03233929 0.02718700 0.02348560 0.02847331 0.01594239 0.03741167 0.02609792 0.02703762 0.03540979 0.02769608 0.02181423 0.01090436 0.02839965 0.02864480 0.02689734 0.02560628 0.02059183 0.02470831 0.02981567 0.02212832 0.02672254 0.02993306 0.02426545 0.02180580 0.02683884 0.02440428 0.02194774 0.03327341 0.02568022 0.02760605 0.01814453 0.03164222 0.02714254 0.02649465 0.02146412 0.03118510 0.05687800 0.02465604 0.02484136 0.03322263 0.03120858 0.02530700 0.02492096 0.02636440 0.02404055 0.02003459 0.02360024 0.02942149 0.02807935 0.01736885 0.03057245 0.03156682 0.02860622 0.03138807 0.02066325 0.02914257 0.02754932 0.02729689 0.02275315 0.02339715 0.01989416 0.02149251 0.02495705 0.02917740 0.02763313 0.02845659 
bombycilla_garrulus_ku_21744           0.02682440 0.03631361 0.03624216 0.03029025 0.02911726 0.03179835 0.03855671 0.03315849 0.02996036 0.00000000 0.03085069 0.03451510 0.03603912 0.02949139 0.03186788 0.03370744 0.03158317 0.03240182 0.02825166 0.02644151 0.04088887 0.03193246 0.03256788 0.03151262 0.02963214 0.01901697 0.03121350 0.03292979 0.03217090 0.03303711 0.02007821 0.03159635 0.03604966 0.03125628 0.04855845 0.03357468 0.02987068 0.03154833 0.03107860 0.02774149 0.03545757 0.02986018 0.03181852 0.03133762 0.02180513 0.04040955 0.02888798 0.02920837 0.03840365 0.03059952 0.02401725 0.01215236 0.03137937 0.03114567 0.02885646 0.02803485 0.02654563 0.02760654 0.03260700 0.02440489 0.02954340 0.03284074 0.03264758 0.03017947 0.02974037 0.03064193 0.02433087 0.03608945 0.02941357 0.03029893 0.02018615 0.03456448 0.02979938 0.02959460 0.03003721 0.03409008 0.05951030 0.02721690 0.03304447 0.03613576 0.03397715 0.03351746 0.02764309 0.02883133 0.03264389 0.02192056 0.02556891 0.03171807 0.03117801 0.03123510 0.03264811 0.03522376 0.03153201 0.03428731 0.02922773 0.03145772 0.03017493 0.02948891 0.03159975 0.03108811 0.02797930 0.03067397 0.02793213 0.03137219 0.03028284 0.03065376 
certhia_americana_ku_30065             0.02537177 0.03439545 0.03454337 0.02876221 0.02750350 0.03035300 0.03679241 0.03148811 0.02853966 0.03085069 0.00000000 0.03276663 0.03421888 0.02771519 0.03007029 0.03169936 0.03008557 0.03048890 0.02628773 0.02452467 0.03893952 0.03028672 0.03085368 0.02979623 0.02804640 0.02685004 0.02947134 0.03143604 0.03027436 0.03142320 0.01803954 0.02991698 0.03422092 0.02955102 0.04685438 0.03206605 0.02814818 0.02953065 0.02958427 0.02599039 0.03349161 0.02796866 0.03017467 0.02952309 0.02016296 0.03873384 0.02701566 0.02719998 0.03626034 0.02881364 0.02226226 0.01064559 0.02966720 0.02938112 0.02706712 0.02647009 0.02457516 0.02590479 0.03095219 0.02255679 0.02761529 0.03111305 0.03120888 0.02855275 0.02780264 0.02906355 0.02259998 0.03419043 0.02753599 0.02872915 0.01801695 0.03284071 0.02804344 0.02768069 0.02864531 0.03228584 0.05753737 0.02536889 0.03152635 0.03428124 0.03231153 0.03209645 0.02577349 0.02739822 0.03129285 0.02011513 0.02383968 0.02995345 0.02912825 0.02972096 0.03088930 0.03346152 0.02951155 0.03269145 0.02769180 0.02712097 0.02861509 0.02774403 0.03010457 0.02972872 0.02615973 0.02912653 0.02611125 0.02538404 0.02855213 0.02871278 
chaetops_aurantius_uwbm_52974          0.02830866 0.03485688 0.03460084 0.03206325 0.03099275 0.03006647 0.03706937 0.03148069 0.03165383 0.03451510 0.03276663 0.00000000 0.03794186 0.03157043 0.03004263 0.03540518 0.03338184 0.03096948 0.02677219 0.02478882 0.03905024 0.03022105 0.03428373 0.02973999 0.03124310 0.03079755 0.02899559 0.03496606 0.03366096 0.03512443 0.01886701 0.02997857 0.03436008 0.03322510 0.04729254 0.03528439 0.03161208 0.03310671 0.03328500 0.02626966 0.03359709 0.02826804 0.03358408 0.02946462 0.02277817 0.03854783 0.02711053 0.02815753 0.03654894 0.02855775 0.02580828 0.01133786 0.02964327 0.03339610 0.03099561 0.03045702 0.02789306 0.02572844 0.03088835 0.02317425 0.02784508 0.03102329 0.03456116 0.03198708 0.02793694 0.03261068 0.02276050 0.03420406 0.03070974 0.03232037 0.01872020 0.03221832 0.03206136 0.02732900 0.03174127 0.02341217 0.05828480 0.02916843 0.03482335 0.03401956 0.03192273 0.03549095 0.02955227 0.03116571 0.03436894 0.02051668 0.02426066 0.03044827 0.02927642 0.03318851 0.03510589 0.03676569 0.02965445 0.03256005 0.03110755 0.03359890 0.02835429 0.03173322 0.03328153 0.03284397 0.02942264 0.03259079 0.02620487 0.03365431 0.03237866 0.02916384 
chelidorhynx_hypoxanthus_ku_28022      0.02952221 0.03933564 0.03926211 0.03342988 0.03218930 0.03552056 0.04174776 0.03626766 0.03302206 0.03603912 0.03421888 0.03794186 0.00000000 0.03344963 0.03540473 0.03703337 0.03459339 0.03490551 0.03199216 0.02991516 0.04356360 0.03532469 0.03055555 0.03475550 0.03267126 0.03241816 0.03444251 0.03593839 0.03475852 0.03659902 0.02250802 0.03498922 0.03886762 0.03500989 0.05084220 0.03637700 0.03300584 0.03398109 0.03468984 0.03098529 0.03830478 0.03323527 0.03451445 0.03465907 0.02471380 0.04326891 0.03222102 0.03213037 0.04139230 0.03379857 0.02735272 0.01429289 0.03444557 0.03483768 0.03252903 0.03158388 0.02947251 0.03097389 0.03572873 0.02724343 0.03286433 0.03587882 0.03566703 0.03304431 0.03296442 0.03367585 0.02726073 0.03915165 0.03221096 0.03394678 0.02259122 0.03768994 0.03345502 0.03289035 0.03295927 0.03735426 0.06196438 0.03084156 0.03573531 0.03932969 0.03710872 0.03623063 0.03117372 0.03272042 0.03530805 0.02494719 0.02858743 0.03488778 0.03431209 0.03426211 0.03634078 0.03777698 0.03452981 0.03712934 0.03225611 0.03517219 0.03338753 0.03344311 0.03438007 0.03405426 0.03057291 0.03367513 0.03144413 0.03525525 0.03383067 0.03379254 
chloropsis_sonnerati_ku_24451          0.02420286 0.03334197 0.03332208 0.02731496 0.02623538 0.02894066 0.03542289 0.03028916 0.02691316 0.02949139 0.02771519 0.03157043 0.03344963 0.00000000 0.02878229 0.03061456 0.02896748 0.02954065 0.02539281 0.02379561 0.03728457 0.02895373 0.02947437 0.02820233 0.02706490 0.02572711 0.02807463 0.02999741 0.02877572 0.02600853 0.01779997 0.02857123 0.03295265 0.02390161 0.04592752 0.03037908 0.02688055 0.02821832 0.02354706 0.02494113 0.03222315 0.02689789 0.02877245 0.02806452 0.01941584 0.03718455 0.02564073 0.02677034 0.03483127 0.02739160 0.01991043 0.01066153 0.02825054 0.02364867 0.02620686 0.02230888 0.02385003 0.02449577 0.02945516 0.02194947 0.02642172 0.02969426 0.02972612 0.02722121 0.02639827 0.02766110 0.02171942 0.03310179 0.02631166 0.02299221 0.01758788 0.03142130 0.02248341 0.02626605 0.02706884 0.03105752 0.05660201 0.01995458 0.02998618 0.03295366 0.03073562 0.03042834 0.02257157 0.02170609 0.02937288 0.01964428 0.02287069 0.02878749 0.02795876 0.02822345 0.02989899 0.03216433 0.02826473 0.03118312 0.02629091 0.02886553 0.02731043 0.02653810 0.02875951 0.02796320 0.02517732 0.02767218 0.02463238 0.02861670 0.02303813 0.02786628 
cinclosoma_punctatum_uwbm_57790        0.02602735 0.02933129 0.02913003 0.02933669 0.02817736 0.02334521 0.03120991 0.02450731 0.02898090 0.03186788 0.03007029 0.03004263 0.03540473 0.02878229 0.00000000 0.03300101 0.03102965 0.02691147 0.02261956 0.01852601 0.03387397 0.02300488 0.03166063 0.02230775 0.02864813 0.02816833 0.02624835 0.03218365 0.03106600 0.03255341 0.01433454 0.02250086 0.02870966 0.03063419 0.04231799 0.03258756 0.02900206 0.03013027 0.03058190 0.01997293 0.02653098 0.02401294 0.03090531 0.02231388 0.02065724 0.03317259 0.02330647 0.02322979 0.03080855 0.02568094 0.02316119 0.00832707 0.02237289 0.03055211 0.02844190 0.02751203 0.02542993 0.02214401 0.02345893 0.01718553 0.02080264 0.02549845 0.03199587 0.02909307 0.02051668 0.02987873 0.01696678 0.02887672 0.02815917 0.02970851 0.01431458 0.02988439 0.02923204 0.02413043 0.02917139 0.02926178 0.05285438 0.02649234 0.03198475 0.02917479 0.02472341 0.03262111 0.02656757 0.02832108 0.03152223 0.01548561 0.01843943 0.02549623 0.01465476 0.03031324 0.03245640 0.03417268 0.02238523 0.02522235 0.02823975 0.03098446 0.02139574 0.02918450 0.03066884 0.02997688 0.02685038 0.02978987 0.02240309 0.03125304 0.02951738 0.02247836 
cinclus_pallasii_ku_11246              0.02787210 0.03758975 0.03751725 0.03165815 0.03028102 0.03323982 0.03997962 0.03419361 0.03120543 0.03370744 0.03169936 0.03540518 0.03703337 0.03061456 0.03300101 0.00000000 0.03307419 0.03292345 0.02948708 0.02724124 0.04200066 0.03309080 0.03352237 0.03257691 0.03078701 0.02959262 0.03234869 0.03422711 0.03325980 0.03417159 0.02060648 0.03278632 0.03711214 0.03231314 0.04949047 0.03478023 0.03133893 0.03244954 0.03225586 0.02851894 0.03652902 0.03114553 0.03295977 0.03228345 0.02232108 0.04169132 0.02994160 0.02988952 0.03943459 0.03168720 0.02458320 0.01260816 0.03238576 0.03208929 0.02413589 0.02900611 0.02735715 0.02885250 0.03376289 0.02503415 0.03031919 0.03391371 0.03406162 0.03137787 0.03077059 0.03172723 0.02497499 0.03737362 0.03037672 0.03133491 0.02051011 0.03572187 0.03078519 0.03059633 0.03127755 0.03513932 0.06052241 0.02808769 0.03437295 0.03707806 0.03512908 0.03472075 0.02856648 0.03005250 0.03385344 0.02235741 0.02631424 0.03280939 0.03214909 0.03248797 0.03380352 0.03633290 0.03257483 0.03535336 0.03074988 0.03235642 0.03146128 0.02466410 0.03268352 0.03228649 0.02869560 0.03197505 0.02904864 0.03241485 0.03123464 0.03164666 
cisticola_anonymus_ku_29165            0.02198561 0.03527004 0.03490308 0.02452106 0.02363252 0.03164907 0.03731871 0.03243114 0.02392505 0.03158317 0.03008557 0.03338184 0.03459339 0.02896748 0.03102965 0.03307419 0.00000000 0.03232646 0.02792889 0.02654045 0.03905290 0.03114205 0.03127558 0.03043774 0.02490466 0.02857528 0.03016289 0.02824967 0.02598709 0.03214208 0.02065861 0.03093294 0.03498948 0.03042956 0.04730677 0.02730368 0.02451872 0.02980787 0.03043069 0.02744609 0.03409395 0.02917374 0.02549862 0.03041746 0.01840626 0.03870036 0.02792760 0.02914493 0.03698508 0.02944664 0.02436000 0.01277816 0.03066704 0.03051387 0.02900753 0.02778732 0.02340385 0.02672969 0.03165777 0.02460844 0.02909302 0.03191016 0.01179195 0.02425545 0.02869284 0.02628709 0.02464202 0.03495217 0.02771062 0.02940382 0.02027541 0.03306120 0.02920346 0.02868533 0.02375027 0.03295606 0.05754380 0.02673918 0.02688931 0.03483401 0.03313661 0.02749431 0.02701671 0.02846280 0.02660082 0.02240829 0.02596164 0.03167839 0.03033295 0.02510769 0.03256067 0.03322940 0.03062628 0.03321734 0.02345830 0.03091988 0.02961710 0.02920214 0.02538255 0.02548636 0.02285482 0.02445831 0.02706037 0.03070857 0.02956614 0.03064275 
climacteris_melanurus_ku_8858          0.02911084 0.02772481 0.02733637 0.03036076 0.03002240 0.02766803 0.02338710 0.02834340 0.03029187 0.03240182 0.03048890 0.03096948 0.03490551 0.02954065 0.02691147 0.03292345 0.03232646 0.00000000 0.02636323 0.02453296 0.01471775 0.02730691 0.03185926 0.02653747 0.03177675 0.03019175 0.02766836 0.03262178 0.03160269 0.03279588 0.02097109 0.02645304 0.02724274 0.03118731 0.03505901 0.03257566 0.03009137 0.03093916 0.03137010 0.02566305 0.02937883 0.02681837 0.03114660 0.02628123 0.02537338 0.03083377 0.02603493 0.02564678 0.02451082 0.02711714 0.02697785 0.01253589 0.02635744 0.03109438 0.03069353 0.02883324 0.02920192 0.02460444 0.02707801 0.02417003 0.02560917 0.02695376 0.03236083 0.02992784 0.02467411 0.03019350 0.02349478 0.02694027 0.02956623 0.03028476 0.02090636 0.03043842 0.02986495 0.02608408 0.02975019 0.03085068 0.04281185 0.02798801 0.03227146 0.02999981 0.02837333 0.03272431 0.02818450 0.02970936 0.03185430 0.02218574 0.02489524 0.02149924 0.02626279 0.03121246 0.03256870 0.03380271 0.02639466 0.02864996 0.02935440 0.03196265 0.02598781 0.03035952 0.03129624 0.03060711 0.02968397 0.03073948 0.02506272 0.03156014 0.03029060 0.02769391 
cnemophilus_loriae_ku_16529            0.02393816 0.02699773 0.02691439 0.02604702 0.02555200 0.02337339 0.02889002 0.02436828 0.02578072 0.02825166 0.02628773 0.02677219 0.03199216 0.02539281 0.02261956 0.02948708 0.02792889 0.02636323 0.00000000 0.01901118 0.03122887 0.02290907 0.02813155 0.02259126 0.02631442 0.02547290 0.02272796 0.02863749 0.02762715 0.02878723 0.01503986 0.02250155 0.02663966 0.02734997 0.04000610 0.02901937 0.02574758 0.02654672 0.02707646 0.02055872 0.02590876 0.00460233 0.02731213 0.02223155 0.01934724 0.03079341 0.02020624 0.02275005 0.02842716 0.02215511 0.02108247 0.00836931 0.02248429 0.02682980 0.02594205 0.02409482 0.02331903 0.01878781 0.02342124 0.01798321 0.02121227 0.02402190 0.02825217 0.02583095 0.02042850 0.02628096 0.01781401 0.02641683 0.02517232 0.02635444 0.01479573 0.02622539 0.02588790 0.02074229 0.02589617 0.02602181 0.04981698 0.02300061 0.02859972 0.02707782 0.02472649 0.02924596 0.02341088 0.02503201 0.02833968 0.01634835 0.01919069 0.02442994 0.02199060 0.02691052 0.02893320 0.03049401 0.02199439 0.02486695 0.02509734 0.02787124 0.02184877 0.02594408 0.02751117 0.02650984 0.02432011 0.02628571 0.01902210 0.02768262 0.02604705 0.02320669 
coracina_tenuirostris_ku_23644         0.02254693 0.02408376 0.02379200 0.02432932 0.02394352 0.01834694 0.02543470 0.01887898 0.02395898 0.02644151 0.02452467 0.02478882 0.02991516 0.02379561 0.01852601 0.02724124 0.02654045 0.02453296 0.01901118 0.00000000 0.02785882 0.01749540 0.02590884 0.01681219 0.02502097 0.02383915 0.02140476 0.02670782 0.02591360 0.02703247 0.01226727 0.01693591 0.02360597 0.02521074 0.03599905 0.02701771 0.02413997 0.02469218 0.02546428 0.01590563 0.02034974 0.01975189 0.02522231 0.01687940 0.01844722 0.02748340 0.01890541 0.02070677 0.02507301 0.02072720 0.02027051 0.00671826 0.01694135 0.02493242 0.02461399 0.02273371 0.02204850 0.01733909 0.01791192 0.01387557 0.01616532 0.02095201 0.02643456 0.02391198 0.01493198 0.02427572 0.01342334 0.02340241 0.02316823 0.02448687 0.00945344 0.02430524 0.02417805 0.01929112 0.02385488 0.02423750 0.04545135 0.02162636 0.02667019 0.02430556 0.01895399 0.02743280 0.02187428 0.02329236 0.02625144 0.01252589 0.01538393 0.02222306 0.01759389 0.02505926 0.02714129 0.02834522 0.01663518 0.01916016 0.02314072 0.02599901 0.01627080 0.02409477 0.02523232 0.02469337 0.02289848 0.02456014 0.01777296 0.02560200 0.02435804 0.01796837 
cormobates_leucophaea_uwbm_57452       0.03277044 0.03502804 0.03512574 0.03855242 0.03629568 0.03332961 0.02906458 0.03524072 0.03805153 0.04088887 0.03893952 0.03905024 0.04356360 0.03728457 0.03387397 0.04200066 0.03905290 0.01471775 0.03122887 0.02785882 0.00000000 0.03386811 0.04038567 0.03326657 0.03654748 0.03659316 0.03500808 0.04129638 0.03990156 0.04147955 0.02013821 0.03324570 0.03471454 0.03933159 0.04251800 0.04120215 0.03767327 0.03931874 0.03935601 0.02921595 0.03722122 0.03293830 0.03970455 0.03281183 0.02668495 0.03903907 0.03233002 0.02748743 0.03119219 0.03469656 0.03005431 0.01177428 0.03287358 0.03930272 0.03622377 0.03617230 0.03299027 0.03128029 0.03438268 0.02516302 0.03113664 0.03342724 0.04078061 0.03802559 0.03131699 0.03881906 0.02520201 0.03477787 0.03674410 0.03854903 0.02040070 0.03879692 0.03795127 0.03288607 0.03797386 0.03834461 0.05338424 0.03529026 0.04131253 0.03692374 0.03567243 0.04103175 0.03587394 0.03730911 0.04051588 0.02235891 0.02602716 0.02326891 0.03255787 0.03956837 0.04095992 0.04297532 0.03311166 0.03627973 0.03716333 0.03960699 0.03181024 0.03802569 0.03961512 0.03897536 0.03469123 0.03866332 0.03145362 0.03978693 0.03834111 0.03196182 
corvus_corax_ku_30042                  0.02647880 0.02925679 0.02931432 0.02958646 0.02861562 0.02176748 0.03148138 0.02325785 0.02917922 0.03193246 0.03028672 0.03022105 0.03532469 0.02895373 0.02300488 0.03309080 0.03114205 0.02730691 0.02290907 0.01749540 0.03386811 0.00000000 0.03172503 0.02099663 0.02896304 0.02842829 0.02660463 0.03234003 0.03116007 0.03240144 0.01368362 0.02108790 0.02878071 0.03064814 0.04251458 0.03261107 0.02908647 0.03026618 0.03069380 0.01622133 0.01916431 0.02418635 0.03099857 0.02072161 0.02086184 0.03343453 0.02344821 0.02357383 0.03072729 0.02594431 0.02334601 0.00815872 0.01711069 0.03046327 0.02882723 0.02761268 0.02565621 0.02229717 0.02203300 0.01608749 0.01959592 0.02556601 0.03195921 0.02924758 0.01890644 0.02989042 0.01261649 0.02892257 0.02848707 0.02980844 0.01355266 0.03018201 0.02930559 0.02416738 0.02925496 0.02936509 0.05282832 0.02648220 0.03225599 0.02904941 0.02333294 0.03272822 0.02657446 0.02856879 0.03162220 0.01465152 0.01757839 0.02581416 0.02187233 0.03061251 0.03241186 0.03422491 0.02064572 0.02065152 0.02863307 0.03114495 0.01614852 0.02930359 0.03078237 0.03013766 0.02709371 0.02981823 0.02252320 0.03143086 0.02953147 0.02124016 
culicicapa_ceylonensis_ku_9948         0.02629548 0.03595245 0.03614875 0.02963588 0.02853102 0.03145849 0.03821715 0.03298260 0.02935489 0.03256788 0.03085368 0.03428373 0.03055555 0.02947437 0.03166063 0.03352237 0.03127558 0.03185926 0.02813155 0.02590884 0.04038567 0.03172503 0.00000000 0.03122812 0.02887279 0.02907393 0.03090513 0.03252683 0.03119897 0.03320272 0.01925603 0.03145704 0.03572552 0.03119876 0.04816916 0.03295220 0.02944248 0.03044906 0.03103611 0.02728337 0.03503487 0.02997583 0.03121612 0.03106719 0.02128280 0.04011193 0.02856380 0.02861287 0.03803184 0.03029169 0.02377965 0.01127517 0.03099434 0.03122153 0.02907463 0.02794311 0.02593698 0.02734645 0.03237192 0.02372667 0.02902324 0.03253281 0.03213753 0.02941355 0.02950949 0.03016300 0.02385081 0.03587479 0.02871294 0.03039168 0.01933618 0.03443408 0.02981760 0.02895847 0.02945839 0.03373083 0.05942218 0.02727593 0.03205039 0.03593235 0.03373590 0.03288171 0.02756278 0.02902329 0.03195148 0.02118190 0.02478940 0.03130590 0.03061422 0.03047539 0.03308471 0.03434633 0.03118526 0.03389626 0.02880019 0.03162119 0.02989981 0.02963532 0.03097256 0.03057014 0.02727510 0.02999830 0.02763066 0.03192033 0.03040554 0.03029520 
daphoenositta_chrysoptera_ku_23086     0.02566594 0.02864937 0.02854538 0.02894655 0.02782972 0.02142616 0.03075583 0.02257727 0.02850464 0.03151262 0.02979623 0.02973999 0.03475550 0.02820233 0.02230775 0.03257691 0.03043774 0.02653747 0.02259126 0.01681219 0.03326657 0.02099663 0.03122812 0.00000000 0.02828774 0.02790663 0.02592735 0.03134363 0.03078402 0.03205061 0.01339830 0.02054756 0.02819060 0.03002632 0.04194121 0.03203696 0.02848837 0.02980170 0.03034275 0.01831660 0.02456032 0.02359315 0.03024410 0.02033274 0.02023271 0.03254594 0.02303780 0.02291256 0.03043184 0.02525739 0.02305594 0.00746885 0.02036342 0.02999474 0.02816085 0.02705154 0.02516053 0.02168098 0.02169398 0.01555873 0.01914455 0.02524575 0.03114162 0.02859323 0.01842550 0.02945071 0.01528593 0.02828234 0.02790750 0.02935463 0.01283928 0.02930499 0.02870621 0.02395607 0.02854841 0.02899434 0.05221989 0.02598536 0.03176924 0.02844557 0.02283809 0.03217831 0.02623044 0.02799749 0.03124524 0.01404652 0.01709583 0.02505460 0.02144676 0.02992846 0.03199593 0.03395976 0.02040282 0.02333275 0.02789790 0.03043446 0.01944534 0.02852053 0.03037198 0.02955594 0.02671381 0.02925730 0.02180510 0.03051677 0.02912182 0.02076500 
donacobius_atricapilla_ku_1037         0.02105220 0.03269924 0.03250079 0.02248636 0.02202932 0.02958666 0.03451764 0.03044881 0.02223076 0.02963214 0.02804640 0.03124310 0.03267126 0.02706490 0.02864813 0.03078701 0.02490466 0.03177675 0.02631442 0.02502097 0.03654748 0.02896304 0.02887279 0.02828774 0.00000000 0.02710151 0.02801892 0.02667146 0.02412249 0.03016745 0.02015196 0.02856359 0.03249314 0.02866540 0.04493297 0.02529439 0.02256573 0.02770927 0.02849960 0.02648702 0.03195345 0.02727189 0.02158332 0.02838244 0.01774796 0.03634576 0.02637525 0.02841585 0.03429898 0.02736458 0.02327733 0.01246895 0.02857303 0.02837900 0.02759291 0.02591055 0.02231307 0.02492676 0.02945663 0.02350041 0.02728927 0.02973518 0.02470779 0.01975543 0.02658776 0.02427481 0.02385538 0.03223122 0.02596992 0.02754389 0.02025338 0.03112746 0.02711249 0.02654494 0.02221177 0.03061995 0.05408384 0.02485307 0.02479507 0.03287225 0.03046621 0.02539059 0.02517421 0.02667856 0.02434143 0.02182228 0.02496795 0.03038827 0.02815620 0.02336450 0.03042371 0.03111566 0.02831146 0.03087007 0.02141057 0.02932135 0.02787519 0.02755881 0.02359430 0.02368674 0.02119456 0.02293117 0.02507439 0.02870887 0.02746288 0.02906600 
dulus_dominicus_ku_6414                0.02428785 0.03245491 0.03221176 0.02686894 0.02596517 0.02862591 0.03455677 0.02983881 0.02636402 0.01901697 0.02685004 0.03079755 0.03241816 0.02572711 0.02816833 0.02959262 0.02857528 0.03019175 0.02547290 0.02383915 0.03659316 0.02842829 0.02907393 0.02790663 0.02710151 0.00000000 0.02747728 0.02904167 0.02840143 0.02931760 0.01883987 0.02802881 0.03232525 0.02752431 0.04494880 0.03000316 0.02643197 0.02762843 0.02753951 0.02496159 0.03159816 0.02658316 0.02788492 0.02777343 0.01998836 0.03652759 0.02553171 0.02702781 0.03417538 0.02682073 0.02178112 0.01128411 0.02784366 0.02726981 0.02614096 0.02463593 0.02399357 0.02385401 0.02877849 0.02232178 0.02618291 0.02904726 0.02902662 0.02653551 0.02604278 0.02693774 0.02203405 0.03207278 0.02605063 0.02685609 0.01854209 0.03041949 0.02625748 0.02588113 0.02645267 0.03037555 0.05486476 0.02364139 0.02915471 0.03256265 0.03040882 0.03018744 0.02390287 0.02547031 0.02881910 0.02011829 0.02338478 0.02917153 0.02735084 0.02761136 0.02923510 0.03123832 0.02778553 0.03036417 0.02586808 0.02798365 0.02688881 0.02595977 0.02766082 0.02735852 0.02497514 0.02691710 0.02429709 0.02786712 0.02673106 0.02776053 
eopsaltria_griseogularis_ku_8850       0.02509333 0.03101579 0.03077539 0.02870430 0.02768159 0.02683321 0.03302668 0.02753802 0.02814441 0.03121350 0.02947134 0.02899559 0.03444251 0.02807463 0.02624835 0.03234869 0.03016289 0.02766836 0.02272796 0.02140476 0.03500808 0.02660463 0.03090513 0.02592735 0.02801892 0.02747728 0.00000000 0.03119507 0.03032399 0.03166869 0.01620921 0.02610725 0.03037426 0.02977377 0.04353566 0.03170606 0.02852276 0.02966337 0.02992990 0.02294865 0.02981840 0.02418150 0.02998775 0.02574917 0.02027407 0.03483398 0.02330530 0.02442943 0.03253713 0.01901191 0.02297918 0.00920352 0.02587696 0.02990043 0.02768239 0.02680368 0.02481295 0.02222490 0.02691133 0.01979164 0.02394374 0.02716363 0.03110355 0.02832936 0.02403731 0.02900441 0.01962931 0.03040875 0.02756903 0.02884030 0.01615780 0.02681815 0.02845949 0.02347666 0.02841673 0.02855774 0.05396955 0.02576024 0.03140479 0.03055646 0.02833858 0.03164979 0.02612932 0.02769008 0.03093605 0.01786522 0.02073421 0.02674724 0.02536475 0.02962338 0.03154247 0.03326342 0.02589670 0.02863368 0.02759681 0.02999322 0.02502333 0.02827213 0.03000909 0.02931053 0.02613938 0.02908865 0.02241335 0.03037445 0.02882296 0.02552083 
eremophila_alpestris_ku_28950          0.02416696 0.03650673 0.03647303 0.02701487 0.02587400 0.03239797 0.03904370 0.03313334 0.02638212 0.03292979 0.03143604 0.03496606 0.03593839 0.02999741 0.03218365 0.03422711 0.02824967 0.03262178 0.02863749 0.02670782 0.04129638 0.03234003 0.03252683 0.03134363 0.02667146 0.02904167 0.03119507 0.00000000 0.02892441 0.03344159 0.02057357 0.03232851 0.03616840 0.03148211 0.04869899 0.03029764 0.02669891 0.03119558 0.03166846 0.02801379 0.03570162 0.03019864 0.02851387 0.03152118 0.01908479 0.04034371 0.02927180 0.02939824 0.03867778 0.03061005 0.02453974 0.01240515 0.03147744 0.03167889 0.02936626 0.02853043 0.02347394 0.02794354 0.03301995 0.02444174 0.03000045 0.03289117 0.02906169 0.02686245 0.02995400 0.02548949 0.02452258 0.03646717 0.02865916 0.03058936 0.02015200 0.03457837 0.03046134 0.02985070 0.02662898 0.03440881 0.06000412 0.02759301 0.02958473 0.03604811 0.03430977 0.03022705 0.02788004 0.02927763 0.02927986 0.02215966 0.02605317 0.03211772 0.03139593 0.02780723 0.03366868 0.03457085 0.03186667 0.03424642 0.02593733 0.03171749 0.03047138 0.02998755 0.02818042 0.02760151 0.02492481 0.02703325 0.02821717 0.03197011 0.03084357 0.03097998 
erythrocercus_mccallii_ku_8688         0.01839711 0.03526159 0.03544337 0.02407782 0.02087525 0.03140470 0.03778825 0.03229385 0.02338777 0.03217090 0.03027436 0.03366096 0.03475852 0.02877572 0.03106600 0.03325980 0.02598709 0.03160269 0.02762715 0.02591360 0.03990156 0.03116007 0.03119897 0.03078402 0.02412249 0.02840143 0.03032399 0.02892441 0.00000000 0.03233706 0.01950510 0.03094277 0.03516360 0.03068942 0.04788567 0.02727743 0.02155142 0.03033795 0.03064838 0.02710285 0.03443483 0.02910072 0.02571472 0.03043591 0.01770633 0.03965615 0.02811114 0.02881894 0.03731968 0.02978511 0.02341281 0.01185958 0.03063280 0.03051413 0.02885528 0.02753520 0.02247041 0.02674336 0.03193172 0.02378571 0.02882207 0.03183438 0.02652673 0.02386870 0.02884391 0.02632966 0.02370595 0.03509211 0.02779758 0.02981670 0.01961011 0.03375759 0.02916041 0.02874589 0.02190587 0.03322880 0.05836544 0.02668781 0.02690736 0.03510228 0.03283396 0.02734265 0.02698266 0.02846896 0.02352565 0.02142962 0.02497838 0.03103614 0.03008257 0.02478739 0.03247912 0.03351677 0.03062256 0.03354367 0.02131556 0.03124651 0.02929358 0.02929932 0.02507228 0.02543710 0.01850135 0.02376588 0.02700433 0.03137714 0.02962143 0.02992094 
estrilda_melpoda_ku_19721              0.02735549 0.03679398 0.03670173 0.03104412 0.02981853 0.03273026 0.03923248 0.03362138 0.03056529 0.03303711 0.03142320 0.03512443 0.03659902 0.02600853 0.03255341 0.03417159 0.03214208 0.03279588 0.02878723 0.02703247 0.04147955 0.03240144 0.03320272 0.03205061 0.03016745 0.02931760 0.03166869 0.03344159 0.03233706 0.00000000 0.02002585 0.03209922 0.03644621 0.02499892 0.04936813 0.03400431 0.03067572 0.03198743 0.02727172 0.02829051 0.03575309 0.03027532 0.03237777 0.03179396 0.02205262 0.04083270 0.02951488 0.02945524 0.03882899 0.03106686 0.02292143 0.01227956 0.03181773 0.02465739 0.02942453 0.02587508 0.02704538 0.02820598 0.03312211 0.02480561 0.03018276 0.03311685 0.03333494 0.03060876 0.03007193 0.03106733 0.02467518 0.03666578 0.02985052 0.02421319 0.02021981 0.03497421 0.02436144 0.03003890 0.03068360 0.03481860 0.06019214 0.01865161 0.03357345 0.03644730 0.03465455 0.03400422 0.02638154 0.02298671 0.03295809 0.02212974 0.02597168 0.03221405 0.03170259 0.03195891 0.03341084 0.03563499 0.03190530 0.03458348 0.02997305 0.03205018 0.03088136 0.03017968 0.03204095 0.03151938 0.02837720 0.03117558 0.02852299 0.03218616 0.01867736 0.03120639 
eulacestoma_nigropectus_ku_16397       0.01853429 0.01793168 0.01739492 0.01870450 0.01886043 0.01445061 0.01891819 0.01504759 0.01827750 0.02007821 0.01803954 0.01886701 0.02250802 0.01779997 0.01433454 0.02060648 0.02065861 0.02097109 0.01503986 0.01226727 0.02013821 0.01368362 0.01925603 0.01339830 0.02015196 0.01883987 0.01620921 0.02057357 0.01950510 0.02002585 0.00000000 0.01288769 0.01774801 0.01898228 0.02752594 0.02033101 0.01836456 0.01877667 0.01936694 0.01335546 0.01552357 0.01539189 0.01889155 0.01297517 0.01665841 0.02024066 0.01452505 0.01724032 0.01828330 0.01557938 0.01691401 0.00786505 0.01285222 0.01873705 0.01918272 0.01758383 0.01799918 0.01318850 0.01332802 0.01253882 0.01241126 0.01590682 0.02024017 0.01811184 0.01123757 0.01822894 0.01169423 0.01737945 0.01756798 0.01840505 0.01190472 0.01834067 0.01815446 0.01490895 0.01793183 0.01859207 0.03310424 0.01629939 0.02029930 0.01891806 0.01470948 0.02068373 0.01655150 0.01774814 0.01988425 0.01183020 0.01298355 0.01804951 0.01396583 0.01879396 0.01996017 0.02111822 0.01296497 0.01468890 0.01770695 0.01979395 0.01276588 0.01841934 0.01904251 0.01866463 0.01789542 0.01862366 0.01362048 0.01933227 0.01825406 0.01472162 
falcunculus_frontatus_uwbm_57627       0.02617086 0.02889500 0.02893592 0.02931791 0.02793660 0.02140018 0.03090275 0.02250759 0.02884949 0.03159635 0.02991698 0.02997857 0.03498922 0.02857123 0.02250086 0.03278632 0.03093294 0.02645304 0.02250155 0.01693591 0.03324570 0.02108790 0.03145704 0.02054756 0.02856359 0.02802881 0.02610725 0.03232851 0.03094277 0.03209922 0.01288769 0.00000000 0.02845326 0.03025030 0.04216833 0.03238395 0.02879813 0.02994617 0.03022740 0.01829053 0.02450635 0.02381172 0.03068510 0.02035516 0.02081892 0.03290200 0.02308186 0.02299332 0.03036660 0.02539447 0.02295269 0.00750586 0.02059985 0.03013417 0.02860211 0.02711495 0.02520782 0.02184444 0.02135211 0.01420379 0.01854938 0.02531648 0.03168148 0.02894850 0.01797928 0.02970520 0.01538696 0.02848570 0.02805865 0.02953812 0.01313524 0.02961771 0.02871587 0.02389428 0.02913615 0.02927654 0.05232757 0.02633763 0.03207004 0.02872218 0.02286478 0.03245524 0.02650704 0.02812089 0.03148216 0.01387109 0.01644914 0.02515222 0.02167813 0.03014716 0.03217315 0.03397076 0.02036596 0.02358625 0.02835931 0.03086004 0.01958704 0.02895184 0.03050256 0.02993880 0.02670349 0.02953682 0.02207837 0.03090310 0.02920584 0.02053860 
foulehaio_carunculatus_ku_26344        0.02943296 0.01243492 0.01242697 0.03348398 0.03194631 0.02897219 0.03224961 0.03027598 0.03302618 0.03604966 0.03422092 0.03436008 0.03886762 0.03295265 0.02870966 0.03711214 0.03498948 0.02724274 0.02663966 0.02360597 0.03471454 0.02878071 0.03572552 0.02819060 0.03249314 0.03232525 0.03037426 0.03616840 0.03516360 0.03644621 0.01774801 0.02845326 0.00000000 0.03469338 0.04302913 0.03670202 0.03299783 0.03445409 0.03454145 0.02502295 0.03212561 0.02820251 0.03490413 0.02816432 0.02356969 0.03059036 0.02746114 0.00815045 0.03167528 0.02985615 0.02655858 0.01036393 0.02809052 0.03453785 0.03231548 0.03173112 0.02924074 0.02629431 0.02922393 0.02187193 0.02644118 0.02883915 0.03602129 0.03337700 0.02635379 0.03384326 0.02170808 0.02369631 0.03245647 0.03371577 0.01747778 0.03376971 0.03328033 0.02833952 0.03324926 0.03353605 0.05371817 0.03044514 0.03618260 0.03220266 0.03086350 0.03655029 0.03091612 0.03243333 0.03579352 0.01953806 0.02298224 0.02663701 0.02773574 0.03424662 0.03653600 0.03853879 0.02816394 0.03130142 0.03245845 0.03483343 0.02715257 0.03313041 0.03463517 0.03409461 0.03067304 0.03368589 0.02667544 0.03515776 0.03367388 0.02743104 
