10
anolis_carolinensis        0.00000000 0.12864771 0.08538487 0.09275448 0.08977736 0.07741695 0.07415987 0.07866939 0.07180049 0.06266321 
homo_sapiens               0.12864771 0.00000000 0.16806637 0.09696214 0.09383513 0.08046419 0.07898360 0.08239986 0.07763589 0.07317910 
pantherophis_guttata       0.08538487 0.16806637 0.00000000 0.13016054 0.12706283 0.11242220 0.10917627 0.11360822 0.10457877 0.09545962 
zebra_finch                0.09275448 0.09696214 0.13016054 0.00000000 0.03130206 0.03943669 0.03820220 0.04411377 0.04381173 0.04216403 
gallus_gallus              0.08977736 0.09383513 0.12706283 0.03130206 0.00000000 0.03657735 0.03549059 0.04103144 0.04080263 0.03950200 
alligator_mississippiensis 0.07741695 0.08046419 0.11242220 0.03943669 0.03657735 0.00000000 0.00510014 0.02769447 0.02986952 0.02970469 
crocodylus_porosus         0.07415987 0.07898360 0.10917627 0.03820220 0.03549059 0.00510014 0.00000000 0.02690283 0.02990020 0.02947654 
chrysemys_picta            0.07866939 0.08239986 0.11360822 0.04411377 0.04103144 0.02769447 0.02690283 0.00000000 0.01997123 0.03125225 
pelomedusa_subrufa         0.07180049 0.07763589 0.10457877 0.04381173 0.04080263 0.02986952 0.02990020 0.01997123 0.00000000 0.03483084 
sphenodon_tuatara          0.06266321 0.07317910 0.09545962 0.04216403 0.03950200 0.02970469 0.02947654 0.03125225 0.03483084 0.00000000 
