50
Aphaenogaster_occidentalis_EX818  0.0000000 0.1655890 0.1271684 0.1455086 0.1457682 0.1271906 0.1252539 0.1267709 0.1252029 0.2145877 0.1554638 0.2182441 0.1262043 0.1300436 0.1335880 0.1330070 0.1320057 0.1282092 0.1257393 0.1336369 0.1275910 0.1307906 0.1240694 0.1298024 0.1255601 0.1268555 0.1396550 0.1231348 0.1232541 0.1233263 0.1332160 0.1235287 0.1387642 0.1441891 0.1305603 0.1255089 0.1238463 0.1240017 0.1327170 0.1348900 0.1326417 0.1326917 0.1291182 0.1475874 0.1316321 0.1270919 0.1257620 0.1315090 0.1545277 0.1310109 
Crematogaster_nigropilosa_EX831   0.1655890 0.0000000 0.1347633 0.1522423 0.1524568 0.1371230 0.1332471 0.1349253 0.1347036 0.2590849 0.2117167 0.2652327 0.1347258 0.1385072 0.1427403 0.1421700 0.1398248 0.1366523 0.1345576 0.1404435 0.1357257 0.1391203 0.1326763 0.1378768 0.1345378 0.1358983 0.1468856 0.1314495 0.1316510 0.1309256 0.1428875 0.1323465 0.1466173 0.1536327 0.1387048 0.1346483 0.1322608 0.1319021 0.1415141 0.1435877 0.1390107 0.1421839 0.1369539 0.1553981 0.1391122 0.1366638 0.1356905 0.1389477 0.1625485 0.1399730 
Formicoxenus_diversipilosus_D1000 0.1271684 0.1347633 0.0000000 0.0957239 0.0959266 0.0125262 0.0087974 0.0090552 0.0084890 0.2201400 0.1722995 0.2350758 0.0707677 0.0743250 0.0779358 0.0768903 0.0759294 0.0732409 0.0703011 0.0778266 0.0722801 0.0762884 0.0683521 0.0737191 0.0692932 0.0715724 0.0842046 0.0675557 0.0681114 0.0674438 0.0797442 0.0680730 0.0836317 0.0900435 0.0750061 0.0705705 0.0684804 0.0684752 0.0772596 0.0793802 0.0759970 0.0774890 0.0726347 0.0918414 0.0758092 0.0718251 0.0707223 0.0761697 0.1051121 0.0748162 
Gauromyrmex_my01_P081             0.1455086 0.1522423 0.0957239 0.0000000 0.0039503 0.0955950 0.0927402 0.0937478 0.0933531 0.2392523 0.1923101 0.2462017 0.0951245 0.0988141 0.1028715 0.1015962 0.1006818 0.0972044 0.0946704 0.1012909 0.0963784 0.0998467 0.0933798 0.0978981 0.0935433 0.0957866 0.1081606 0.0918653 0.0920587 0.0917923 0.1030100 0.0935218 0.1064284 0.1123749 0.0995509 0.0948524 0.0924834 0.0919774 0.1014405 0.1028059 0.0999244 0.1015689 0.0974298 0.1158398 0.1000086 0.0963622 0.0954912 0.1002522 0.1236865 0.0996070 
Gauromyrmex_bengakalisi_EX812     0.1457682 0.1524568 0.0959266 0.0039503 0.0000000 0.0961078 0.0934796 0.0941053 0.0933712 0.2406793 0.1924103 0.2466757 0.0945760 0.0986934 0.1026539 0.1020506 0.1006564 0.0972779 0.0945219 0.1022239 0.0962235 0.0998613 0.0931516 0.0981838 0.0940393 0.0957061 0.1082119 0.0919073 0.0919099 0.0920174 0.1035806 0.0932771 0.1067581 0.1130148 0.0991042 0.0948720 0.0929619 0.0926043 0.1017702 0.1030106 0.1001325 0.1015992 0.0973238 0.1160229 0.1003930 0.0961085 0.0957969 0.0998378 0.1243304 0.0998797 
Harpagoxenus_sublaevis_D1116      0.1271906 0.1371230 0.0125262 0.0955950 0.0961078 0.0000000 0.0105895 0.0105492 0.0106001 0.2256589 0.1760597 0.2390615 0.0707388 0.0740995 0.0781778 0.0770870 0.0762482 0.0734490 0.0701882 0.0774462 0.0716364 0.0755068 0.0685547 0.0739649 0.0691593 0.0708755 0.0842814 0.0680195 0.0676473 0.0668299 0.0793713 0.0684513 0.0828678 0.0902218 0.0745710 0.0701238 0.0682097 0.0675057 0.0773342 0.0792955 0.0759718 0.0769808 0.0733740 0.0927031 0.0760657 0.0719555 0.0708658 0.0764203 0.1054430 0.0746351 
Leptothorax_calderoni_P070        0.1252539 0.1332471 0.0087974 0.0927402 0.0934796 0.0105895 0.0000000 0.0067049 0.0067192 0.2206581 0.1718561 0.2337997 0.0683646 0.0716608 0.0757225 0.0746542 0.0735107 0.0707268 0.0675617 0.0749794 0.0697149 0.0733803 0.0659019 0.0712036 0.0665282 0.0688866 0.0814752 0.0656323 0.0651428 0.0647053 0.0769510 0.0657293 0.0805031 0.0869859 0.0725320 0.0677000 0.0658218 0.0651438 0.0744765 0.0769073 0.0736284 0.0748015 0.0708016 0.0895576 0.0732320 0.0697574 0.0687598 0.0731807 0.1022271 0.0725617 
Leptothorax_gredleri_P089         0.1267709 0.1349253 0.0090552 0.0937478 0.0941053 0.0105492 0.0067049 0.0000000 0.0068632 0.2213178 0.1721628 0.2348944 0.0689277 0.0725034 0.0765885 0.0751261 0.0740630 0.0711955 0.0681884 0.0754706 0.0701601 0.0743034 0.0669291 0.0720141 0.0674615 0.0695291 0.0822605 0.0658937 0.0653960 0.0652048 0.0777017 0.0662940 0.0813160 0.0878993 0.0731086 0.0683617 0.0663850 0.0657713 0.0754617 0.0773365 0.0744011 0.0751551 0.0709500 0.0903517 0.0744674 0.0695919 0.0687004 0.0742934 0.1030126 0.0732730 
Leptothorax_muscorum_EX816        0.1252029 0.1347036 0.0084890 0.0933531 0.0933712 0.0106001 0.0067192 0.0068632 0.0000000 0.2222522 0.1714667 0.2355916 0.0683545 0.0720793 0.0763790 0.0746597 0.0739115 0.0708847 0.0676899 0.0748759 0.0693937 0.0733756 0.0661158 0.0711891 0.0671724 0.0687659 0.0821378 0.0655087 0.0648025 0.0647605 0.0777229 0.0656930 0.0808491 0.0870991 0.0721759 0.0686326 0.0661868 0.0653068 0.0747347 0.0768274 0.0741418 0.0747911 0.0708629 0.0902244 0.0741547 0.0696974 0.0688106 0.0735419 0.1029663 0.0726964 
Monomorium_pharaonis_EX804        0.2145877 0.2590849 0.2201400 0.2392523 0.2406793 0.2256589 0.2206581 0.2213178 0.2222522 0.0000000 0.2623063 0.3145655 0.2202349 0.2250282 0.2286501 0.2307997 0.2294791 0.2238492 0.2210614 0.2291626 0.2235593 0.2231593 0.2214437 0.2264233 0.2219080 0.2236433 0.2355666 0.2187072 0.2193494 0.2195409 0.2238455 0.2188863 0.2347075 0.2393976 0.2272608 0.2243584 0.2187419 0.2197556 0.2313472 0.2302340 0.2276340 0.2288837 0.2251344 0.2425970 0.2261463 0.2242421 0.2232188 0.2247946 0.2488279 0.2284891 
Myrmica_incompleta_EX808          0.1554638 0.2117167 0.1722995 0.1923101 0.1924103 0.1760597 0.1718561 0.1721628 0.1714667 0.2623063 0.0000000 0.2289386 0.1706462 0.1746682 0.1795711 0.1788649 0.1772297 0.1738907 0.1702880 0.1787277 0.1737779 0.1756900 0.1682598 0.1750015 0.1693423 0.1732624 0.1837692 0.1679420 0.1661411 0.1681329 0.1789872 0.1701481 0.1820162 0.1898878 0.1749485 0.1727511 0.1691289 0.1680536 0.1778863 0.1789725 0.1750802 0.1777753 0.1744885 0.1916675 0.1763714 0.1724357 0.1707785 0.1747847 0.2009521 0.1757399 
Pogonomyrmex_occidentalis_EX810   0.2182441 0.2652327 0.2350758 0.2462017 0.2466757 0.2390615 0.2337997 0.2348944 0.2355916 0.3145655 0.2289386 0.0000000 0.2324946 0.2399477 0.2421449 0.2421642 0.2421846 0.2363349 0.2336993 0.2398224 0.2355043 0.2376713 0.2334686 0.2373796 0.2335775 0.2349788 0.2450541 0.2315670 0.2316709 0.2319189 0.2359504 0.2311069 0.2445499 0.2508066 0.2387008 0.2333817 0.2322052 0.2316604 0.2415023 0.2391743 0.2382569 0.2420333 0.2371831 0.2540350 0.2380314 0.2347456 0.2354974 0.2377100 0.2566995 0.2386990 
Temnothorax_mmp07_P003            0.1262043 0.1347258 0.0707677 0.0951245 0.0945760 0.0707388 0.0683646 0.0689277 0.0683545 0.2202349 0.1706462 0.2324946 0.0000000 0.0288604 0.0326498 0.0296446 0.0297316 0.0267475 0.0242292 0.0318300 0.0251659 0.0302199 0.0217457 0.0288484 0.0224379 0.0246439 0.0370436 0.0237664 0.0232471 0.0206646 0.0334466 0.0216240 0.0271187 0.0335664 0.0293241 0.0235714 0.0228701 0.0234445 0.0210940 0.0320951 0.0300526 0.0305976 0.0276949 0.0362308 0.0313302 0.0253885 0.0246428 0.0294920 0.1035575 0.0187415 
Temnothorax_mmp11_P054            0.1300436 0.1385072 0.0743250 0.0988141 0.0986934 0.0740995 0.0716608 0.0725034 0.0720793 0.2250282 0.1746682 0.2399477 0.0288604 0.0000000 0.0352665 0.0343539 0.0338607 0.0312821 0.0275990 0.0359118 0.0294419 0.0338554 0.0261611 0.0309913 0.0266681 0.0290566 0.0419979 0.0268816 0.0264777 0.0250435 0.0384878 0.0263055 0.0407150 0.0473810 0.0319501 0.0281889 0.0263618 0.0259273 0.0348286 0.0367528 0.0338049 0.0351803 0.0088472 0.0496529 0.0340663 0.0299032 0.0291453 0.0340010 0.1076320 0.0326752 
Temnothorax_allardycei_P101       0.1335880 0.1427403 0.0779358 0.1028715 0.1026539 0.0781778 0.0757225 0.0765885 0.0763790 0.2286501 0.1795711 0.2421449 0.0326498 0.0352665 0.0000000 0.0381781 0.0377837 0.0347749 0.0316030 0.0397381 0.0334472 0.0377648 0.0294930 0.0351257 0.0302140 0.0329573 0.0455745 0.0305627 0.0305683 0.0285304 0.0420164 0.0295412 0.0445481 0.0508932 0.0267066 0.0314806 0.0300778 0.0300699 0.0385496 0.0405454 0.0373242 0.0386022 0.0343858 0.0533720 0.0382028 0.0334266 0.0325906 0.0379212 0.1113260 0.0361044 
Temnothorax_americanus_P032       0.1330070 0.1421700 0.0768903 0.1015962 0.1020506 0.0770870 0.0746542 0.0751261 0.0746597 0.2307997 0.1788649 0.2421642 0.0296446 0.0343539 0.0381781 0.0000000 0.0267535 0.0295875 0.0294125 0.0372976 0.0279910 0.0356181 0.0244246 0.0341545 0.0245729 0.0207010 0.0402262 0.0290511 0.0284349 0.0231281 0.0390007 0.0215107 0.0421104 0.0485301 0.0345100 0.0261006 0.0278097 0.0287885 0.0357772 0.0356512 0.0354954 0.0327043 0.0332672 0.0508468 0.0365463 0.0276253 0.0268248 0.0346184 0.1109237 0.0334686 
Temnothorax_bernardi_P013         0.1320057 0.1398248 0.0759294 0.1006818 0.1006564 0.0762482 0.0735107 0.0740630 0.0739115 0.2294791 0.1772297 0.2421846 0.0297316 0.0338607 0.0377837 0.0267535 0.0000000 0.0287696 0.0287726 0.0369425 0.0274036 0.0348910 0.0239351 0.0338514 0.0241773 0.0213042 0.0395957 0.0285903 0.0282185 0.0225100 0.0388771 0.0212351 0.0417962 0.0477490 0.0343307 0.0255020 0.0275862 0.0285103 0.0354398 0.0348544 0.0347359 0.0325355 0.0331896 0.0505551 0.0361670 0.0272533 0.0265032 0.0344014 0.1100086 0.0331523 
Temnothorax_cagnianti_P042        0.1282092 0.1366523 0.0732409 0.0972044 0.0972779 0.0734490 0.0707268 0.0711955 0.0708847 0.2238492 0.1738907 0.2363349 0.0267475 0.0312821 0.0347749 0.0295875 0.0287696 0.0000000 0.0262108 0.0341657 0.0190634 0.0322282 0.0169318 0.0308768 0.0216641 0.0241291 0.0314273 0.0256986 0.0251873 0.0185060 0.0362530 0.0210099 0.0386817 0.0451820 0.0316792 0.0184021 0.0246800 0.0254216 0.0325119 0.0267565 0.0319361 0.0298105 0.0301349 0.0473857 0.0333731 0.0234317 0.0224433 0.0316083 0.1059901 0.0305315 
Temnothorax_clypeatus_P105        0.1257393 0.1345576 0.0703011 0.0946704 0.0945219 0.0701882 0.0675617 0.0681884 0.0676899 0.2210614 0.1702880 0.2336993 0.0242292 0.0275990 0.0316030 0.0294125 0.0287726 0.0262108 0.0000000 0.0311746 0.0246274 0.0291155 0.0213416 0.0275696 0.0215903 0.0240096 0.0370322 0.0224117 0.0219502 0.0200316 0.0338348 0.0210592 0.0364569 0.0426278 0.0283308 0.0231198 0.0173229 0.0219902 0.0302741 0.0321215 0.0292792 0.0301243 0.0269228 0.0449752 0.0302571 0.0249676 0.0238807 0.0294558 0.1035900 0.0278572 
Temnothorax_cristinae_P115        0.1336369 0.1404435 0.0778266 0.1012909 0.1022239 0.0774462 0.0749794 0.0754706 0.0748759 0.2291626 0.1787277 0.2398224 0.0318300 0.0359118 0.0397381 0.0372976 0.0369425 0.0341657 0.0311746 0.0000000 0.0325838 0.0264425 0.0291088 0.0357686 0.0296548 0.0319520 0.0446129 0.0305740 0.0302302 0.0284154 0.0413559 0.0290406 0.0439650 0.0499611 0.0363937 0.0310217 0.0292513 0.0302481 0.0381358 0.0395814 0.0291837 0.0382218 0.0347932 0.0530742 0.0378246 0.0328925 0.0318054 0.0373453 0.1102157 0.0357195 
Temnothorax_flavicornis_P121      0.1275910 0.1357257 0.0722801 0.0963784 0.0962235 0.0716364 0.0697149 0.0701601 0.0693937 0.2235593 0.1737779 0.2355043 0.0251659 0.0294419 0.0334472 0.0279910 0.0274036 0.0190634 0.0246274 0.0325838 0.0000000 0.0306857 0.0153149 0.0292758 0.0196805 0.0224123 0.0264859 0.0239110 0.0235460 0.0168340 0.0348462 0.0193304 0.0376481 0.0436903 0.0300257 0.0169551 0.0228993 0.0238519 0.0311933 0.0218520 0.0305819 0.0282211 0.0283027 0.0461156 0.0319387 0.0216197 0.0209883 0.0302439 0.1044903 0.0287171 
Temnothorax_flavispinus_cf_P112   0.1307906 0.1391203 0.0762884 0.0998467 0.0998613 0.0755068 0.0733803 0.0743034 0.0733756 0.2231593 0.1756900 0.2376713 0.0302199 0.0338554 0.0377648 0.0356181 0.0348910 0.0322282 0.0291155 0.0264425 0.0306857 0.0000000 0.0272019 0.0337858 0.0281170 0.0300761 0.0430389 0.0286197 0.0282185 0.0263673 0.0394346 0.0273581 0.0419207 0.0481936 0.0343171 0.0292696 0.0278678 0.0283143 0.0360981 0.0381896 0.0274077 0.0363214 0.0328035 0.0507236 0.0361680 0.0312267 0.0301864 0.0353651 0.1088982 0.0336250 
Temnothorax_gredosi_P097          0.1240694 0.1326763 0.0683521 0.0933798 0.0931516 0.0685547 0.0659019 0.0669291 0.0661158 0.2214437 0.1682598 0.2334686 0.0217457 0.0261611 0.0294930 0.0244246 0.0239351 0.0169318 0.0213416 0.0291088 0.0153149 0.0272019 0.0000000 0.0256422 0.0163210 0.0188966 0.0275656 0.0209252 0.0202852 0.0134564 0.0312663 0.0157509 0.0340580 0.0402385 0.0267116 0.0136365 0.0197886 0.0204242 0.0273818 0.0229312 0.0270775 0.0250951 0.0252009 0.0431629 0.0287139 0.0184725 0.0174798 0.0268947 0.1016484 0.0253885 
Temnothorax_gundlachi_P099        0.1298024 0.1378768 0.0737191 0.0978981 0.0981838 0.0739649 0.0712036 0.0720141 0.0711891 0.2264233 0.1750015 0.2373796 0.0288484 0.0309913 0.0351257 0.0341545 0.0338514 0.0308768 0.0275696 0.0357686 0.0292758 0.0337858 0.0256422 0.0000000 0.0265891 0.0288777 0.0415339 0.0264427 0.0262360 0.0248213 0.0386640 0.0259272 0.0407827 0.0470989 0.0319836 0.0278917 0.0260921 0.0256375 0.0346353 0.0367493 0.0337167 0.0350869 0.0301592 0.0496598 0.0334833 0.0298595 0.0289375 0.0342351 0.1067864 0.0324326 
Temnothorax_kubira_P056           0.1255601 0.1345378 0.0692932 0.0935433 0.0940393 0.0691593 0.0665282 0.0674615 0.0671724 0.2219080 0.1693423 0.2335775 0.0224379 0.0266681 0.0302140 0.0245729 0.0241773 0.0216641 0.0215903 0.0296548 0.0196805 0.0281170 0.0163210 0.0265891 0.0000000 0.0193262 0.0323754 0.0214272 0.0208071 0.0147471 0.0317892 0.0162868 0.0344254 0.0408316 0.0271545 0.0182109 0.0202087 0.0211477 0.0282640 0.0274470 0.0280818 0.0243140 0.0257135 0.0432739 0.0291702 0.0201081 0.0190971 0.0274742 0.1016894 0.0259428 
Temnothorax_longispinosus_P039    0.1268555 0.1358983 0.0715724 0.0957866 0.0957061 0.0708755 0.0688866 0.0695291 0.0687659 0.2236433 0.1732624 0.2349788 0.0246439 0.0290566 0.0329573 0.0207010 0.0213042 0.0241291 0.0240096 0.0319520 0.0224123 0.0300761 0.0188966 0.0288777 0.0193262 0.0000000 0.0348694 0.0236719 0.0230850 0.0176219 0.0336314 0.0162736 0.0366487 0.0428573 0.0294689 0.0209985 0.0223304 0.0234412 0.0305739 0.0300054 0.0302500 0.0274972 0.0281758 0.0451751 0.0313505 0.0225191 0.0214493 0.0295135 0.1049444 0.0280202 
Temnothorax_muellerianus_P104     0.1396550 0.1468856 0.0842046 0.1081606 0.1082119 0.0842814 0.0814752 0.0822605 0.0821378 0.2355666 0.1837692 0.2450541 0.0370436 0.0419979 0.0455745 0.0402262 0.0395957 0.0314273 0.0370322 0.0446129 0.0264859 0.0430389 0.0275656 0.0415339 0.0323754 0.0348694 0.0000000 0.0364362 0.0361060 0.0291614 0.0464213 0.0315615 0.0492544 0.0550463 0.0420637 0.0290146 0.0354225 0.0363119 0.0430498 0.0274915 0.0425379 0.0406535 0.0408504 0.0582452 0.0438223 0.0338675 0.0329324 0.0423239 0.1160486 0.0409915 
Temnothorax_nevadensis_P016       0.1231348 0.1314495 0.0675557 0.0918653 0.0919073 0.0680195 0.0656323 0.0658937 0.0655087 0.2187072 0.1679420 0.2315670 0.0237664 0.0268816 0.0305627 0.0290511 0.0285903 0.0256986 0.0224117 0.0305740 0.0239110 0.0286197 0.0209252 0.0264427 0.0214272 0.0236719 0.0364362 0.0000000 0.0181880 0.0196481 0.0334441 0.0207123 0.0356467 0.0419893 0.0275849 0.0227694 0.0208183 0.0210793 0.0295229 0.0316351 0.0285865 0.0298032 0.0258025 0.0449237 0.0292325 0.0245369 0.0238390 0.0290979 0.1004806 0.0273394 
Temnothorax_nitens_P017           0.1232541 0.1316510 0.0681114 0.0920587 0.0919099 0.0676473 0.0651428 0.0653960 0.0648025 0.2193494 0.1661411 0.2316709 0.0232471 0.0264777 0.0305683 0.0284349 0.0282185 0.0251873 0.0219502 0.0302302 0.0235460 0.0282185 0.0202852 0.0262360 0.0208071 0.0230850 0.0361060 0.0181880 0.0000000 0.0189372 0.0329557 0.0201031 0.0352115 0.0415450 0.0270519 0.0222366 0.0200279 0.0203901 0.0292358 0.0310584 0.0283451 0.0292709 0.0253456 0.0441160 0.0283541 0.0242028 0.0232768 0.0287300 0.1005307 0.0267166 
Temnothorax_nylanderi_P025        0.1233263 0.1309256 0.0674438 0.0917923 0.0920174 0.0668299 0.0647053 0.0652048 0.0647605 0.2195409 0.1681329 0.2319189 0.0206646 0.0250435 0.0285304 0.0231281 0.0225100 0.0185060 0.0200316 0.0284154 0.0168340 0.0263673 0.0134564 0.0248213 0.0147471 0.0176219 0.0291614 0.0196481 0.0189372 0.0000000 0.0298797 0.0144977 0.0326650 0.0391324 0.0253428 0.0152745 0.0183707 0.0193452 0.0266919 0.0242864 0.0262306 0.0233635 0.0240987 0.0416266 0.0274806 0.0162328 0.0154124 0.0255333 0.1000862 0.0242904 
Temnothorax_obturator_P111        0.1332160 0.1428875 0.0797442 0.1030100 0.1035806 0.0793713 0.0769510 0.0777017 0.0777229 0.2238455 0.1789872 0.2359504 0.0334466 0.0384878 0.0420164 0.0390007 0.0388771 0.0362530 0.0338348 0.0413559 0.0348462 0.0394346 0.0312663 0.0386640 0.0317892 0.0336314 0.0464213 0.0334441 0.0329557 0.0298797 0.0000000 0.0310900 0.0456199 0.0511979 0.0387754 0.0330499 0.0322578 0.0331024 0.0394851 0.0416956 0.0393822 0.0393657 0.0375489 0.0543433 0.0408655 0.0345544 0.0340324 0.0298266 0.1114994 0.0374037 
Temnothorax_oxianus_P094          0.1235287 0.1323465 0.0680730 0.0935218 0.0932771 0.0684513 0.0657293 0.0662940 0.0656930 0.2188863 0.1701481 0.2311069 0.0216240 0.0263055 0.0295412 0.0215107 0.0212351 0.0210099 0.0210592 0.0290406 0.0193304 0.0273581 0.0157509 0.0259272 0.0162868 0.0162736 0.0315615 0.0207123 0.0201031 0.0144977 0.0310900 0.0000000 0.0337573 0.0398007 0.0264821 0.0178721 0.0196709 0.0204131 0.0274070 0.0266499 0.0271486 0.0248883 0.0251577 0.0428543 0.0284398 0.0197628 0.0187705 0.0265631 0.1017376 0.0251860 
Temnothorax_peninsularis_nr_P106  0.1387642 0.1466173 0.0836317 0.1064284 0.1067581 0.0828678 0.0805031 0.0813160 0.0808491 0.2347075 0.1820162 0.2445499 0.0271187 0.0407150 0.0445481 0.0421104 0.0417962 0.0386817 0.0364569 0.0439650 0.0376481 0.0419207 0.0340580 0.0407827 0.0344254 0.0366487 0.0492544 0.0356467 0.0352115 0.0326650 0.0456199 0.0337573 0.0000000 0.0442845 0.0411467 0.0358851 0.0349757 0.0353489 0.0315313 0.0446395 0.0422076 0.0429437 0.0398343 0.0467549 0.0432789 0.0376053 0.0367244 0.0415649 0.1156583 0.0298022 
Temnothorax_pergandei_P036        0.1441891 0.1536327 0.0900435 0.1123749 0.1130148 0.0902218 0.0869859 0.0878993 0.0870991 0.2393976 0.1898878 0.2508066 0.0335664 0.0473810 0.0508932 0.0485301 0.0477490 0.0451820 0.0426278 0.0499611 0.0436903 0.0481936 0.0402385 0.0470989 0.0408316 0.0428573 0.0550463 0.0419893 0.0415450 0.0391324 0.0511979 0.0398007 0.0442845 0.0000000 0.0477307 0.0416783 0.0412025 0.0419260 0.0370857 0.0503243 0.0478077 0.0488941 0.0462878 0.0519223 0.0497051 0.0437427 0.0429328 0.0471594 0.1221402 0.0342485 
Temnothorax_purpuratus_P062       0.1305603 0.1387048 0.0750061 0.0995509 0.0991042 0.0745710 0.0725320 0.0731086 0.0721759 0.2272608 0.1749485 0.2387008 0.0293241 0.0319501 0.0267066 0.0345100 0.0343307 0.0316792 0.0283308 0.0363937 0.0300257 0.0343171 0.0267116 0.0319836 0.0271545 0.0294689 0.0420637 0.0275849 0.0270519 0.0253428 0.0387754 0.0264821 0.0411467 0.0477307 0.0000000 0.0284930 0.0267318 0.0268844 0.0354290 0.0374990 0.0343699 0.0356585 0.0313092 0.0503250 0.0351651 0.0301784 0.0293366 0.0347803 0.1079546 0.0327726 
Temnothorax_recedens_P014         0.1255089 0.1346483 0.0705705 0.0948524 0.0948720 0.0701238 0.0677000 0.0683617 0.0686326 0.2243584 0.1727511 0.2333817 0.0235714 0.0281889 0.0314806 0.0261006 0.0255020 0.0184021 0.0231198 0.0310217 0.0169551 0.0292696 0.0136365 0.0278917 0.0182109 0.0209985 0.0290146 0.0227694 0.0222366 0.0152745 0.0330499 0.0178721 0.0358851 0.0416783 0.0284930 0.0000000 0.0215901 0.0223839 0.0296577 0.0243808 0.0290016 0.0268601 0.0271043 0.0446553 0.0304147 0.0203185 0.0194989 0.0286600 0.1034360 0.0274950 
Temnothorax_rugatulus_P018        0.1238463 0.1322608 0.0684804 0.0924834 0.0929619 0.0682097 0.0658218 0.0663850 0.0661868 0.2187419 0.1691289 0.2322052 0.0228701 0.0263618 0.0300778 0.0278097 0.0275862 0.0246800 0.0173229 0.0292513 0.0228993 0.0278678 0.0197886 0.0260921 0.0202087 0.0223304 0.0354225 0.0208183 0.0200279 0.0183707 0.0322578 0.0196709 0.0349757 0.0412025 0.0267318 0.0215901 0.0000000 0.0205517 0.0288588 0.0304872 0.0276361 0.0286813 0.0250609 0.0435963 0.0284378 0.0236226 0.0225787 0.0282657 0.1018177 0.0265168 
Temnothorax_rugithorax_cf_P135    0.1240017 0.1319021 0.0684752 0.0919774 0.0926043 0.0675057 0.0651438 0.0657713 0.0653068 0.2197556 0.1680536 0.2316604 0.0234445 0.0259273 0.0300699 0.0287885 0.0285103 0.0254216 0.0219902 0.0302481 0.0238519 0.0283143 0.0204242 0.0256375 0.0211477 0.0234412 0.0363119 0.0210793 0.0203901 0.0193452 0.0331024 0.0204131 0.0353489 0.0419260 0.0268844 0.0223839 0.0205517 0.0000000 0.0294379 0.0312837 0.0280807 0.0296724 0.0248254 0.0445193 0.0262562 0.0242960 0.0234386 0.0287498 0.1008772 0.0268887 
Temnothorax_salvini_P050          0.1327170 0.1415141 0.0772596 0.1014405 0.1017702 0.0773342 0.0744765 0.0754617 0.0747347 0.2313472 0.1778863 0.2415023 0.0210940 0.0348286 0.0385496 0.0357772 0.0354398 0.0325119 0.0302741 0.0381358 0.0311933 0.0360981 0.0273818 0.0346353 0.0282640 0.0305739 0.0430498 0.0295229 0.0292358 0.0266919 0.0394851 0.0274070 0.0315313 0.0370857 0.0354290 0.0296577 0.0288588 0.0294379 0.0000000 0.0379676 0.0357878 0.0364947 0.0337877 0.0402355 0.0373211 0.0313508 0.0306858 0.0353624 0.1113550 0.0222399 
Temnothorax_semenovi_P093         0.1348900 0.1435877 0.0793802 0.1028059 0.1030106 0.0792955 0.0769073 0.0773365 0.0768274 0.2302340 0.1789725 0.2391743 0.0320951 0.0367528 0.0405454 0.0356512 0.0348544 0.0267565 0.0321215 0.0395814 0.0218520 0.0381896 0.0229312 0.0367493 0.0274470 0.0300054 0.0274915 0.0316351 0.0310584 0.0242864 0.0416956 0.0266499 0.0446395 0.0503243 0.0374990 0.0243808 0.0304872 0.0312837 0.0379676 0.0000000 0.0373260 0.0359477 0.0358046 0.0536084 0.0392294 0.0292713 0.0285415 0.0375289 0.1120998 0.0360639 
Temnothorax_semiruber_P026        0.1326417 0.1390107 0.0759970 0.0999244 0.1001325 0.0759718 0.0736284 0.0744011 0.0741418 0.2276340 0.1750802 0.2382569 0.0300526 0.0338049 0.0373242 0.0354954 0.0347359 0.0319361 0.0292792 0.0291837 0.0305819 0.0274077 0.0270775 0.0337167 0.0280818 0.0302500 0.0425379 0.0285865 0.0283451 0.0262306 0.0393822 0.0271486 0.0422076 0.0478077 0.0343699 0.0290016 0.0276361 0.0280807 0.0357878 0.0373260 0.0000000 0.0361072 0.0328849 0.0508203 0.0362418 0.0308511 0.0299693 0.0352921 0.1085129 0.0335064 
Temnothorax_spinosior_P038        0.1326917 0.1421839 0.0774890 0.1015689 0.1015992 0.0769808 0.0748015 0.0751551 0.0747911 0.2288837 0.1777753 0.2420333 0.0305976 0.0351803 0.0386022 0.0327043 0.0325355 0.0298105 0.0301243 0.0382218 0.0282211 0.0363214 0.0250951 0.0350869 0.0243140 0.0274972 0.0406535 0.0298032 0.0292709 0.0233635 0.0393657 0.0248883 0.0429437 0.0488941 0.0356585 0.0268601 0.0286813 0.0296724 0.0364947 0.0359477 0.0361072 0.0000000 0.0340710 0.0510116 0.0377640 0.0279870 0.0272144 0.0354506 0.1107107 0.0342646 
Temnothorax_striatulus_cf_P051    0.1291182 0.1369539 0.0726347 0.0974298 0.0973238 0.0733740 0.0708016 0.0709500 0.0708629 0.2251344 0.1744885 0.2371831 0.0276949 0.0088472 0.0343858 0.0332672 0.0331896 0.0301349 0.0269228 0.0347932 0.0283027 0.0328035 0.0252009 0.0301592 0.0257135 0.0281758 0.0408504 0.0258025 0.0253456 0.0240987 0.0375489 0.0251577 0.0398343 0.0462878 0.0313092 0.0271043 0.0250609 0.0248254 0.0337877 0.0358046 0.0328849 0.0340710 0.0000000 0.0486268 0.0328426 0.0289065 0.0282153 0.0330486 0.1059134 0.0315156 
Temnothorax_subditivus_P059       0.1475874 0.1553981 0.0918414 0.1158398 0.1160229 0.0927031 0.0895576 0.0903517 0.0902244 0.2425970 0.1916675 0.2540350 0.0362308 0.0496529 0.0533720 0.0508468 0.0505551 0.0473857 0.0449752 0.0530742 0.0461156 0.0507236 0.0431629 0.0496598 0.0432739 0.0451751 0.0582452 0.0449237 0.0441160 0.0416266 0.0543433 0.0428543 0.0467549 0.0519223 0.0503250 0.0446553 0.0435963 0.0445193 0.0402355 0.0536084 0.0508203 0.0510116 0.0486268 0.0000000 0.0526168 0.0459593 0.0453796 0.0505693 0.1239625 0.0373353 
Temnothorax_tricarinatus_P110     0.1316321 0.1391122 0.0758092 0.1000086 0.1003930 0.0760657 0.0732320 0.0744674 0.0741547 0.2261463 0.1763714 0.2380314 0.0313302 0.0340663 0.0382028 0.0365463 0.0361670 0.0333731 0.0302571 0.0378246 0.0319387 0.0361680 0.0287139 0.0334833 0.0291702 0.0313505 0.0438223 0.0292325 0.0283541 0.0274806 0.0408655 0.0284398 0.0432789 0.0497051 0.0351651 0.0304147 0.0284378 0.0262562 0.0373211 0.0392294 0.0362418 0.0377640 0.0328426 0.0526168 0.0000000 0.0322783 0.0318189 0.0367513 0.1088171 0.0350746 
Temnothorax_turcicus_P022         0.1270919 0.1366638 0.0718251 0.0963622 0.0961085 0.0719555 0.0697574 0.0695919 0.0696974 0.2242421 0.1724357 0.2347456 0.0253885 0.0299032 0.0334266 0.0276253 0.0272533 0.0234317 0.0249676 0.0328925 0.0216197 0.0312267 0.0184725 0.0298595 0.0201081 0.0225191 0.0338675 0.0245369 0.0242028 0.0162328 0.0345544 0.0197628 0.0376053 0.0437427 0.0301784 0.0203185 0.0236226 0.0242960 0.0313508 0.0292713 0.0308511 0.0279870 0.0289065 0.0459593 0.0322783 0.0000000 0.0094664 0.0304072 0.1039313 0.0290916 
Temnothorax_unifasciatus_P027     0.1257620 0.1356905 0.0707223 0.0954912 0.0957969 0.0708658 0.0687598 0.0687004 0.0688106 0.2232188 0.1707785 0.2354974 0.0246428 0.0291453 0.0325906 0.0268248 0.0265032 0.0224433 0.0238807 0.0318054 0.0209883 0.0301864 0.0174798 0.0289375 0.0190971 0.0214493 0.0329324 0.0238390 0.0232768 0.0154124 0.0340324 0.0187705 0.0367244 0.0429328 0.0293366 0.0194989 0.0225787 0.0234386 0.0306858 0.0285415 0.0299693 0.0272144 0.0282153 0.0453796 0.0318189 0.0094664 0.0000000 0.0296359 0.1043296 0.0280644 
Temnothorax_whitfordi_P091        0.1315090 0.1389477 0.0761697 0.1002522 0.0998378 0.0764203 0.0731807 0.0742934 0.0735419 0.2247946 0.1747847 0.2377100 0.0294920 0.0340010 0.0379212 0.0346184 0.0344014 0.0316083 0.0294558 0.0373453 0.0302439 0.0353651 0.0268947 0.0342351 0.0274742 0.0295135 0.0423239 0.0290979 0.0287300 0.0255333 0.0298266 0.0265631 0.0415649 0.0471594 0.0347803 0.0286600 0.0282657 0.0287498 0.0353624 0.0375289 0.0352921 0.0354506 0.0330486 0.0505693 0.0367513 0.0304072 0.0296359 0.0000000 0.1089003 0.0331147 
Vombisidris_bilongrudi_D937       0.1545277 0.1625485 0.1051121 0.1236865 0.1243304 0.1054430 0.1022271 0.1030126 0.1029663 0.2488279 0.2009521 0.2566995 0.1035575 0.1076320 0.1113260 0.1109237 0.1100086 0.1059901 0.1035900 0.1102157 0.1044903 0.1088982 0.1016484 0.1067864 0.1016894 0.1049444 0.1160486 0.1004806 0.1005307 0.1000862 0.1114994 0.1017376 0.1156583 0.1221402 0.1079546 0.1034360 0.1018177 0.1008772 0.1113550 0.1120998 0.1085129 0.1107107 0.1059134 0.1239625 0.1088171 0.1039313 0.1043296 0.1089003 0.0000000 0.1080289 
Temnothorax_fuscatus_cf_P052      0.1310109 0.1399730 0.0748162 0.0996070 0.0998797 0.0746351 0.0725617 0.0732730 0.0726964 0.2284891 0.1757399 0.2386990 0.0187415 0.0326752 0.0361044 0.0334686 0.0331523 0.0305315 0.0278572 0.0357195 0.0287171 0.0336250 0.0253885 0.0324326 0.0259428 0.0280202 0.0409915 0.0273394 0.0267166 0.0242904 0.0374037 0.0251860 0.0298022 0.0342485 0.0327726 0.0274950 0.0265168 0.0268887 0.0222399 0.0360639 0.0335064 0.0342646 0.0315156 0.0373353 0.0350746 0.0290916 0.0280644 0.0331147 0.1080289 0.0000000 
