33
zanclostomus_javanicus   0.00000000 0.03667181 0.03286808 0.03722686 0.02716415 0.02932559 0.02525632 0.03038697 0.02800996 0.02553282 0.02720612 0.02676786 0.02669152 0.02515561 0.02695794 0.02978779 0.02712849 0.02989809 0.03274972 0.02659360 0.02469949 0.02891623 0.02708165 0.02674752 0.02762681 0.02977586 0.02605263 0.03328700 0.02134862 0.02212885 0.03077744 0.04457718 0.03320408 
pitta_guajana            0.03667181 0.00000000 0.02921910 0.03461608 0.02428046 0.02648636 0.02200962 0.02726015 0.02497365 0.02222280 0.02460421 0.02378997 0.02322749 0.02201811 0.02390082 0.02839517 0.02401746 0.02676514 0.03034726 0.02350278 0.02307370 0.02531449 0.02405672 0.02378968 0.02471124 0.02717450 0.02297458 0.03049007 0.03527563 0.01950021 0.02716400 0.04379728 0.02432743 
psittacula_alexandri     0.03286808 0.02921910 0.00000000 0.03070289 0.02001791 0.02220211 0.01808956 0.02325329 0.02040413 0.01794748 0.02082738 0.01928039 0.01920052 0.01765997 0.01937438 0.02481154 0.01946015 0.02308698 0.02689434 0.01891787 0.01965786 0.02100854 0.01960784 0.01920895 0.02048288 0.02288135 0.01887922 0.02673248 0.03187013 0.01599016 0.02351879 0.04104941 0.02755938 
gallus_gallus            0.03722686 0.03461608 0.03070289 0.00000000 0.02443097 0.02612022 0.02178825 0.02763063 0.02488655 0.02259573 0.02354925 0.02341866 0.02308777 0.02184370 0.02350537 0.02907791 0.02390838 0.02668439 0.03118185 0.02329100 0.02268669 0.02492511 0.02394618 0.02364361 0.02483903 0.02720645 0.02325993 0.03069688 0.03551922 0.01921323 0.02702537 0.04482421 0.03095604 
gampsonyx_swainsonii     0.02716415 0.02428046 0.02001791 0.02443097 0.00000000 0.01582373 0.01168065 0.01693255 0.01386033 0.01074205 0.01552005 0.01264855 0.01311945 0.01120511 0.01296355 0.01824755 0.01298172 0.01686044 0.02064476 0.01249338 0.01394428 0.01440876 0.01299310 0.01270467 0.01444446 0.01658765 0.01264466 0.02047455 0.02589057 0.01062675 0.01756785 0.03559539 0.02445368 
nyctibius_grandis        0.02932559 0.02648636 0.02220211 0.02612022 0.01582373 0.00000000 0.01383268 0.01890632 0.01601504 0.01383118 0.01718786 0.01479909 0.01496770 0.01332496 0.01527011 0.02074801 0.01516655 0.01927982 0.02288483 0.01458203 0.01658840 0.01669470 0.01507893 0.01482674 0.01652102 0.01854028 0.01533089 0.02208531 0.02857373 0.01335274 0.01973182 0.03726318 0.02548930 
phegornis_mitchelli      0.02525632 0.02200962 0.01808956 0.02178825 0.01168065 0.01383268 0.00000000 0.01516787 0.01200247 0.00976964 0.01377819 0.01083062 0.01083939 0.00936015 0.01145011 0.01654966 0.01089914 0.01488002 0.01858322 0.01055904 0.01276403 0.01253718 0.01126785 0.01067921 0.01231028 0.01453844 0.01144893 0.01847304 0.02431930 0.00958795 0.01589743 0.03330805 0.02235425 
ardeotis_kori            0.03038697 0.02726015 0.02325329 0.02763063 0.01693255 0.01890632 0.01516787 0.00000000 0.01726579 0.01504022 0.01801726 0.01605806 0.01623596 0.01432230 0.01647267 0.02191720 0.01638582 0.01974792 0.02403120 0.01586829 0.01736081 0.01785426 0.01649995 0.01612052 0.01760778 0.01986519 0.01643601 0.02383373 0.02947881 0.01488332 0.02067666 0.03779544 0.02614901 
phalacrocorax_carbo      0.02800996 0.02497365 0.02040413 0.02488655 0.01386033 0.01601504 0.01200247 0.01726579 0.00000000 0.01192223 0.01562713 0.01279549 0.01324610 0.01133909 0.01335143 0.01918738 0.01195149 0.01727173 0.02151084 0.01149302 0.01482115 0.01471017 0.01256170 0.01246452 0.01478494 0.01698852 0.01337088 0.02098639 0.02650093 0.01151733 0.01806112 0.03663072 0.02457402 
cathartes_aura           0.02553282 0.02222280 0.01794748 0.02259573 0.01074205 0.01383118 0.00976964 0.01504022 0.01192223 0.00000000 0.01383107 0.01064661 0.01083960 0.00920018 0.01128289 0.01624388 0.01089733 0.01505056 0.01865539 0.01036436 0.01231300 0.01251221 0.01100216 0.01055222 0.01236724 0.01473094 0.01071628 0.01891561 0.02435992 0.00900029 0.01617581 0.03348500 0.02263352 
opisthocomus_hoazin      0.02720612 0.02460421 0.02082738 0.02354925 0.01552005 0.01718786 0.01377819 0.01801726 0.01562713 0.01383107 0.00000000 0.01443576 0.01447437 0.01317179 0.01500940 0.01949707 0.01472671 0.01827837 0.02141508 0.01432613 0.01707069 0.01588442 0.01482225 0.01446024 0.01564881 0.01793864 0.01512743 0.02090260 0.02699508 0.01435122 0.01898448 0.03511081 0.02615950 
gavia_immer              0.02676786 0.02378997 0.01928039 0.02341866 0.01264855 0.01479909 0.01083062 0.01605806 0.01279549 0.01064661 0.01443576 0.00000000 0.01197773 0.01007993 0.01215520 0.01798149 0.01162149 0.01622965 0.02014332 0.01110147 0.01372304 0.01348818 0.01164048 0.01141686 0.01336870 0.01552187 0.01203174 0.02006706 0.02593807 0.01036783 0.01677307 0.03478693 0.02359850 
psophia_crepitans        0.02669152 0.02322749 0.01920052 0.02308777 0.01311945 0.01496770 0.01083939 0.01623596 0.01324610 0.01083960 0.01447437 0.01197773 0.00000000 0.01034408 0.01238457 0.01779485 0.01214051 0.01601695 0.02009060 0.01175607 0.01373837 0.01391225 0.01239859 0.01199058 0.01355756 0.01575516 0.01252736 0.01980121 0.02577861 0.01046686 0.01685338 0.03416195 0.02309870 
phoenicopterus_chilensis 0.02515561 0.02201811 0.01765997 0.02184370 0.01120511 0.01332496 0.00936015 0.01432230 0.01133909 0.00920018 0.01317179 0.01007993 0.01034408 0.00000000 0.00820182 0.01629377 0.01048140 0.01448663 0.01866876 0.00982873 0.01263893 0.01196849 0.01050031 0.01026508 0.01191464 0.01405711 0.01079607 0.01825568 0.02425731 0.00921292 0.01511711 0.03257745 0.02206400 
podiceps_auritus         0.02695794 0.02390082 0.01937438 0.02350537 0.01296355 0.01527011 0.01145011 0.01647267 0.01335143 0.01128289 0.01500940 0.01215520 0.01238457 0.00820182 0.00000000 0.01811155 0.01243505 0.01625101 0.02038755 0.01195508 0.01396843 0.01385050 0.01258304 0.01236707 0.01380542 0.01592837 0.01258469 0.01988596 0.02581315 0.01082351 0.01697937 0.03524755 0.02381503 
momotus_momota           0.02978779 0.02839517 0.02481154 0.02907791 0.01824755 0.02074801 0.01654966 0.02191720 0.01918738 0.01624388 0.01949707 0.01798149 0.01779485 0.01629377 0.01811155 0.00000000 0.01818861 0.02155771 0.02525436 0.01770855 0.01725526 0.01958531 0.01811221 0.01795442 0.01901582 0.02138075 0.01755526 0.02523939 0.02850013 0.01556986 0.02258654 0.03759740 0.02758807 
scopus_umbretta          0.02712849 0.02401746 0.01946015 0.02390838 0.01298172 0.01516655 0.01089914 0.01638582 0.01195149 0.01089733 0.01472671 0.01162149 0.01214051 0.01048140 0.01243505 0.01818861 0.00000000 0.01640798 0.02042018 0.00776661 0.01402025 0.01360622 0.01166741 0.01127532 0.01383295 0.01595148 0.01246435 0.01980647 0.02596358 0.01021175 0.01696928 0.03477522 0.02375427 
treron_vernans           0.02989809 0.02676514 0.02308698 0.02668439 0.01686044 0.01927982 0.01488002 0.01974792 0.01727173 0.01505056 0.01827837 0.01622965 0.01601695 0.01448663 0.01625101 0.02155771 0.01640798 0.00000000 0.02374026 0.01575869 0.01710404 0.01754805 0.01649040 0.01613243 0.01727006 0.01954051 0.01647127 0.02350182 0.02949118 0.01472182 0.02017903 0.03761567 0.02598856 
urocolius_indicus        0.03274972 0.03034726 0.02689434 0.03118185 0.02064476 0.02288483 0.01858322 0.02403120 0.02151084 0.01865539 0.02141508 0.02014332 0.02009060 0.01866876 0.02038755 0.02525436 0.02042018 0.02374026 0.00000000 0.02004611 0.01966202 0.02176474 0.02065131 0.02001505 0.02166837 0.02352573 0.01922902 0.02710002 0.03149387 0.01670743 0.02458796 0.04034285 0.02854053 
balaeniceps_rex          0.02659360 0.02350278 0.01891787 0.02329100 0.01249338 0.01458203 0.01055904 0.01586829 0.01149302 0.01036436 0.01432613 0.01110147 0.01175607 0.00982873 0.01195508 0.01770855 0.00776661 0.01575869 0.02004611 0.00000000 0.01375098 0.01323391 0.01105457 0.01070799 0.01322515 0.01538331 0.01213402 0.01972690 0.02554516 0.01021401 0.01672340 0.03455346 0.02367256 
trogon_personata         0.02469949 0.02307370 0.01965786 0.02268669 0.01394428 0.01658840 0.01276403 0.01736081 0.01482115 0.01231300 0.01707069 0.01372304 0.01373837 0.01263893 0.01396843 0.01725526 0.01402025 0.01710404 0.01966202 0.01375098 0.00000000 0.01499276 0.01404531 0.01368472 0.01456713 0.01656776 0.01358067 0.02048432 0.02441004 0.01320611 0.01794874 0.03222701 0.02390429 
phaethon_rubicauda       0.02891623 0.02531449 0.02100854 0.02492511 0.01440876 0.01669470 0.01253718 0.01785426 0.01471017 0.01251221 0.01588442 0.01348818 0.01391225 0.01196849 0.01385050 0.01958531 0.01360622 0.01754805 0.02176474 0.01323391 0.01499276 0.00000000 0.01383839 0.01345297 0.01534060 0.01709661 0.01389193 0.02137934 0.02753040 0.01205967 0.01820968 0.03631747 0.02488714 
eudyptula_minor          0.02708165 0.02405672 0.01960784 0.02394618 0.01299310 0.01507893 0.01126785 0.01649995 0.01256170 0.01100216 0.01482225 0.01164048 0.01239859 0.01050031 0.01258304 0.01811221 0.01166741 0.01649040 0.02065131 0.01105457 0.01404531 0.01383839 0.00000000 0.01124080 0.01386251 0.01601420 0.01259274 0.02014747 0.02628878 0.01061633 0.01726963 0.03504301 0.02367859 
oceanites_oceanicus      0.02674752 0.02378968 0.01920895 0.02364361 0.01270467 0.01482674 0.01067921 0.01612052 0.01246452 0.01055222 0.01446024 0.01141686 0.01199058 0.01026508 0.01236707 0.01795442 0.01127532 0.01613243 0.02001505 0.01070799 0.01368472 0.01345297 0.01124080 0.00000000 0.01359241 0.01582627 0.01228489 0.01982866 0.02587575 0.01028565 0.01691600 0.03485754 0.02339966 
tauraco_erythrolophus    0.02762681 0.02471124 0.02048288 0.02483903 0.01444446 0.01652102 0.01231028 0.01760778 0.01478494 0.01236724 0.01564881 0.01336870 0.01355756 0.01191464 0.01380542 0.01901582 0.01383295 0.01727006 0.02166837 0.01322515 0.01456713 0.01534060 0.01386251 0.01359241 0.00000000 0.01725924 0.01359318 0.02108674 0.02647392 0.01186300 0.01814874 0.03543728 0.02430345 
eurypyga_helias          0.02977586 0.02717450 0.02288135 0.02720645 0.01658765 0.01854028 0.01453844 0.01986519 0.01698852 0.01473094 0.01793864 0.01552187 0.01575516 0.01405711 0.01592837 0.02138075 0.01595148 0.01954051 0.02352573 0.01538331 0.01656776 0.01709661 0.01601420 0.01582627 0.01725924 0.00000000 0.01585541 0.02302971 0.02904026 0.01351955 0.02039713 0.03782854 0.02639136 
tyto_alba                0.02605263 0.02297458 0.01887922 0.02325993 0.01264466 0.01533089 0.01144893 0.01643601 0.01337088 0.01071628 0.01512743 0.01203174 0.01252736 0.01079607 0.01258469 0.01755526 0.01246435 0.01647127 0.01922902 0.01213402 0.01358067 0.01389193 0.01259274 0.01228489 0.01359318 0.01585541 0.00000000 0.01974827 0.02534106 0.01052571 0.01734636 0.03386776 0.02318551 
colibri_coruscans        0.03328700 0.03049007 0.02673248 0.03069688 0.02047455 0.02208531 0.01847304 0.02383373 0.02098639 0.01891561 0.02090260 0.02006706 0.01980121 0.01825568 0.01988596 0.02523939 0.01980647 0.02350182 0.02710002 0.01972690 0.02048432 0.02137934 0.02014747 0.01982866 0.02108674 0.02302971 0.01974827 0.00000000 0.03149068 0.01723334 0.02382906 0.04080241 0.02919082 
megalaima_virens         0.02134862 0.03527563 0.03187013 0.03551922 0.02589057 0.02857373 0.02431930 0.02947881 0.02650093 0.02435992 0.02699508 0.02593807 0.02577861 0.02425731 0.02581315 0.02850013 0.02596358 0.02949118 0.03149387 0.02554516 0.02441004 0.02753040 0.02628878 0.02587575 0.02647392 0.02904026 0.02534106 0.03149068 0.00000000 0.02279111 0.02996545 0.04352488 0.03270896 
micrastur_semitorquatus  0.02212885 0.01950021 0.01599016 0.01921323 0.01062675 0.01335274 0.00958795 0.01488332 0.01151733 0.00900029 0.01435122 0.01036783 0.01046686 0.00921292 0.01082351 0.01556986 0.01021175 0.01472182 0.01670743 0.01021401 0.01320611 0.01205967 0.01061633 0.01028565 0.01186300 0.01351955 0.01052571 0.01723334 0.02279111 0.00000000 0.01520439 0.03125158 0.02196397 
pterocles                0.03077744 0.02716400 0.02351879 0.02702537 0.01756785 0.01973182 0.01589743 0.02067666 0.01806112 0.01617581 0.01898448 0.01677307 0.01685338 0.01511711 0.01697937 0.02258654 0.01696928 0.02017903 0.02458796 0.01672340 0.01794874 0.01820968 0.01726963 0.01691600 0.01814874 0.02039713 0.01734636 0.02382906 0.02996545 0.01520439 0.00000000 0.03812721 0.02784001 
rhinopomastus_cyanomelas 0.04457718 0.04379728 0.04104941 0.04482421 0.03559539 0.03726318 0.03330805 0.03779544 0.03663072 0.03348500 0.03511081 0.03478693 0.03416195 0.03257745 0.03524755 0.03759740 0.03477522 0.03761567 0.04034285 0.03455346 0.03222701 0.03631747 0.03504301 0.03485754 0.03543728 0.03782854 0.03386776 0.04080241 0.04352488 0.03125158 0.03812721 0.00000000 0.04047371 
vidua_macroura           0.03320408 0.02432743 0.02755938 0.03095604 0.02445368 0.02548930 0.02235425 0.02614901 0.02457402 0.02263352 0.02615950 0.02359850 0.02309870 0.02206400 0.02381503 0.02758807 0.02375427 0.02598856 0.02854053 0.02367256 0.02390429 0.02488714 0.02367859 0.02339966 0.02430345 0.02639136 0.02318551 0.02919082 0.03270896 0.02196397 0.02784001 0.04047371 0.00000000 
