55
eleutheronema_tetradactylum  0.00000000 0.03359250 0.12910309 0.03584945 0.03963638 0.04531144 0.06032682 0.03340472 0.03068666 0.03541963 0.16341274 0.03417678 0.09485834 0.05585909 0.25199324 0.04650881 0.03038143 0.04702092 0.03211539 0.04968804 0.04752432 0.07345745 0.03643709 0.03542613 0.13227906 0.03311857 0.08253983 0.09778667 0.05871616 0.11363554 0.04835498 0.03433832 0.07041154 0.11215724 0.08551600 0.06457313 0.03246480 0.00806503 0.06532320 0.03160810 0.03423656 0.03664757 0.03421819 0.04214519 0.05359448 0.04966262 0.03097874 0.04218341 0.03202196 0.04063518 0.06775157 0.04820456 0.03644338 0.05112010 0.25010694 
sphyranea_sphyranea          0.03359250 0.00000000 0.12103620 0.03041546 0.03445158 0.03972088 0.05417491 0.02898921 0.02528534 0.03027965 0.15710186 0.02869709 0.09080837 0.05013597 0.24439139 0.04077100 0.02505469 0.04213839 0.02576481 0.04393291 0.04197513 0.06706364 0.03139809 0.01769921 0.12724107 0.02874439 0.07698292 0.09088143 0.05275819 0.10656119 0.04271584 0.02943164 0.06429613 0.10579268 0.07941348 0.05885208 0.02671497 0.03365546 0.05856838 0.02618233 0.02894880 0.03090794 0.02914726 0.03637570 0.04800868 0.04459717 0.02482748 0.03625305 0.02573800 0.03446896 0.06205248 0.04229571 0.03078982 0.04510884 0.23920292 
lampris_guttatus             0.12910309 0.12103620 0.00000000 0.12623297 0.12898907 0.13003615 0.14481976 0.11720573 0.12289299 0.12580468 0.17613992 0.12368771 0.17427634 0.13224164 0.25744252 0.12486352 0.12155277 0.11964533 0.11970971 0.12870031 0.13543921 0.15230076 0.12638409 0.12079982 0.20724538 0.12113575 0.16409433 0.17339454 0.14337951 0.17852251 0.13605593 0.12542290 0.10790758 0.18310493 0.15321101 0.14828106 0.12329299 0.12830127 0.14595410 0.12143203 0.12265180 0.12769290 0.12491550 0.13259205 0.12918802 0.13726176 0.12074418 0.13273741 0.12268169 0.12936905 0.15293507 0.13638819 0.12754205 0.13644151 0.30218765 
chloroscombrus_orqueta       0.03584945 0.03041546 0.12623297 0.00000000 0.03669731 0.04161992 0.05704809 0.01133995 0.01758524 0.00926828 0.16185806 0.02223356 0.09203256 0.05318097 0.25090606 0.04352243 0.02726530 0.04420648 0.02880536 0.04594713 0.04402682 0.06929840 0.01226996 0.03196409 0.12843458 0.00871320 0.07878883 0.09273702 0.05534057 0.10982603 0.04460589 0.00864143 0.06750468 0.10844788 0.08343512 0.06053442 0.02048305 0.03580614 0.06113532 0.01971625 0.01063433 0.03336454 0.02274591 0.03909674 0.05070009 0.04648496 0.02777635 0.03873728 0.02803786 0.02877095 0.06391941 0.03655650 0.03331144 0.04802982 0.24612198 
citharoides_macrolepis       0.03963638 0.03445158 0.12898907 0.03669731 0.00000000 0.04391000 0.05276909 0.03507851 0.03196031 0.03682930 0.16295949 0.03540957 0.08815510 0.05736282 0.25037244 0.04858492 0.03221838 0.04069057 0.03297840 0.05088606 0.03999020 0.06411815 0.03771301 0.03557345 0.12366999 0.03490288 0.07509457 0.08834924 0.05113377 0.10404043 0.04064672 0.03565615 0.07092394 0.10230509 0.08561578 0.05626918 0.03325916 0.03991877 0.03484577 0.03303893 0.03483307 0.03780250 0.03560520 0.04333953 0.05533459 0.04234191 0.03244874 0.04314523 0.03282123 0.04155691 0.06058077 0.04942055 0.03813486 0.04383065 0.24924029 
psettodes_eneumeri           0.04531144 0.03972088 0.13003615 0.04161992 0.04391000 0.00000000 0.06280738 0.03952236 0.03620195 0.04137187 0.16567448 0.04073646 0.09857467 0.06152026 0.25282574 0.05279144 0.03724624 0.05131233 0.03806998 0.05589103 0.05218981 0.07695383 0.04258670 0.04101775 0.13178141 0.04008087 0.08570834 0.09979211 0.06122237 0.11324550 0.05290842 0.04088424 0.07581789 0.11236585 0.09020179 0.06727777 0.03889932 0.04534803 0.06563158 0.03818101 0.04071774 0.04337871 0.04088815 0.04834166 0.05976247 0.05491989 0.03755651 0.04832392 0.03792113 0.04690307 0.07178880 0.05475265 0.04296454 0.05506283 0.24689379 
mancopsetta_milfordi         0.06032682 0.05417491 0.14481976 0.05704809 0.05276909 0.06280738 0.00000000 0.05484476 0.05204518 0.05663791 0.18163875 0.05603181 0.09983537 0.07774714 0.26720183 0.06820302 0.05248233 0.05293369 0.05309136 0.07123184 0.05499023 0.07853757 0.05799709 0.05575925 0.13496194 0.05490184 0.08504659 0.10159865 0.00148966 0.11488512 0.05549604 0.05623278 0.09114413 0.11222044 0.10332212 0.06668411 0.05395300 0.06078499 0.07337819 0.05300884 0.05529227 0.05899610 0.05609033 0.06438897 0.07512145 0.05788076 0.05349573 0.06383528 0.05274454 0.06094665 0.07291813 0.06917088 0.05836902 0.05644282 0.26665678 
decapterus_maruadsi          0.03340472 0.02898921 0.11720573 0.01133995 0.03507851 0.03952236 0.05484476 0.00000000 0.01690460 0.01106648 0.14883262 0.02147122 0.08766049 0.04953207 0.23701880 0.04087407 0.02587163 0.04333714 0.02687990 0.04284788 0.04183100 0.06605933 0.01210077 0.02990352 0.12171271 0.00955926 0.07570060 0.08743633 0.05313053 0.10395549 0.04289916 0.00969983 0.06305696 0.10167132 0.07747116 0.05733519 0.01975536 0.03386824 0.05837679 0.01913123 0.00555424 0.03177457 0.02148146 0.03670496 0.04739863 0.04471449 0.02651611 0.03672738 0.02629904 0.02688303 0.06128573 0.03432400 0.03166187 0.04558983 0.22431215 
seriola_zonata               0.03068666 0.02528534 0.12289299 0.01758524 0.03196031 0.03620195 0.05204518 0.01690460 0.00000000 0.01734998 0.15905029 0.01649925 0.08891177 0.04819811 0.24880799 0.03849165 0.02118796 0.04085265 0.02301338 0.04108291 0.03972406 0.06694391 0.01804705 0.02672381 0.12624068 0.01605695 0.07452913 0.09140714 0.05100547 0.10765436 0.04048473 0.01623307 0.06333630 0.10571193 0.07941418 0.05583717 0.01430596 0.03093772 0.05848891 0.01380467 0.01640795 0.02717263 0.01689478 0.03337386 0.04596299 0.04199308 0.02225346 0.03311002 0.02233156 0.02356073 0.06014473 0.03156280 0.02749288 0.04350401 0.24439255 
alepes_kleinii               0.03541963 0.03027965 0.12580468 0.00926828 0.03682930 0.04137187 0.05663791 0.01106648 0.01734998 0.00000000 0.16149245 0.02200390 0.09276363 0.05283850 0.24946748 0.04355248 0.02687008 0.04414205 0.02885728 0.04575879 0.04373836 0.06996703 0.01239254 0.03157062 0.12869188 0.00885145 0.07884052 0.09354802 0.05495210 0.10887876 0.04444607 0.00854387 0.06719651 0.10791200 0.08289823 0.06024829 0.02047167 0.03546500 0.06132607 0.01976601 0.01077716 0.03315263 0.02270631 0.03881334 0.05025232 0.04648433 0.02756560 0.03862332 0.02800978 0.02874424 0.06396790 0.03625455 0.03300029 0.04787460 0.24546162 
ceratoscopelus_warmingii     0.16341274 0.15710186 0.17613992 0.16185806 0.16295949 0.16567448 0.18163875 0.14883262 0.15905029 0.16149245 0.00000000 0.15819544 0.21167017 0.16440375 0.28286422 0.15833282 0.15724542 0.14728386 0.15548584 0.16429784 0.16931383 0.18732055 0.16218232 0.15633362 0.24365472 0.15293885 0.20107350 0.20333983 0.17919442 0.21204039 0.17074540 0.16046544 0.14359029 0.21075595 0.18838550 0.18441251 0.15812933 0.16415805 0.17561817 0.15662728 0.15614626 0.16453321 0.16030213 0.16822222 0.16581458 0.17134383 0.15754432 0.16948478 0.15872563 0.16365429 0.18858445 0.17110381 0.16305582 0.16960943 0.34408571 
scomberoides_commersonnianus 0.03417678 0.02869709 0.12368771 0.02223356 0.03540957 0.04073646 0.05603181 0.02147122 0.01649925 0.02200390 0.15819544 0.00000000 0.09196107 0.05076638 0.24905049 0.04177758 0.02505834 0.04316957 0.02712971 0.04405601 0.04285896 0.06915728 0.02290949 0.03011908 0.12920256 0.02100435 0.07791405 0.09295581 0.05450510 0.10950496 0.04363174 0.02108694 0.06521032 0.10756304 0.08171474 0.05910405 0.01486773 0.03401602 0.06109496 0.01471461 0.02112105 0.03135511 0.02056169 0.03681073 0.04856146 0.04525596 0.02605994 0.03666862 0.02634970 0.02695361 0.06358723 0.03485716 0.03144433 0.04670081 0.24501197 
samariscus_xenicus           0.09485834 0.09080837 0.17427634 0.09203256 0.08815510 0.09857467 0.09983537 0.08766049 0.08891177 0.09276363 0.21167017 0.09196107 0.00000000 0.11227363 0.28995971 0.10378117 0.08893410 0.08272045 0.09029257 0.10625834 0.09065189 0.10875868 0.09284601 0.09335700 0.15908864 0.08917590 0.11946973 0.12809751 0.09746696 0.13947338 0.09076505 0.09259294 0.12622994 0.13726718 0.13476508 0.10212736 0.09058387 0.09583828 0.10515964 0.08915660 0.09126668 0.09556690 0.09257131 0.10076453 0.10944686 0.09223019 0.08964538 0.10043150 0.08997931 0.09828506 0.10313112 0.10508080 0.09487638 0.08847598 0.28999587 
kurtus_gulliveri             0.05585909 0.05013597 0.13224164 0.05318097 0.05736282 0.06152026 0.07774714 0.04953207 0.04819811 0.05283850 0.16440375 0.05076638 0.11227363 0.00000000 0.25573030 0.05175347 0.04745904 0.06129116 0.04809261 0.05723294 0.06401266 0.08848367 0.05345089 0.05181523 0.14704713 0.05041848 0.09940893 0.11250550 0.07572578 0.12725464 0.06485048 0.05189641 0.07386016 0.12573707 0.09130900 0.08049122 0.04937958 0.05567420 0.08116699 0.04882030 0.05112253 0.05393248 0.05177708 0.05895238 0.03621323 0.06660549 0.04774286 0.05891556 0.04893013 0.05784100 0.08374830 0.06496648 0.05324352 0.06724111 0.25329835 
gadus_morhua                 0.25199324 0.24439139 0.25744252 0.25090606 0.25037244 0.25282574 0.26720183 0.23701880 0.24880799 0.24946748 0.28286422 0.24905049 0.28995971 0.25573030 0.00000000 0.25214662 0.24815971 0.22856441 0.24899974 0.25358631 0.25972852 0.27469841 0.25144505 0.24879472 0.32219415 0.24053692 0.28743040 0.28868319 0.26477649 0.28419377 0.25946758 0.25143539 0.23817136 0.28817821 0.27619089 0.27219087 0.24793023 0.25279754 0.25682487 0.24444034 0.24458100 0.25523109 0.25097694 0.26069262 0.25458999 0.26070895 0.24567188 0.25967850 0.25037896 0.25606318 0.27567396 0.26260825 0.25105193 0.25808287 0.41534712 
scomber_scombrus             0.04650881 0.04077100 0.12486352 0.04352243 0.04858492 0.05279144 0.06820302 0.04087407 0.03849165 0.04355248 0.15833282 0.04177758 0.10378117 0.05175347 0.25214662 0.00000000 0.03795915 0.05349905 0.03907832 0.04739553 0.05487994 0.08045967 0.04399107 0.04252670 0.14154701 0.04144966 0.09081559 0.10471716 0.06667519 0.12149304 0.05623109 0.04252696 0.06668925 0.12033995 0.07761991 0.07158747 0.03988285 0.04632880 0.07402817 0.03903266 0.04174718 0.04426362 0.04199062 0.04951129 0.04921722 0.05732274 0.03816176 0.04926631 0.03941031 0.04812739 0.07555923 0.05552059 0.04370187 0.05872845 0.24369113 
toxotes_jaculatrix           0.03038143 0.02505469 0.12155277 0.02726530 0.03221838 0.03724624 0.05248233 0.02587163 0.02118796 0.02687008 0.15724542 0.02505834 0.08893410 0.04745904 0.24815971 0.03795915 0.00000000 0.04063070 0.02312908 0.04078512 0.03945263 0.06650090 0.02757251 0.02667448 0.12576032 0.02543381 0.07506104 0.09067606 0.05091136 0.10742791 0.04052885 0.02567849 0.06218790 0.10547661 0.07902068 0.05578785 0.02297753 0.03029836 0.05824691 0.02251439 0.02578376 0.02675041 0.02524698 0.03242150 0.04549308 0.04192908 0.02181379 0.03214576 0.01891945 0.03152393 0.05991324 0.03907545 0.02694957 0.04347008 0.24276104 
scophthalmus_rhombus         0.04702092 0.04213839 0.11964533 0.04420648 0.04069057 0.05131233 0.05293369 0.04333714 0.04085265 0.04414205 0.14728386 0.04316957 0.08272045 0.06129116 0.22856441 0.05349905 0.04063070 0.00000000 0.04118179 0.05470075 0.03989006 0.05900403 0.04491776 0.04366046 0.11349194 0.04316578 0.07238000 0.07875372 0.05186988 0.09093784 0.04037004 0.04377057 0.07265676 0.08970533 0.08186303 0.05693028 0.04172309 0.04753368 0.05996882 0.04147374 0.04334673 0.04615085 0.04349137 0.05024742 0.05947216 0.04208625 0.04162953 0.04998877 0.04141116 0.04753772 0.06031177 0.05494470 0.04549719 0.04493388 0.21387590 
centropomus_medius           0.03211539 0.02576481 0.11970971 0.02880536 0.03297840 0.03806998 0.05309136 0.02687990 0.02301338 0.02885728 0.15548584 0.02712971 0.09029257 0.04809261 0.24899974 0.03907832 0.02312908 0.04118179 0.00000000 0.04103896 0.04059638 0.06541364 0.02958804 0.02613212 0.12708785 0.02681706 0.07555135 0.09055414 0.05184675 0.10622235 0.04135409 0.02777302 0.06352631 0.10443817 0.07834316 0.05665746 0.02476225 0.03199682 0.05807139 0.02447486 0.02740023 0.02909013 0.02732502 0.03442003 0.04618636 0.04290046 0.02270661 0.03412216 0.02340479 0.03358143 0.06100240 0.04144829 0.02918588 0.04397796 0.24293362 
acanthurus_bahianus          0.04968804 0.04393291 0.12870031 0.04594713 0.05088606 0.05589103 0.07123184 0.04284788 0.04108291 0.04575879 0.16429784 0.04405601 0.10625834 0.05723294 0.25358631 0.04739553 0.04078512 0.05470075 0.04103896 0.00000000 0.05770363 0.08207531 0.04658378 0.04396595 0.14227939 0.04356076 0.09366725 0.10556445 0.06937279 0.11985149 0.05847256 0.04515598 0.07116572 0.11975623 0.08741057 0.07438739 0.04302025 0.04956861 0.07502306 0.04203174 0.04432890 0.04715171 0.04498644 0.05240072 0.05452798 0.05956050 0.04083751 0.05223046 0.04225465 0.05111956 0.07796690 0.05845329 0.04718085 0.06137665 0.25153248 
paralichthys_albigutta       0.04752432 0.04197513 0.13543921 0.04402682 0.03999020 0.05218981 0.05499023 0.04183100 0.03972406 0.04373836 0.16931383 0.04285896 0.09065189 0.06401266 0.25972852 0.05487994 0.03945263 0.03989006 0.04059638 0.05770363 0.00000000 0.05660096 0.04465490 0.04329806 0.12527112 0.04209106 0.07817357 0.08133839 0.05339193 0.09853472 0.00924893 0.04308245 0.07828921 0.09573899 0.09187398 0.05901537 0.04090491 0.04763398 0.06296010 0.04029678 0.04247024 0.04568213 0.04296306 0.05057218 0.06195376 0.01762455 0.03998069 0.05026373 0.04031369 0.04835832 0.06326433 0.05649756 0.04542836 0.04636484 0.25710647 
cyclopsetta_fimbriata        0.07345745 0.06706364 0.15230076 0.06929840 0.06411815 0.07695383 0.07853757 0.06605933 0.06694391 0.06996703 0.18732055 0.06915728 0.10875868 0.08848367 0.27469841 0.08045967 0.06650090 0.05900403 0.06541364 0.08207531 0.05660096 0.00000000 0.07041213 0.06769711 0.14295302 0.06686191 0.10110078 0.07095443 0.07667962 0.10468567 0.05684288 0.06911002 0.10331946 0.10211695 0.11034920 0.08258920 0.06801831 0.07252063 0.08099579 0.06682370 0.06729872 0.07264777 0.06940394 0.07691648 0.08739817 0.05874719 0.06656236 0.07688577 0.06689540 0.07372151 0.08551728 0.08155884 0.07218971 0.06910804 0.27403620 
alectis_indicus              0.03643709 0.03139809 0.12638409 0.01226996 0.03771301 0.04258670 0.05799709 0.01210077 0.01804705 0.01239254 0.16218232 0.02290949 0.09284601 0.05345089 0.25144505 0.04399107 0.02757251 0.04491776 0.02958804 0.04658378 0.04465490 0.07041213 0.00000000 0.03282619 0.13013067 0.01076482 0.07947067 0.09451315 0.05639437 0.11128623 0.04555014 0.01032578 0.06799947 0.10954340 0.08434332 0.06088646 0.02118684 0.03650236 0.06326139 0.02038722 0.01172233 0.03359858 0.02313091 0.03935396 0.05089879 0.04708205 0.02839403 0.03903328 0.02874030 0.02872713 0.06390177 0.03719349 0.03393027 0.04864302 0.25002279 
sphyraena_putnamae           0.03542613 0.01769921 0.12079982 0.03196409 0.03557345 0.04101775 0.05575925 0.02990352 0.02672381 0.03157062 0.15633362 0.03011908 0.09335700 0.05181523 0.24879472 0.04252670 0.02667448 0.04366046 0.02613212 0.04396595 0.04329806 0.06769711 0.03282619 0.00000000 0.12921897 0.03036711 0.07864519 0.09257771 0.05426504 0.10852336 0.04394984 0.03110625 0.06545118 0.10723768 0.07953164 0.06016557 0.02785481 0.03509645 0.05981902 0.02743034 0.03011655 0.03274776 0.03061779 0.03759767 0.04911769 0.04573657 0.02642590 0.03771279 0.02736723 0.03576698 0.06396587 0.04392854 0.03256870 0.04660799 0.24258251 
symphurus_plagiusa           0.13227906 0.12724107 0.20724538 0.12843458 0.12366999 0.13178141 0.13496194 0.12171271 0.12624068 0.12869188 0.24365472 0.12920256 0.15908864 0.14704713 0.32219415 0.14154701 0.12576032 0.11349194 0.12708785 0.14227939 0.12527112 0.14295302 0.13013067 0.12921897 0.00000000 0.12510367 0.15439304 0.16093251 0.13320294 0.16679904 0.12629582 0.12967589 0.16180565 0.16859081 0.16526502 0.13647158 0.12768630 0.13317264 0.14028477 0.12570582 0.12669434 0.13313410 0.12958932 0.13875904 0.14707436 0.12811015 0.12766961 0.13836508 0.12801312 0.13500041 0.13028910 0.14160920 0.13032819 0.11903151 0.32977397 
megalaspis_cordyla           0.03311857 0.02874439 0.12113575 0.00871320 0.03490288 0.04008087 0.05490184 0.00955926 0.01605695 0.00885145 0.15293885 0.02100435 0.08917590 0.05041848 0.24053692 0.04144966 0.02543381 0.04316578 0.02681706 0.04356076 0.04209106 0.06686191 0.01076482 0.03036711 0.12510367 0.00000000 0.07655047 0.08935636 0.05339146 0.10475741 0.04280022 0.00360904 0.06470619 0.10342437 0.07922484 0.05819150 0.01889100 0.03365229 0.05937981 0.01835748 0.00925274 0.03131246 0.02094269 0.03701123 0.04817853 0.04437179 0.02580767 0.03661112 0.02632165 0.02697077 0.06131436 0.03444854 0.03144557 0.04589325 0.23459144 
gymnachirus_melas            0.08253983 0.07698292 0.16409433 0.07878883 0.07509457 0.08570834 0.08504659 0.07570060 0.07452913 0.07884052 0.20107350 0.07791405 0.11946973 0.09940893 0.28743040 0.09081559 0.07506104 0.07238000 0.07555135 0.09366725 0.07817357 0.10110078 0.07947067 0.07864519 0.15439304 0.07655047 0.00000000 0.12237112 0.08296990 0.13231539 0.07854876 0.07811271 0.11341489 0.13213154 0.12452595 0.04341774 0.07638199 0.08281284 0.09530593 0.07554982 0.07723990 0.08134413 0.07839642 0.08642430 0.09684605 0.08055237 0.07544724 0.08637600 0.07590978 0.08364433 0.09394800 0.09190023 0.08073439 0.07811917 0.28576959 
etropus_cyclosquamus         0.09778667 0.09088143 0.17339454 0.09273702 0.08834924 0.09979211 0.10159865 0.08743633 0.09140714 0.09354802 0.20333983 0.09295581 0.12809751 0.11250550 0.28868319 0.10471716 0.09067606 0.07875372 0.09055414 0.10556445 0.08133839 0.07095443 0.09451315 0.09257771 0.16093251 0.08935636 0.12237112 0.00000000 0.09945409 0.11913558 0.08089897 0.09348452 0.12652154 0.11760796 0.13078647 0.10547998 0.09224382 0.09725097 0.10065932 0.09081899 0.09117919 0.09751091 0.09388809 0.10141214 0.11031387 0.08269127 0.09135115 0.10132046 0.09176923 0.09848412 0.10820274 0.10610972 0.09635494 0.09183223 0.29318875 
mancopsetta_maculata         0.05871616 0.05275819 0.14337951 0.05534057 0.05113377 0.06122237 0.00148966 0.05313053 0.05100547 0.05495210 0.17919442 0.05450510 0.09746696 0.07572578 0.26477649 0.06667519 0.05091136 0.05186988 0.05184675 0.06937279 0.05339193 0.07667962 0.05639437 0.05426504 0.13320294 0.05339146 0.08296990 0.09945409 0.00000000 0.11329828 0.05399780 0.05454812 0.08896780 0.11041916 0.10140641 0.06471989 0.05241764 0.05896485 0.07155137 0.05147380 0.05362716 0.05723781 0.05454182 0.06263500 0.07314978 0.05628660 0.05182267 0.06217255 0.05167330 0.05979512 0.07198364 0.06785723 0.05682041 0.05494290 0.26243190 
bothus_pantherinus           0.11363554 0.10656119 0.17852251 0.10982603 0.10404043 0.11324550 0.11488512 0.10395549 0.10765436 0.10887876 0.21204039 0.10950496 0.13947338 0.12725464 0.28419377 0.12149304 0.10742791 0.09093784 0.10622235 0.11985149 0.09853472 0.10468567 0.11128623 0.10852336 0.16679904 0.10475741 0.13231539 0.11913558 0.11329828 0.00000000 0.09755092 0.10977701 0.13977190 0.06705681 0.14267864 0.12071598 0.10873761 0.11446095 0.11314857 0.10716077 0.10752312 0.11371097 0.10982965 0.11745832 0.12750240 0.09878755 0.10773665 0.11673738 0.10786532 0.11425330 0.12389744 0.12205006 0.11239831 0.10828069 0.29156607 
hippoglossina_oblonga        0.04835498 0.04271584 0.13605593 0.04460589 0.04064672 0.05290842 0.05549604 0.04289916 0.04048473 0.04444607 0.17074540 0.04363174 0.09076505 0.06485048 0.25946758 0.05623109 0.04052885 0.04037004 0.04135409 0.05847256 0.00924893 0.05684288 0.04555014 0.04394984 0.12629582 0.04280022 0.07854876 0.08089897 0.05399780 0.09755092 0.00000000 0.04365195 0.07972016 0.09504098 0.09161130 0.05964087 0.04187296 0.04828897 0.06314583 0.04117725 0.04328342 0.04643845 0.04384863 0.05141290 0.06285009 0.01831892 0.04100284 0.05113578 0.04126625 0.04925878 0.06326085 0.05722678 0.04621915 0.04691866 0.25746358 
caranx_melampygus            0.03433832 0.02943164 0.12542290 0.00864143 0.03565615 0.04088424 0.05623278 0.00969983 0.01623307 0.00854387 0.16046544 0.02108694 0.09259294 0.05189641 0.25143539 0.04252696 0.02567849 0.04377057 0.02777302 0.04515598 0.04308245 0.06911002 0.01032578 0.03110625 0.12967589 0.00360904 0.07811271 0.09348452 0.05454812 0.10977701 0.04365195 0.00000000 0.06635947 0.10770842 0.08229060 0.05948208 0.01943486 0.03448874 0.06107756 0.01873430 0.00925775 0.03179820 0.02147994 0.03775753 0.04934653 0.04548039 0.02627661 0.03746493 0.02675795 0.02751861 0.06364200 0.03537837 0.03190980 0.04673464 0.24668825 
myripristis_violacea         0.07041154 0.06429613 0.10790758 0.06750468 0.07092394 0.07581789 0.09114413 0.06305696 0.06333630 0.06719651 0.14359029 0.06521032 0.12622994 0.07386016 0.23817136 0.06668925 0.06218790 0.07265676 0.06352631 0.07116572 0.07828921 0.10331946 0.06799947 0.06545118 0.16180565 0.06470619 0.11341489 0.12652154 0.08896780 0.13977190 0.07972016 0.06635947 0.00000000 0.13928610 0.10418863 0.09400206 0.06423559 0.07008188 0.09381712 0.06313040 0.06497168 0.06840978 0.06609378 0.07411802 0.07103304 0.08101997 0.06247211 0.07391614 0.06346447 0.07248910 0.09843925 0.08004687 0.06826621 0.08143247 0.26885930 
crossorhombus_kobensis       0.11215724 0.10579268 0.18310493 0.10844788 0.10230509 0.11236585 0.11222044 0.10167132 0.10571193 0.10791200 0.21075595 0.10756304 0.13726718 0.12573707 0.28817821 0.12033995 0.10547661 0.08970533 0.10443817 0.11975623 0.09573899 0.10211695 0.10954340 0.10723768 0.16859081 0.10342437 0.13213154 0.11760796 0.11041916 0.06705681 0.09504098 0.10770842 0.13928610 0.00000000 0.14131341 0.11900548 0.10746778 0.11140213 0.11177946 0.10646332 0.10574070 0.11194768 0.10841559 0.11712270 0.12561953 0.09598118 0.10563465 0.11617367 0.10644981 0.11331793 0.12200963 0.12070094 0.10960131 0.10587358 0.29116670 
pseudupeneus_maculatus       0.08551600 0.07941348 0.15321101 0.08343512 0.08561578 0.09020179 0.10332212 0.07747116 0.07941418 0.08289823 0.18838550 0.08171474 0.13476508 0.09130900 0.27619089 0.07761991 0.07902068 0.08186303 0.07834316 0.08741057 0.09187398 0.11034920 0.08434332 0.07953164 0.16526502 0.07922484 0.12452595 0.13078647 0.10140641 0.14267864 0.09161130 0.08229060 0.10418863 0.14131341 0.00000000 0.10679032 0.08078483 0.08508480 0.10187777 0.07955856 0.08034266 0.08552788 0.08284013 0.09028171 0.08969159 0.09413061 0.07923265 0.08987592 0.08051655 0.08628113 0.11106101 0.09478146 0.08485829 0.09450916 0.25782295 
trinectes_maculatus          0.06457313 0.05885208 0.14828106 0.06053442 0.05626918 0.06727777 0.06668411 0.05733519 0.05583717 0.06024829 0.18441251 0.05910405 0.10212736 0.08049122 0.27219087 0.07158747 0.05578785 0.05693028 0.05665746 0.07438739 0.05901537 0.08258920 0.06088646 0.06016557 0.13647158 0.05819150 0.04341774 0.10547998 0.06471989 0.12071598 0.05964087 0.05948208 0.09400206 0.11900548 0.10679032 0.00000000 0.05753619 0.06463669 0.07808007 0.05668463 0.05874495 0.06196691 0.05935431 0.06750415 0.07826047 0.06122402 0.05647165 0.06732728 0.05735181 0.06495073 0.07537548 0.07267349 0.06198575 0.06076809 0.27123995 
trachinotus_blochii          0.03246480 0.02671497 0.12329299 0.02048305 0.03325916 0.03889932 0.05395300 0.01975536 0.01430596 0.02047167 0.15812933 0.01486773 0.09058387 0.04937958 0.24793023 0.03988285 0.02297753 0.04172309 0.02476225 0.04302025 0.04090491 0.06801831 0.02118684 0.02785481 0.12768630 0.01889100 0.07638199 0.09224382 0.05241764 0.10873761 0.04187296 0.01943486 0.06423559 0.10746778 0.08078483 0.05753619 0.00000000 0.03260296 0.05952850 0.00255381 0.01914850 0.02887022 0.01818003 0.03454410 0.04729671 0.04310672 0.02380693 0.03443579 0.02403940 0.02431705 0.06171840 0.03261306 0.02953623 0.04490584 0.24465455 
polydactylus_sexfilis        0.00806503 0.03365546 0.12830127 0.03580614 0.03991877 0.04534803 0.06078499 0.03386824 0.03093772 0.03546500 0.16415805 0.03401602 0.09583828 0.05567420 0.25279754 0.04632880 0.03029836 0.04753368 0.03199682 0.04956861 0.04763398 0.07252063 0.03650236 0.03509645 0.13317264 0.03365229 0.08281284 0.09725097 0.05896485 0.11446095 0.04828897 0.03448874 0.07008188 0.11140213 0.08508480 0.06463669 0.03260296 0.00000000 0.06480284 0.03178993 0.03416719 0.03686711 0.03429935 0.04234637 0.05375135 0.04995620 0.03116374 0.04201161 0.03196219 0.04078873 0.06767307 0.04824478 0.03640534 0.05114867 0.24696628 
citharus_linguata            0.06532320 0.05856838 0.14595410 0.06113532 0.03484577 0.06563158 0.07337819 0.05837679 0.05848891 0.06132607 0.17561817 0.06109496 0.10515964 0.08116699 0.25682487 0.07402817 0.05824691 0.05996882 0.05807139 0.07502306 0.06296010 0.08099579 0.06326139 0.05981902 0.14028477 0.05937981 0.09530593 0.10065932 0.07155137 0.11314857 0.06314583 0.06107756 0.09381712 0.11177946 0.10187777 0.07808007 0.05952850 0.06480284 0.00000000 0.05905359 0.05948211 0.06460622 0.06136867 0.06930295 0.07937534 0.06542521 0.05856022 0.06896780 0.05849512 0.06672468 0.08284994 0.07417353 0.06327411 0.06594174 0.26082864 
trachinotus_ovatus           0.03160810 0.02618233 0.12143203 0.01971625 0.03303893 0.03818101 0.05300884 0.01913123 0.01380467 0.01976601 0.15662728 0.01471461 0.08915660 0.04882030 0.24444034 0.03903266 0.02251439 0.04147374 0.02447486 0.04203174 0.04029678 0.06682370 0.02038722 0.02743034 0.12570582 0.01835748 0.07554982 0.09081899 0.05147380 0.10716077 0.04117725 0.01873430 0.06313040 0.10646332 0.07955856 0.05668463 0.00255381 0.03178993 0.05905359 0.00000000 0.01858520 0.02833279 0.01756172 0.03391135 0.04665664 0.04229953 0.02327160 0.03383450 0.02347182 0.02418224 0.06067321 0.03180129 0.02884796 0.04420723 0.23805392 
trachurus_trachurus          0.03423656 0.02894880 0.12265180 0.01063433 0.03483307 0.04071774 0.05529227 0.00555424 0.01640795 0.01077716 0.15614626 0.02112105 0.09126668 0.05112253 0.24458100 0.04174718 0.02578376 0.04334673 0.02740023 0.04432890 0.04247024 0.06729872 0.01172233 0.03011655 0.12669434 0.00925274 0.07723990 0.09117919 0.05362716 0.10752312 0.04328342 0.00925775 0.06497168 0.10574070 0.08034266 0.05874495 0.01914850 0.03416719 0.05948211 0.01858520 0.00000000 0.03204091 0.02138794 0.03727431 0.04842020 0.04526017 0.02618679 0.03712137 0.02671814 0.02741764 0.06241884 0.03506523 0.03200505 0.04643039 0.24165968 
xiphius_gladius              0.03664757 0.03090794 0.12769290 0.03336454 0.03780250 0.04337871 0.05899610 0.03177457 0.02717263 0.03315263 0.16453321 0.03135511 0.09556690 0.05393248 0.25523109 0.04426362 0.02675041 0.04615085 0.02909013 0.04715171 0.04568213 0.07264777 0.03359858 0.03274776 0.13313410 0.03131246 0.08134413 0.09751091 0.05723781 0.11371097 0.04643845 0.03179820 0.06840978 0.11194768 0.08552788 0.06196691 0.02887022 0.03686711 0.06460622 0.02833279 0.03204091 0.00000000 0.03098943 0.03040571 0.05171242 0.04769857 0.02817199 0.03007703 0.02796433 0.03748255 0.06589571 0.04560034 0.03215356 0.04921732 0.24916104 
rachycentron_canadum         0.03421819 0.02914726 0.12491550 0.02274591 0.03560520 0.04088815 0.05609033 0.02148146 0.01689478 0.02270631 0.16030213 0.02056169 0.09257131 0.05177708 0.25097694 0.04199062 0.02524698 0.04349137 0.02732502 0.04498644 0.04296306 0.06940394 0.02313091 0.03061779 0.12958932 0.02094269 0.07839642 0.09388809 0.05454182 0.10982965 0.04384863 0.02147994 0.06609378 0.10841559 0.08284013 0.05935431 0.01818003 0.03429935 0.06136867 0.01756172 0.02138794 0.03098943 0.00000000 0.03698208 0.04910181 0.04527680 0.02621275 0.03670817 0.02626444 0.01490740 0.06343850 0.02832626 0.03181157 0.04664334 0.24662446 
tetrapturus_angustirostris   0.04214519 0.03637570 0.13259205 0.03909674 0.04333953 0.04834166 0.06438897 0.03670496 0.03337386 0.03881334 0.16822222 0.03681073 0.10076453 0.05895238 0.26069262 0.04951129 0.03242150 0.05024742 0.03442003 0.05240072 0.05057218 0.07691648 0.03935396 0.03759767 0.13875904 0.03701123 0.08642430 0.10141214 0.06263500 0.11745832 0.05141290 0.03775753 0.07411802 0.11712270 0.09028171 0.06750415 0.03454410 0.04234637 0.06930295 0.03391135 0.03727431 0.03040571 0.03698208 0.00000000 0.05687629 0.05291920 0.03360766 0.00289166 0.03394956 0.04277582 0.07146682 0.05071941 0.03756260 0.05423897 0.25616815 
apogon_lateralis             0.05359448 0.04800868 0.12918802 0.05070009 0.05533459 0.05976247 0.07512145 0.04739863 0.04596299 0.05025232 0.16581458 0.04856146 0.10944686 0.03621323 0.25458999 0.04921722 0.04549308 0.05947216 0.04618636 0.05452798 0.06195376 0.08739817 0.05089879 0.04911769 0.14707436 0.04817853 0.09684605 0.11031387 0.07314978 0.12750240 0.06285009 0.04934653 0.07103304 0.12561953 0.08969159 0.07826047 0.04729671 0.05375135 0.07937534 0.04665664 0.04842020 0.05171242 0.04910181 0.05687629 0.00000000 0.06427300 0.04552710 0.05673487 0.04669314 0.05453948 0.08175763 0.06208424 0.05151171 0.06483852 0.25193627 
hypopsetta_guttulata         0.04966262 0.04459717 0.13726176 0.04648496 0.04234191 0.05491989 0.05788076 0.04471449 0.04199308 0.04648433 0.17134383 0.04525596 0.09223019 0.06660549 0.26070895 0.05732274 0.04192908 0.04208625 0.04290046 0.05956050 0.01762455 0.05874719 0.04708205 0.04573657 0.12811015 0.04437179 0.08055237 0.08269127 0.05628660 0.09878755 0.01831892 0.04548039 0.08101997 0.09598118 0.09413061 0.06122402 0.04310672 0.04995620 0.06542521 0.04229953 0.04526017 0.04769857 0.04527680 0.05291920 0.06427300 0.00000000 0.04243347 0.05276357 0.04289009 0.05055943 0.06558063 0.05875620 0.04798473 0.04843520 0.25905448 
lates_calcarifer             0.03097874 0.02482748 0.12074418 0.02777635 0.03244874 0.03755651 0.05349573 0.02651611 0.02225346 0.02756560 0.15754432 0.02605994 0.08964538 0.04774286 0.24567188 0.03816176 0.02181379 0.04162953 0.02270661 0.04083751 0.03998069 0.06656236 0.02839403 0.02642590 0.12766961 0.02580767 0.07544724 0.09135115 0.05182267 0.10773665 0.04100284 0.02627661 0.06247211 0.10563465 0.07923265 0.05647165 0.02380693 0.03116374 0.05856022 0.02327160 0.02618679 0.02817199 0.02621275 0.03360766 0.04552710 0.04243347 0.00000000 0.03343325 0.02297695 0.03247105 0.06090770 0.04049467 0.02844679 0.04402307 0.24354357 
istiophorus_platypterus      0.04218341 0.03625305 0.13273741 0.03873728 0.04314523 0.04832392 0.06383528 0.03672738 0.03311002 0.03862332 0.16948478 0.03666862 0.10043150 0.05891556 0.25967850 0.04926631 0.03214576 0.04998877 0.03412216 0.05223046 0.05026373 0.07688577 0.03903328 0.03771279 0.13836508 0.03661112 0.08637600 0.10132046 0.06217255 0.11673738 0.05113578 0.03746493 0.07391614 0.11617367 0.08987592 0.06732728 0.03443579 0.04201161 0.06896780 0.03383450 0.03712137 0.03007703 0.03670817 0.00289166 0.05673487 0.05276357 0.03343325 0.00000000 0.03361175 0.04265673 0.07128610 0.05038221 0.03721027 0.05430201 0.25682394 
leptobrama_muelleri          0.03202196 0.02573800 0.12268169 0.02803786 0.03282123 0.03792113 0.05274454 0.02629904 0.02233156 0.02800978 0.15872563 0.02634970 0.08997931 0.04893013 0.25037896 0.03941031 0.01891945 0.04141116 0.02340479 0.04225465 0.04031369 0.06689540 0.02874030 0.02736723 0.12801312 0.02632165 0.07590978 0.09176923 0.05167330 0.10786532 0.04126625 0.02675795 0.06346447 0.10644981 0.08051655 0.05735181 0.02403940 0.03196219 0.05849512 0.02347182 0.02671814 0.02796433 0.02626444 0.03394956 0.04669314 0.04289009 0.02297695 0.03361175 0.00000000 0.03272147 0.06168298 0.04075979 0.02816230 0.04414986 0.24514941 
coryphaena_hippurus          0.04063518 0.03446896 0.12936905 0.02877095 0.04155691 0.04690307 0.06094665 0.02688303 0.02356073 0.02874424 0.16365429 0.02695361 0.09828506 0.05784100 0.25606318 0.04812739 0.03152393 0.04753772 0.03358143 0.05111956 0.04835832 0.07372151 0.02872713 0.03576698 0.13500041 0.02697077 0.08364433 0.09848412 0.05979512 0.11425330 0.04925878 0.02751861 0.07248910 0.11331793 0.08628113 0.06495073 0.02431705 0.04078873 0.06672468 0.02418224 0.02741764 0.03748255 0.01490740 0.04277582 0.05453948 0.05055943 0.03247105 0.04265673 0.03272147 0.00000000 0.06902280 0.03414606 0.03810048 0.05168337 0.25117419 
parachirus_xenicus           0.06775157 0.06205248 0.15293507 0.06391941 0.06058077 0.07178880 0.07291813 0.06128573 0.06014473 0.06396790 0.18858445 0.06358723 0.10313112 0.08374830 0.27567396 0.07555923 0.05991324 0.06031177 0.06100240 0.07796690 0.06326433 0.08551728 0.06390177 0.06396587 0.13028910 0.06131436 0.09394800 0.10820274 0.07198364 0.12389744 0.06326085 0.06364200 0.09843925 0.12200963 0.11106101 0.07537548 0.06171840 0.06767307 0.08284994 0.06067321 0.06241884 0.06589571 0.06343850 0.07146682 0.08175763 0.06558063 0.06090770 0.07128610 0.06168298 0.06902280 0.00000000 0.07643213 0.06584387 0.05579940 0.27422703 
echeneis_cf_naucratoides     0.04820456 0.04229571 0.13638819 0.03655650 0.04942055 0.05475265 0.06917088 0.03432400 0.03156280 0.03625455 0.17110381 0.03485716 0.10508080 0.06496648 0.26260825 0.05552059 0.03907545 0.05494470 0.04144829 0.05845329 0.05649756 0.08155884 0.03719349 0.04392854 0.14160920 0.03444854 0.09190023 0.10610972 0.06785723 0.12205006 0.05722678 0.03537837 0.08004687 0.12070094 0.09478146 0.07267349 0.03261306 0.04824478 0.07417353 0.03180129 0.03506523 0.04560034 0.02832626 0.05071941 0.06208424 0.05875620 0.04049467 0.05038221 0.04075979 0.03414606 0.07643213 0.00000000 0.04619098 0.05987704 0.25857596 
mene_maculatus               0.03644338 0.03078982 0.12754205 0.03331144 0.03813486 0.04296454 0.05836902 0.03166187 0.02749288 0.03300029 0.16305582 0.03144433 0.09487638 0.05324352 0.25105193 0.04370187 0.02694957 0.04549719 0.02918588 0.04718085 0.04542836 0.07218971 0.03393027 0.03256870 0.13032819 0.03144557 0.08073439 0.09635494 0.05682041 0.11239831 0.04621915 0.03190980 0.06826621 0.10960131 0.08485829 0.06198575 0.02953623 0.03640534 0.06327411 0.02884796 0.03200505 0.03215356 0.03181157 0.03756260 0.05151171 0.04798473 0.02844679 0.03721027 0.02816230 0.03810048 0.06584387 0.04619098 0.00000000 0.04960290 0.24836468 
poecilopsetta_plinthus       0.05112010 0.04510884 0.13644151 0.04802982 0.04383065 0.05506283 0.05644282 0.04558983 0.04350401 0.04787460 0.16960943 0.04670081 0.08847598 0.06724111 0.25808287 0.05872845 0.04347008 0.04493388 0.04397796 0.06137665 0.04636484 0.06910804 0.04864302 0.04660799 0.11903151 0.04589325 0.07811917 0.09183223 0.05494290 0.10828069 0.04691866 0.04673464 0.08143247 0.10587358 0.09450916 0.06076809 0.04490584 0.05114867 0.06594174 0.04420723 0.04643039 0.04921732 0.04664334 0.05423897 0.06483852 0.04843520 0.04402307 0.05430201 0.04414986 0.05168337 0.05579940 0.05987704 0.04960290 0.00000000 0.25464160 
syngnathus_fuscus            0.25010694 0.23920292 0.30218765 0.24612198 0.24924029 0.24689379 0.26665678 0.22431215 0.24439255 0.24546162 0.34408571 0.24501197 0.28999587 0.25329835 0.41534712 0.24369113 0.24276104 0.21387590 0.24293362 0.25153248 0.25710647 0.27403620 0.25002279 0.24258251 0.32977397 0.23459144 0.28576959 0.29318875 0.26243190 0.29156607 0.25746358 0.24668825 0.26885930 0.29116670 0.25782295 0.27123995 0.24465455 0.24696628 0.26082864 0.23805392 0.24165968 0.24916104 0.24662446 0.25616815 0.25193627 0.25905448 0.24354357 0.25682394 0.24514941 0.25117419 0.27422703 0.25857596 0.24836468 0.25464160 0.00000000 
