187
Acromyrmex_echinatior_Genome         0.0000000 0.2523724 0.2605732 0.5546809 0.0189500 0.2324831 0.2347042 0.1115030 0.0913610 0.3939383 0.1252496 0.5691707 0.6067973 0.5475217 0.2456729 0.2288343 0.2418341 0.1463414 0.1044646 0.2400306 0.2450346 0.5473961 0.0678448 0.5088796 0.5545895 0.0790441 0.0601265 0.6679696 0.0661674 0.0561783 0.5562460 0.2571456 0.3035831 0.2386281 0.2257138 0.2399548 0.2351832 0.2686481 0.5074827 0.2513017 0.2531480 0.1916955 0.2426185 0.2349594 0.2681331 0.4897039 0.2239203 0.4908303 0.2400607 0.2271754 0.2284155 0.2628617 0.2566111 0.2446397 0.3284163 0.2631669 0.2561534 0.2483208 0.2248263 0.2675217 0.2303509 0.2295151 0.2969802 0.2850196 0.2390073 0.2465692 0.2719346 0.3665315 0.2945311 0.3488637 0.4705371 0.2826542 0.3213282 0.2784795 0.2563040 0.3501145 0.2635748 0.3857744 0.2432056 0.2438184 0.2274818 0.3999009 0.4336179 0.4860798 0.2601300 0.3275776 0.2379031 0.2368339 0.2365571 0.4322757 0.2413201 0.2368246 0.3073629 0.2683468 0.5250506 0.2343915 0.3151833 0.3084915 0.3278489 0.5006429 0.2863381 0.2416615 0.2614661 0.4734046 0.5054300 0.2200544 0.2765006 0.2848892 0.4221354 0.3798792 0.2888184 0.3812973 0.3004445 0.2323428 0.4473097 0.2647530 0.2527681 0.2204862 0.2688069 0.2496281 0.2862437 0.2892432 0.2235737 0.3082108 0.2727825 0.2852837 0.3875192 0.3142581 0.4059116 0.2212547 0.2391658 0.3238868 0.2278609 0.2704210 0.4838387 0.2859941 0.2339934 0.2524219 0.2487947 0.2440571 0.2626316 0.2954780 0.2574667 0.2918970 0.2112920 0.2597750 0.1507300 0.2841670 0.3756212 0.5077158 0.5100345 0.2434080 0.2575486 0.2844591 0.2445178 0.4018004 0.2808408 0.2716103 0.2866862 0.2228459 0.3821365 0.4098046 0.2531181 0.5252939 0.1050163 0.3369821 0.5419940 0.2232413 0.3098251 0.4022879 0.4392530 0.2245646 0.5666761 0.2282036 0.3942108 0.4130363 0.4185490 0.2424441 0.2618227 0.2409808 0.2943106 0.2325761 0.2444601 0.4288294 0.5763736 0.1913993 0.2334860 
Apis_mellifera_Genome                0.2523724 0.0000000 0.2429369 0.5254352 0.2537920 0.0992820 0.1002851 0.2486526 0.2632876 0.3689736 0.2541086 0.5414937 0.5796665 0.5190347 0.1469078 0.0958772 0.1172414 0.2537996 0.2437077 0.1365760 0.1109703 0.5166543 0.2490491 0.4834851 0.5226698 0.2533954 0.2486831 0.6466666 0.2504921 0.2507360 0.5254525 0.1575196 0.2589100 0.2043058 0.1332068 0.1417111 0.1381080 0.2533152 0.4752798 0.1535136 0.1564291 0.1847830 0.1938660 0.1012595 0.2545851 0.4608891 0.1286853 0.4709753 0.1489219 0.1307934 0.0998613 0.1517151 0.2091386 0.1927181 0.3122463 0.2506978 0.2467623 0.1437630 0.1315199 0.2507258 0.1338041 0.1044701 0.2853928 0.2716386 0.1441048 0.1495889 0.1688083 0.3359948 0.2501730 0.3180817 0.4497190 0.2729396 0.2988592 0.1718019 0.1470698 0.3316601 0.1585041 0.3625077 0.1377129 0.1968843 0.1344484 0.3773869 0.4126816 0.4597180 0.1594551 0.3079932 0.1449348 0.1166416 0.1516238 0.4076948 0.1368269 0.1444402 0.2829404 0.2561426 0.5020144 0.1840880 0.2899919 0.2823735 0.3001721 0.4787275 0.2734285 0.2246486 0.2380906 0.4449586 0.4810154 0.1252720 0.2296263 0.2734560 0.4035466 0.3550959 0.2628122 0.3682933 0.2740706 0.1291387 0.4234321 0.2518041 0.1593690 0.1653342 0.2246671 0.1124401 0.2350936 0.2680451 0.1677104 0.2755218 0.2540760 0.2392821 0.3717492 0.3034456 0.3843080 0.2078661 0.1401034 0.3003713 0.1744254 0.2536812 0.4598303 0.2629984 0.1414659 0.2021323 0.2279206 0.2252150 0.2442075 0.2737610 0.2148357 0.2730488 0.1676888 0.1584143 0.2572126 0.2309811 0.3483561 0.4794359 0.4830187 0.1496566 0.1440808 0.2613898 0.1431318 0.3767651 0.2680133 0.2258267 0.2554473 0.1273512 0.3556529 0.3988867 0.1275005 0.5021835 0.2490677 0.3169292 0.5128109 0.1614777 0.2928476 0.3815550 0.4200505 0.0986159 0.5431453 0.1345856 0.3745474 0.4003845 0.4001633 0.1253800 0.2422335 0.1407111 0.2714326 0.2121098 0.2247518 0.3979655 0.5370701 0.1819131 0.1777166 
Apterogyna_za01_Genome               0.2605732 0.2429369 0.0000000 0.4966587 0.2593304 0.2319030 0.2355436 0.2541000 0.2654445 0.3685548 0.2594766 0.5186866 0.5571326 0.4979902 0.2400633 0.2268015 0.2366890 0.2603363 0.2515118 0.2384867 0.2378975 0.4939958 0.2562982 0.4503815 0.4895354 0.2605404 0.2547108 0.6401556 0.2523423 0.2544875 0.5023195 0.2439285 0.2736567 0.2337562 0.2109831 0.2316861 0.2253598 0.2379146 0.4503995 0.2383018 0.2414780 0.1664725 0.2270676 0.2323738 0.2540910 0.4386802 0.2253933 0.4471303 0.2395782 0.2240900 0.2244204 0.2531834 0.2379182 0.2287416 0.3114985 0.2514313 0.2484812 0.2487630 0.2234380 0.2565552 0.2257832 0.2241587 0.2835353 0.2655666 0.2384174 0.2391011 0.2670419 0.3368634 0.2696356 0.3272910 0.4335743 0.2723558 0.3002020 0.2682266 0.2606006 0.3363647 0.2449499 0.3616642 0.2472286 0.2378169 0.2296722 0.3841114 0.3991576 0.4250137 0.2544957 0.3032999 0.2346628 0.2361439 0.2299836 0.3901181 0.2367817 0.2324032 0.2813324 0.2510853 0.4755230 0.2312030 0.2877818 0.2737572 0.3042568 0.4516277 0.2744375 0.2204657 0.2492887 0.4103037 0.4458450 0.2203496 0.2628434 0.2769836 0.3971599 0.3512408 0.2734812 0.3653316 0.2784467 0.2336400 0.4210991 0.2460239 0.2486576 0.2235089 0.2557756 0.2322223 0.2652113 0.2655704 0.2261819 0.2766432 0.2479530 0.2651431 0.3654594 0.2953382 0.3846256 0.2046362 0.2334771 0.3088373 0.2329727 0.2605374 0.4387045 0.2612131 0.2310316 0.2333097 0.2217154 0.2209013 0.2638697 0.2765705 0.2520852 0.2771535 0.1992367 0.2483563 0.2588894 0.2606651 0.3471905 0.4627471 0.4610225 0.2311987 0.2552606 0.2537319 0.2460344 0.3679230 0.2701720 0.2578970 0.2575215 0.2222477 0.3661589 0.3725948 0.2416557 0.4883506 0.2522961 0.3128726 0.4766788 0.2199357 0.2718416 0.3696765 0.3976889 0.2147882 0.5091136 0.2284784 0.3577844 0.3729565 0.3812881 0.2313088 0.2534168 0.2346229 0.2676658 0.1931647 0.2397605 0.3957056 0.5280050 0.0151690 0.2339127 
Athalia_rosae_Genome                 0.5546809 0.5254352 0.4966587 0.0000000 0.5495195 0.5055057 0.5122059 0.5555915 0.5680756 0.5209933 0.5568522 0.7397033 0.7915760 0.7047800 0.5297510 0.5131682 0.5180247 0.5568285 0.5495490 0.5199037 0.5211083 0.6979411 0.5488768 0.6792258 0.2968166 0.5555776 0.5457090 0.8375660 0.5574355 0.5555249 0.3232782 0.5241215 0.5732767 0.5255964 0.4891878 0.5257499 0.5140807 0.5464950 0.3727424 0.5177021 0.5320945 0.4070348 0.5088835 0.5059869 0.5571133 0.6662609 0.5106763 0.6514850 0.5205301 0.5147691 0.4998536 0.5335391 0.5320780 0.5282727 0.5778937 0.5410773 0.5346643 0.5263500 0.5067508 0.5583338 0.5092005 0.5016794 0.5755586 0.5686112 0.5204960 0.5299705 0.5517255 0.5995036 0.5693844 0.5977550 0.6237663 0.5688115 0.5603269 0.5550052 0.5419056 0.5749977 0.5263182 0.5234734 0.5187435 0.5256057 0.5169305 0.5652911 0.5886030 0.6438231 0.5414308 0.5810931 0.5190175 0.5213507 0.5103602 0.6036077 0.5238007 0.5190394 0.5465201 0.5503042 0.6872956 0.5314429 0.5542384 0.5451146 0.5753993 0.6626694 0.5645420 0.5093371 0.5447724 0.6385184 0.2903660 0.5143551 0.5581058 0.5621569 0.4986317 0.5827551 0.5525890 0.5618617 0.5621154 0.5088122 0.6283233 0.5503956 0.5384026 0.5062973 0.5613834 0.5171412 0.5793033 0.5499242 0.5092155 0.5447482 0.5473777 0.5387638 0.5968522 0.5709924 0.5760107 0.5068393 0.5264707 0.5714206 0.5157522 0.5566089 0.6773250 0.5545982 0.5185315 0.5264042 0.5346750 0.5228819 0.5398564 0.5561623 0.5412262 0.5720957 0.4894954 0.5280021 0.5553153 0.5574461 0.5778510 0.2489215 0.6682546 0.5048386 0.5441147 0.5563015 0.5305401 0.5238610 0.5666478 0.5540355 0.5273872 0.5099801 0.5018404 0.4712752 0.5279830 0.6795782 0.5453441 0.6043212 0.4061052 0.5130467 0.4718649 0.5843588 0.6445109 0.4920878 0.7138937 0.5154689 0.5980492 0.6158646 0.5809089 0.5115103 0.5534636 0.5205970 0.5561673 0.3831220 0.5269966 0.5811268 0.4358593 0.3941084 0.5094243 
Atta_cephalotes_Genome               0.0189500 0.2537920 0.2593304 0.5495195 0.0000000 0.2342258 0.2352654 0.1124279 0.0916711 0.3938130 0.1267090 0.5642858 0.6054910 0.5449119 0.2477153 0.2304025 0.2430188 0.1493258 0.1050294 0.2434251 0.2461157 0.5435637 0.0698791 0.5050435 0.5570351 0.0789485 0.0624378 0.6621421 0.0683800 0.0577260 0.5572620 0.2584461 0.3023045 0.2402697 0.2307750 0.2418711 0.2375939 0.2670395 0.5088052 0.2514504 0.2536682 0.1921182 0.2467152 0.2352353 0.2658379 0.4845808 0.2288054 0.4850040 0.2418165 0.2281131 0.2301969 0.2645106 0.2554157 0.2463196 0.3299316 0.2637493 0.2568968 0.2504730 0.2287664 0.2655545 0.2327157 0.2314904 0.2983075 0.2869908 0.2404835 0.2479090 0.2728008 0.3636156 0.2932813 0.3490559 0.4690085 0.2852338 0.3204900 0.2793091 0.2583496 0.3489419 0.2639917 0.3853270 0.2456603 0.2461823 0.2297805 0.3984913 0.4308100 0.4811034 0.2633052 0.3307090 0.2431718 0.2389806 0.2381998 0.4315495 0.2422279 0.2416197 0.3086890 0.2683495 0.5270122 0.2444068 0.3154021 0.3019518 0.3279721 0.5048631 0.2885404 0.2418947 0.2604583 0.4666123 0.5068257 0.2235281 0.2786393 0.2860480 0.4268940 0.3840229 0.2842790 0.3812566 0.3004676 0.2332036 0.4473999 0.2658004 0.2558164 0.2235429 0.2712647 0.2472259 0.2849815 0.2895874 0.2269980 0.3075922 0.2708152 0.2900382 0.3865049 0.3128785 0.4047204 0.2214311 0.2421934 0.3228566 0.2286707 0.2749165 0.4865271 0.2891374 0.2361139 0.2547150 0.2514075 0.2460631 0.2642953 0.2936902 0.2602597 0.2958368 0.2141958 0.2617750 0.1509917 0.2869308 0.3805693 0.5042802 0.5062859 0.2450666 0.2596277 0.2873549 0.2466326 0.3992383 0.2819311 0.2731854 0.2876925 0.2240201 0.3828593 0.4066419 0.2556400 0.5219003 0.1079400 0.3416567 0.5399727 0.2248090 0.3097370 0.4037456 0.4415637 0.2288909 0.5553655 0.2299472 0.3950572 0.4148996 0.4215323 0.2428652 0.2586943 0.2406439 0.2967839 0.2295966 0.2444818 0.4235654 0.5693142 0.1925213 0.2401650 
Bombus_impatiens_Genome              0.2324831 0.0992820 0.2319030 0.5055057 0.2342258 0.0000000 0.0073009 0.2289162 0.2454913 0.3532237 0.2341028 0.5304558 0.5697707 0.5140853 0.1250674 0.0611450 0.0878756 0.2369378 0.2237003 0.1130118 0.0719660 0.5068423 0.2312328 0.4716949 0.5123048 0.2334853 0.2304983 0.6249542 0.2295014 0.2310829 0.5192036 0.1399074 0.2442794 0.1882105 0.1107899 0.1194742 0.1151147 0.2405636 0.4662728 0.1352652 0.1380452 0.1756512 0.1689613 0.0097481 0.2377395 0.4545285 0.1036873 0.4609818 0.1247215 0.1048332 0.0680807 0.1258733 0.1941530 0.1757823 0.2993610 0.2335977 0.2304045 0.1213239 0.1070674 0.2367351 0.1105856 0.0720482 0.2729400 0.2574118 0.1217814 0.1275807 0.1508747 0.3211490 0.2383511 0.3065586 0.4425252 0.2594122 0.2857286 0.1546191 0.1209300 0.3271973 0.1423847 0.3542801 0.1156795 0.1805904 0.1097640 0.3690169 0.3989431 0.4490118 0.1367036 0.2976904 0.1228443 0.0839722 0.1328945 0.3987331 0.1151542 0.1217344 0.2703263 0.2407775 0.4967367 0.1676891 0.2768890 0.2691779 0.2865640 0.4715197 0.2593468 0.2134393 0.2212187 0.4338478 0.4739682 0.0991568 0.2100075 0.2614557 0.3910413 0.3436085 0.2508898 0.3553668 0.2581086 0.1050088 0.4121754 0.2342494 0.1377259 0.1404292 0.2052314 0.0762258 0.2218373 0.2589089 0.1463289 0.2643033 0.2407505 0.2252545 0.3558529 0.2886477 0.3741254 0.1884233 0.1183306 0.2842186 0.1517018 0.2364249 0.4475346 0.2498360 0.1179938 0.1895521 0.2130592 0.2098650 0.2289822 0.2604257 0.1982635 0.2601413 0.1463832 0.1397430 0.2373619 0.2137056 0.3407418 0.4738648 0.4779904 0.1337891 0.1202256 0.2457950 0.1194716 0.3638092 0.2553331 0.2091167 0.2433339 0.1035890 0.3452977 0.3774372 0.1023811 0.4913961 0.2273559 0.3046981 0.5091226 0.1413510 0.2822497 0.3738333 0.4044913 0.0638901 0.5342548 0.1093547 0.3651603 0.3921487 0.3874824 0.0978901 0.2284552 0.1202329 0.2557841 0.2070153 0.2087277 0.3896475 0.5259334 0.1768337 0.1580527 
Bombus_terrestris_Genome             0.2347042 0.1002851 0.2355436 0.5122059 0.2352654 0.0073009 0.0000000 0.2316215 0.2463869 0.3588350 0.2368412 0.5362143 0.5755220 0.5190217 0.1253624 0.0625433 0.0893009 0.2392882 0.2255795 0.1138154 0.0732591 0.5124402 0.2324514 0.4783962 0.5156220 0.2341198 0.2328480 0.6354083 0.2316097 0.2319018 0.5183694 0.1413477 0.2486424 0.1909849 0.1126729 0.1199641 0.1161087 0.2455260 0.4716793 0.1363168 0.1394759 0.1773876 0.1694897 0.0105353 0.2390176 0.4603470 0.1056243 0.4666274 0.1251798 0.1057559 0.0692319 0.1280531 0.1969094 0.1788589 0.3029803 0.2350520 0.2329345 0.1233695 0.1078984 0.2370992 0.1113824 0.0732768 0.2725965 0.2615555 0.1231340 0.1292158 0.1538572 0.3234307 0.2431012 0.3094927 0.4464290 0.2623855 0.2886209 0.1563342 0.1224572 0.3263227 0.1439373 0.3598613 0.1173750 0.1821568 0.1112311 0.3746092 0.4030489 0.4577098 0.1390630 0.3023803 0.1251598 0.0858012 0.1333704 0.4042281 0.1162813 0.1229544 0.2750221 0.2430816 0.4998870 0.1685096 0.2815221 0.2728905 0.2910749 0.4778668 0.2622922 0.2161197 0.2241697 0.4417418 0.4772009 0.1001897 0.2112678 0.2637752 0.3938535 0.3462303 0.2553020 0.3625213 0.2643487 0.1071426 0.4160473 0.2384473 0.1395616 0.1429974 0.2079796 0.0777559 0.2230035 0.2599925 0.1485629 0.2692948 0.2449255 0.2309850 0.3607545 0.2917912 0.3780688 0.1905800 0.1189965 0.2887043 0.1527738 0.2405602 0.4558194 0.2523945 0.1187395 0.1914763 0.2150862 0.2115285 0.2327737 0.2615337 0.2014211 0.2631801 0.1494288 0.1415961 0.2388364 0.2167068 0.3438099 0.4773966 0.4848569 0.1349318 0.1208826 0.2486748 0.1207736 0.3660163 0.2578853 0.2133855 0.2486416 0.1052755 0.3492652 0.3807211 0.1039144 0.4976208 0.2300215 0.3104571 0.5136447 0.1423199 0.2891935 0.3772990 0.4090131 0.0654967 0.5393796 0.1110427 0.3692865 0.3943716 0.3912614 0.0984842 0.2298672 0.1211789 0.2589099 0.2084493 0.2097411 0.3930711 0.5321386 0.1768190 0.1589717 
Camponotus_floridanus_Genome         0.1115030 0.2486526 0.2541000 0.5555915 0.1124279 0.2289162 0.2316215 0.0000000 0.1246071 0.3912377 0.1257076 0.5594244 0.5968663 0.5447612 0.2415097 0.2239108 0.2392976 0.1454688 0.1056829 0.2398678 0.2408906 0.5353559 0.1112728 0.4977013 0.5490690 0.1117459 0.1068815 0.6633721 0.1071717 0.1045377 0.5483217 0.2534011 0.2984589 0.2367042 0.2242261 0.2356815 0.2350594 0.2686767 0.5063486 0.2488165 0.2499674 0.1935963 0.2434910 0.2305667 0.2640098 0.4847692 0.2222981 0.4926994 0.2414420 0.2237788 0.2264340 0.2591834 0.2538613 0.2415804 0.3229379 0.2605040 0.2532455 0.2506980 0.2235640 0.2652990 0.2305469 0.2270126 0.2972832 0.2853370 0.2356720 0.2426032 0.2692307 0.3640421 0.2890928 0.3447466 0.4653963 0.2798751 0.3247561 0.2762915 0.2535964 0.3460201 0.2564934 0.3858993 0.2425665 0.2451647 0.2257687 0.3921258 0.4279466 0.4799672 0.2586975 0.3197156 0.2367910 0.2382133 0.2377326 0.4255620 0.2424574 0.2356779 0.3055334 0.2664212 0.5215040 0.2380286 0.3115601 0.3060910 0.3270534 0.4973292 0.2856676 0.2379715 0.2574984 0.4587939 0.4982971 0.2196476 0.2796343 0.2851821 0.4193933 0.3726281 0.2847182 0.3763558 0.2970910 0.2300132 0.4433649 0.2623930 0.2506162 0.2215819 0.2683748 0.2484175 0.2844436 0.2862218 0.2230178 0.3053766 0.2667895 0.2870326 0.3836615 0.3153946 0.3933254 0.2217604 0.2362780 0.3155975 0.2277940 0.2689755 0.4815616 0.2830862 0.2344606 0.2512987 0.2488336 0.2446036 0.2620498 0.2923471 0.2607701 0.2901469 0.2104851 0.2553029 0.1520523 0.2809973 0.3706477 0.5024069 0.5025839 0.2397017 0.2525071 0.2834074 0.2430185 0.3944126 0.2794557 0.2713149 0.2850352 0.2200851 0.3733022 0.4038105 0.2485607 0.5182241 0.0499870 0.3335382 0.5318422 0.2226045 0.3083517 0.3943049 0.4336320 0.2225355 0.5630957 0.2257014 0.3899676 0.4131590 0.4160364 0.2395142 0.2589389 0.2351226 0.2880114 0.2293989 0.2429252 0.4177905 0.5727489 0.1902823 0.2331079 
Cardiocondyla_obscurior_Genome       0.0913610 0.2632876 0.2654445 0.5680756 0.0916711 0.2454913 0.2463869 0.1246071 0.0000000 0.3985013 0.1379604 0.5860571 0.6171583 0.5625283 0.2579645 0.2411030 0.2521893 0.1603132 0.1218783 0.2542089 0.2557403 0.5631980 0.0916379 0.5128517 0.5645852 0.0993327 0.0866666 0.6920000 0.0825080 0.0828239 0.5746984 0.2685382 0.3110317 0.2513130 0.2390709 0.2479354 0.2452528 0.2794504 0.5184071 0.2634076 0.2641106 0.2017563 0.2582122 0.2456455 0.2811085 0.4970661 0.2347192 0.5042953 0.2524839 0.2386907 0.2414550 0.2736133 0.2693165 0.2574128 0.3369249 0.2703921 0.2656624 0.2620773 0.2368745 0.2804527 0.2462963 0.2429434 0.3122238 0.2997610 0.2493144 0.2577292 0.2856906 0.3680931 0.3024324 0.3639879 0.4834553 0.2983502 0.3359551 0.2897531 0.2696001 0.3621409 0.2735112 0.3957790 0.2543127 0.2562679 0.2401328 0.4123045 0.4446599 0.4944573 0.2708889 0.3392012 0.2511702 0.2509406 0.2501634 0.4400579 0.2555774 0.2490958 0.3241678 0.2813463 0.5446430 0.2479801 0.3256222 0.3160839 0.3413890 0.5141539 0.2985934 0.2591690 0.2746422 0.4759377 0.5164685 0.2341894 0.2925081 0.2983900 0.4373497 0.3885803 0.3006322 0.3973226 0.3152418 0.2432292 0.4649396 0.2754391 0.2617348 0.2362755 0.2781693 0.2642463 0.2955773 0.3034684 0.2365689 0.3236699 0.2833495 0.3028563 0.3922075 0.3223023 0.4127459 0.2328644 0.2496745 0.3321199 0.2397966 0.2831313 0.4969423 0.2957417 0.2485756 0.2640482 0.2584592 0.2540040 0.2785353 0.3084514 0.2728972 0.3065146 0.2298803 0.2733996 0.1661790 0.2939222 0.3858825 0.5179469 0.5186651 0.2542678 0.2678668 0.2977425 0.2547952 0.4094517 0.2910594 0.2841687 0.2991030 0.2325164 0.3940881 0.4222985 0.2633899 0.5365618 0.1217521 0.3487629 0.5452968 0.2339261 0.3164933 0.4141927 0.4492458 0.2394601 0.5868501 0.2392660 0.4074486 0.4229538 0.4300172 0.2538857 0.2765084 0.2530357 0.3046444 0.2407499 0.2586898 0.4352240 0.5915392 0.2001260 0.2483784 
Cephus_cinctus_Genome                0.3939383 0.3689736 0.3685548 0.5209933 0.3938130 0.3532237 0.3588350 0.3912377 0.3985013 0.0000000 0.3930599 0.5916287 0.6473328 0.5758255 0.3711852 0.3529557 0.3600797 0.3983992 0.3863136 0.3682916 0.3649587 0.5670596 0.3904350 0.5304591 0.5228708 0.3882012 0.3904211 0.7127139 0.3874949 0.3923706 0.5337749 0.3734559 0.4072378 0.3754610 0.3390602 0.3648032 0.3573880 0.3813470 0.4800958 0.3665641 0.3673140 0.2682919 0.3649548 0.3552036 0.3880362 0.5119344 0.3523659 0.5158858 0.3618104 0.3523131 0.3461775 0.3803894 0.3775629 0.3666425 0.4283001 0.3783693 0.3747516 0.3752003 0.3500145 0.3862242 0.3547145 0.3504804 0.4178959 0.4032783 0.3637281 0.3676936 0.3974539 0.4378522 0.3990651 0.4444051 0.4883327 0.4045677 0.4161782 0.4004016 0.3801036 0.4363817 0.3779546 0.0804198 0.3668025 0.3724644 0.3557781 0.4151589 0.4437641 0.5042383 0.3822564 0.4235626 0.3604705 0.3623235 0.3600989 0.4613502 0.3688314 0.3627524 0.4005914 0.3820047 0.5493768 0.3595401 0.4021835 0.3936636 0.4166915 0.5283654 0.4137053 0.3510034 0.3768671 0.4902799 0.4736907 0.3542591 0.3967901 0.4106325 0.4060943 0.4266940 0.3915174 0.4046983 0.4050360 0.3562869 0.4752445 0.3848477 0.3765611 0.3513074 0.3905397 0.3630909 0.4050512 0.3919230 0.3508400 0.3963633 0.3898766 0.3971237 0.4273432 0.4165872 0.4256728 0.3572295 0.3669024 0.4177063 0.3536498 0.3939558 0.5200986 0.3928790 0.3571416 0.3668720 0.3770035 0.3713000 0.3707255 0.4046299 0.3812287 0.4054623 0.3321317 0.3770407 0.3898522 0.3988421 0.4095368 0.4694050 0.5412161 0.3565843 0.3813412 0.3931205 0.3763637 0.3769926 0.4056950 0.3915540 0.3772032 0.3541715 0.3519750 0.3846571 0.3693856 0.5454492 0.3849074 0.4320848 0.5153445 0.3494862 0.3254921 0.4259596 0.4756671 0.3399163 0.5870168 0.3575073 0.4360008 0.4572024 0.4257642 0.3569121 0.3817251 0.3532914 0.3990450 0.2810477 0.3612337 0.4280816 0.5520480 0.2602761 0.3545478 
Cerapachys_biroi_Genome              0.1252496 0.2541086 0.2594766 0.5568522 0.1267090 0.2341028 0.2368412 0.1257076 0.1379604 0.3930599 0.0000000 0.5719330 0.6046717 0.5603676 0.2482142 0.2288206 0.2430918 0.1478208 0.1161267 0.2464977 0.2435962 0.5572150 0.1242873 0.5119930 0.5524042 0.1262074 0.1196180 0.6650266 0.1192585 0.1197518 0.5556325 0.2558140 0.2971625 0.2436447 0.2249289 0.2407607 0.2366346 0.2708327 0.5129365 0.2551172 0.2520030 0.1966356 0.2424074 0.2353275 0.2707192 0.4963724 0.2239269 0.5007245 0.2431975 0.2263292 0.2328672 0.2652070 0.2593073 0.2454342 0.3297734 0.2616993 0.2563659 0.2551089 0.2269169 0.2693484 0.2323788 0.2313643 0.3023451 0.2908608 0.2423392 0.2476460 0.2765608 0.3686446 0.2898457 0.3479166 0.4775907 0.2900270 0.3339173 0.2798509 0.2604540 0.3534220 0.2597299 0.3909333 0.2465512 0.2482617 0.2289532 0.4023063 0.4372435 0.4914886 0.2650123 0.3236175 0.2424169 0.2422354 0.2399116 0.4326558 0.2464911 0.2387761 0.3148654 0.2746640 0.5375665 0.2360747 0.3220509 0.3146661 0.3385891 0.5090872 0.2898772 0.2472857 0.2644913 0.4758987 0.5053066 0.2235049 0.2812961 0.2922502 0.4291020 0.3811135 0.2922414 0.3875128 0.3048854 0.2357341 0.4551629 0.2686525 0.2557544 0.2289744 0.2696651 0.2492310 0.2829809 0.2952813 0.2260426 0.3120558 0.2723605 0.2864943 0.3886952 0.3194581 0.4054650 0.2259414 0.2420705 0.3241939 0.2311219 0.2774834 0.4821523 0.2823817 0.2364730 0.2571013 0.2504249 0.2469691 0.2670937 0.2999457 0.2670872 0.2956393 0.2177517 0.2610522 0.1550513 0.2873621 0.3772672 0.5093379 0.5107880 0.2427432 0.2586017 0.2876385 0.2487683 0.4029875 0.2851967 0.2746004 0.2925873 0.2234929 0.3756352 0.4127591 0.2541894 0.5274545 0.1197010 0.3417541 0.5370100 0.2275447 0.3074294 0.4070333 0.4399818 0.2276673 0.5794808 0.2304084 0.3940597 0.4113012 0.4178596 0.2468493 0.2672036 0.2397762 0.2901739 0.2317833 0.2473244 0.4345427 0.5816194 0.1919757 0.2396858 
Ceratosolen_solmsi_Genome            0.5691707 0.5414937 0.5186866 0.7397033 0.5642858 0.5304558 0.5362143 0.5594244 0.5860571 0.5916287 0.5719330 0.0000000 0.5672470 0.7037571 0.5463008 0.5284548 0.5379959 0.5760268 0.5655209 0.5387119 0.5391244 0.6909569 0.5635366 0.3954279 0.7312571 0.5567392 0.5693414 0.6563672 0.5641383 0.5666145 0.7197632 0.5332309 0.5614377 0.5394902 0.4909497 0.5342207 0.5260049 0.5439573 0.6745524 0.5332977 0.5476034 0.3881180 0.5183057 0.5314116 0.5574204 0.3338901 0.5270016 0.6563823 0.5409830 0.5270974 0.5161718 0.5505135 0.5391552 0.5382374 0.5976231 0.5659737 0.5682894 0.5425539 0.5180847 0.5579903 0.5156026 0.5237964 0.5816306 0.5572612 0.5420012 0.5376776 0.5707557 0.6004992 0.5528316 0.6049674 0.6091358 0.5647402 0.5808477 0.5735461 0.5515007 0.6000414 0.5454835 0.5874413 0.5361777 0.5420644 0.5310112 0.5492694 0.5973618 0.3371230 0.5579913 0.5860685 0.5256930 0.5323588 0.5159331 0.6062210 0.5294928 0.5248087 0.5524883 0.5354236 0.6693553 0.5480243 0.5693515 0.5467599 0.5855107 0.3794572 0.5724812 0.5062193 0.5603667 0.3742668 0.6813284 0.5254110 0.5759126 0.5812969 0.6295199 0.6079324 0.5501676 0.5387685 0.5789257 0.5338657 0.6002165 0.5591277 0.5450534 0.5293918 0.5727451 0.5270857 0.5949090 0.5469745 0.5280582 0.5461830 0.5683188 0.5475849 0.6087153 0.5655888 0.5615164 0.5318017 0.5416757 0.5914311 0.5355576 0.5518856 0.6251243 0.5758984 0.5222575 0.5225882 0.5527840 0.5406051 0.5492792 0.5759540 0.5607245 0.5739730 0.4931354 0.5516921 0.5664634 0.5756602 0.5949043 0.6837919 0.3956866 0.5066596 0.5565324 0.5515425 0.5420573 0.6054525 0.5765210 0.5719405 0.5350313 0.5288964 0.5834800 0.6099654 0.5485320 0.7093660 0.5606478 0.6201884 0.7229540 0.5257808 0.4239864 0.5522978 0.5380607 0.5003705 0.5174740 0.5321434 0.5996629 0.6296295 0.6177805 0.5292654 0.5630179 0.5300800 0.5821873 0.3858906 0.5386195 0.5567604 0.7570204 0.3730806 0.5250173 
Copidosoma_floridanum_Genome         0.6067973 0.5796665 0.5571326 0.7915760 0.6054910 0.5697707 0.5755220 0.5968663 0.6171583 0.6473328 0.6046717 0.5672470 0.0000000 0.7446752 0.5936573 0.5721872 0.5747813 0.6182141 0.5973981 0.5832601 0.5725608 0.7364926 0.5974947 0.5002035 0.7636452 0.5979072 0.6058596 0.6754549 0.6076059 0.6018173 0.7645294 0.5842704 0.6138432 0.5921531 0.5374468 0.5826716 0.5673246 0.5969848 0.7233021 0.5814688 0.5851466 0.4488344 0.5677027 0.5712140 0.6156237 0.4742257 0.5745932 0.6930872 0.5854196 0.5772988 0.5556894 0.5901467 0.5843092 0.5877436 0.6337893 0.5983243 0.6015077 0.5806446 0.5702955 0.6132692 0.5609481 0.5681319 0.6356987 0.6173256 0.5792810 0.5845910 0.6047667 0.6373860 0.6055316 0.6489907 0.6864660 0.6213014 0.6287173 0.6301205 0.5965923 0.6505700 0.5850333 0.6295728 0.5844937 0.5945010 0.5716816 0.6309643 0.6603689 0.4742320 0.5981326 0.6239742 0.5732254 0.5733436 0.5752946 0.6763157 0.5749186 0.5703944 0.6041421 0.5868646 0.7170275 0.5916003 0.6210882 0.6010535 0.6363242 0.4823917 0.6263022 0.5662372 0.6166021 0.4608020 0.7090471 0.5725786 0.6315314 0.6244609 0.6919551 0.6569673 0.5999534 0.6297444 0.6169538 0.5650411 0.6630576 0.6183007 0.5863641 0.5733069 0.6232688 0.5702143 0.6276203 0.6118000 0.5753948 0.5985224 0.6212659 0.5851142 0.6525710 0.6165638 0.6395348 0.5750630 0.5830790 0.6401995 0.5854082 0.6028535 0.6733065 0.6099338 0.5749326 0.5728874 0.5954688 0.5829510 0.5911316 0.6233873 0.6018366 0.6361000 0.5450996 0.5979635 0.6085843 0.6143807 0.6482147 0.7285399 0.4943363 0.5481585 0.5901386 0.6050292 0.5893867 0.6471711 0.6261193 0.6220650 0.5775813 0.5748367 0.6387235 0.6664870 0.5760676 0.7461471 0.6001360 0.6535586 0.7559964 0.5760190 0.4867185 0.6309128 0.6081833 0.5454680 0.5707602 0.5720694 0.6529925 0.6740488 0.6721557 0.5729005 0.6051986 0.5756802 0.6151885 0.4440381 0.5872509 0.6224935 0.8011131 0.4130843 0.5829215 
Cotesia_vestalis_Genome              0.5475217 0.5190347 0.4979902 0.7047800 0.5449119 0.5140853 0.5190217 0.5447612 0.5625283 0.5758255 0.5603676 0.7037571 0.7446752 0.0000000 0.5340212 0.5130843 0.5211665 0.5609552 0.5519037 0.5219196 0.5183935 0.1606146 0.5408644 0.6649861 0.7145963 0.5531817 0.5465699 0.8094441 0.5545849 0.5512043 0.7037273 0.5256990 0.5680053 0.5325252 0.4804242 0.5236192 0.5181740 0.5345200 0.6442426 0.5197147 0.5405818 0.3814004 0.5081901 0.5109842 0.5474708 0.6289887 0.5142405 0.5757922 0.5248512 0.5183683 0.5069752 0.5471142 0.5348797 0.5361467 0.5823565 0.5445428 0.5539563 0.5290216 0.5042682 0.5485148 0.5150263 0.5098779 0.5719840 0.5425672 0.5267630 0.5410369 0.5481379 0.5825854 0.5534454 0.5909537 0.4698570 0.5489807 0.5545612 0.5539448 0.5410571 0.5712711 0.5402441 0.5731915 0.5223799 0.5320360 0.5183333 0.5580177 0.5296151 0.6102189 0.5384418 0.5843944 0.5154762 0.5214384 0.5162575 0.5921379 0.5235653 0.5197117 0.5173751 0.5090168 0.1115233 0.4993929 0.5363278 0.5216633 0.5602343 0.6358275 0.5608212 0.4928781 0.5322814 0.6196362 0.6518227 0.5058752 0.5650124 0.5708999 0.5934282 0.5936705 0.5454327 0.5399764 0.5652004 0.5147246 0.5912350 0.5428652 0.5378460 0.5142966 0.5639428 0.5121056 0.5879617 0.5412164 0.5282526 0.5227591 0.5493990 0.5429099 0.5793582 0.5758200 0.5630419 0.5191320 0.5152360 0.5701573 0.5289649 0.5558022 0.6643720 0.5752453 0.5185172 0.5268221 0.5443402 0.5311356 0.5283740 0.5688562 0.5398295 0.5617019 0.4836494 0.5438423 0.5592177 0.5784094 0.5714034 0.6609436 0.6501397 0.5055202 0.5511919 0.5550397 0.5240463 0.5910747 0.5558780 0.5666761 0.5112084 0.5154320 0.5732847 0.5823106 0.5246145 0.5428821 0.5511291 0.6019131 0.6925296 0.5148256 0.4364577 0.5628607 0.5915102 0.4816959 0.6784731 0.5220461 0.5950015 0.6198912 0.6124220 0.5162732 0.5348830 0.5202223 0.5654729 0.3711100 0.5223888 0.5643413 0.7385445 0.3656014 0.5232383 
Dufourea_novaeangliae_Genome         0.2456729 0.1469078 0.2400633 0.5297510 0.2477153 0.1250674 0.1253624 0.2415097 0.2579645 0.3711852 0.2482142 0.5463008 0.5936573 0.5340212 0.0000000 0.1204458 0.1284862 0.2474215 0.2363755 0.1355740 0.1370078 0.5294371 0.2419917 0.4882498 0.5297515 0.2432666 0.2425527 0.6598846 0.2422073 0.2418626 0.5329834 0.1168884 0.2539603 0.1997800 0.1147391 0.1217571 0.1184264 0.2504186 0.4823966 0.1106983 0.1136575 0.1830300 0.1805207 0.1272439 0.2514703 0.4746607 0.1030426 0.4797870 0.1363059 0.1051377 0.1204474 0.1604389 0.2070519 0.1882762 0.3136911 0.2429969 0.2398316 0.1431623 0.1038740 0.2517876 0.1081305 0.1188936 0.2838789 0.2717561 0.1357278 0.1062646 0.1729911 0.3370530 0.2497800 0.3208097 0.4585944 0.2715067 0.2997031 0.1827615 0.1579826 0.3416976 0.1195205 0.3667570 0.1375313 0.1923798 0.1092967 0.3902717 0.4137096 0.4668394 0.1589413 0.3087473 0.1349338 0.1293431 0.1429958 0.4140758 0.1367075 0.1307708 0.2860679 0.2541097 0.5143478 0.1796930 0.2955640 0.2846328 0.3037122 0.4951446 0.2713248 0.2294902 0.2366919 0.4504690 0.4903408 0.0978792 0.2218668 0.2753893 0.4008409 0.3611717 0.2690572 0.3776274 0.2748894 0.1282824 0.4308875 0.2481468 0.1412057 0.1545514 0.2185173 0.1437041 0.2295978 0.2700438 0.1601551 0.2833387 0.2533203 0.2366215 0.3744843 0.3001746 0.3933772 0.2002967 0.1234145 0.3042532 0.1651745 0.2522131 0.4629602 0.2645828 0.1159476 0.2006341 0.2266535 0.2223694 0.2434344 0.2754793 0.2108951 0.2729448 0.1587156 0.1169353 0.2514822 0.2278620 0.3599189 0.4949091 0.4998956 0.1125667 0.1551902 0.2605854 0.1423279 0.3852211 0.2654853 0.2239411 0.2599869 0.1027473 0.3587431 0.3906041 0.1461091 0.5099711 0.2403572 0.3155649 0.5273958 0.1532736 0.2962629 0.3908230 0.4259749 0.1209828 0.5496770 0.1094368 0.3799388 0.4010609 0.4046643 0.1372074 0.2421883 0.0453561 0.2666237 0.2143493 0.2212892 0.4088384 0.5496732 0.1725706 0.1680190 
Eufriesea_mexicana_Genome            0.2288343 0.0958772 0.2268015 0.5131682 0.2304025 0.0611450 0.0625433 0.2239108 0.2411030 0.3529557 0.2288206 0.5284548 0.5721872 0.5130843 0.1204458 0.0000000 0.0855106 0.2301304 0.2190666 0.1100235 0.0820193 0.5155983 0.2265374 0.4716160 0.5098516 0.2274423 0.2274328 0.6212145 0.2259039 0.2248261 0.5201481 0.1343452 0.2434696 0.1836410 0.1063637 0.1133332 0.1101445 0.2331516 0.4696501 0.1293265 0.1326718 0.1655348 0.1633419 0.0632216 0.2323641 0.4575899 0.0979968 0.4583421 0.1185430 0.0998580 0.0602590 0.1221959 0.1897092 0.1725305 0.2952917 0.2294128 0.2255188 0.1188501 0.1016383 0.2292859 0.1040993 0.0672708 0.2634148 0.2514024 0.1183943 0.1233807 0.1464693 0.3151051 0.2340373 0.3050189 0.4441775 0.2513204 0.2795449 0.1480619 0.1169677 0.3179578 0.1364441 0.3521757 0.1124441 0.1739179 0.1051685 0.3645030 0.3947198 0.4500233 0.1325937 0.2917543 0.1168201 0.0825314 0.1273812 0.3955831 0.1112048 0.1140773 0.2691756 0.2342283 0.4988079 0.1605384 0.2747144 0.2633077 0.2860352 0.4784597 0.2543012 0.2093454 0.2208020 0.4354455 0.4726412 0.0939661 0.2081402 0.2549048 0.3859759 0.3389117 0.2492499 0.3550558 0.2590382 0.1026919 0.4071164 0.2280682 0.1338809 0.1378117 0.2024525 0.0858195 0.2139937 0.2513178 0.1416213 0.2650011 0.2341162 0.2220825 0.3517939 0.2871584 0.3694963 0.1854423 0.1116673 0.2874873 0.1458080 0.2354882 0.4397122 0.2455049 0.1126542 0.1827288 0.2079386 0.2067892 0.2264664 0.2590200 0.1941312 0.2561775 0.1433482 0.1363005 0.2339114 0.2117129 0.3379770 0.4761081 0.4830357 0.1272322 0.1131197 0.2420688 0.1164043 0.3600513 0.2503286 0.2042907 0.2428176 0.0981212 0.3432507 0.3835523 0.0987061 0.4902595 0.2217063 0.3004000 0.5094860 0.1342872 0.2814037 0.3677160 0.4030100 0.0162302 0.5275735 0.1046632 0.3585909 0.3802423 0.3841455 0.0947105 0.2230451 0.1156711 0.2511536 0.2036441 0.2045585 0.3854113 0.5243277 0.1690712 0.1502494 
Habropoda_laboriosa_Genome           0.2418341 0.1172414 0.2366890 0.5180247 0.2430188 0.0878756 0.0893009 0.2392976 0.2521893 0.3600797 0.2430918 0.5379959 0.5747813 0.5211665 0.1284862 0.0855106 0.0000000 0.2404395 0.2325468 0.1162909 0.1051328 0.5199493 0.2384072 0.4854228 0.5208748 0.2394181 0.2407449 0.6296685 0.2380507 0.2388283 0.5293219 0.1419393 0.2476774 0.1916108 0.1145701 0.1223193 0.1169066 0.2455993 0.4780352 0.1373350 0.1381193 0.1818729 0.1713209 0.0905982 0.2411404 0.4696124 0.1071445 0.4681363 0.1274079 0.1082712 0.0834101 0.1353590 0.1966099 0.1801268 0.3065490 0.2371159 0.2350771 0.1253641 0.1108994 0.2394741 0.1118916 0.0825127 0.2760435 0.2653343 0.1265454 0.1303617 0.1547110 0.3245580 0.2433767 0.3119398 0.4536961 0.2624797 0.2911389 0.1573608 0.1289138 0.3358842 0.1425749 0.3576663 0.1198985 0.1833330 0.1139532 0.3804895 0.4082518 0.4612494 0.1405088 0.3026685 0.1253528 0.0940258 0.1327707 0.4047296 0.1182324 0.1229531 0.2738530 0.2442532 0.5013960 0.1718079 0.2821901 0.2721135 0.2913751 0.4844958 0.2653096 0.2172485 0.2317323 0.4511217 0.4804936 0.1024494 0.2158300 0.2659929 0.3969141 0.3445701 0.2581510 0.3663669 0.2672824 0.1079789 0.4225335 0.2430695 0.1416906 0.1433435 0.2085910 0.1061587 0.2230049 0.2620967 0.1513325 0.2712520 0.2494277 0.2298489 0.3626604 0.2971369 0.3832491 0.1940852 0.1208401 0.2949302 0.1571997 0.2460320 0.4524770 0.2558185 0.1211142 0.1908736 0.2193542 0.2149852 0.2350984 0.2670049 0.2039876 0.2686337 0.1522955 0.1437098 0.2477391 0.2180791 0.3446619 0.4790260 0.4882385 0.1343619 0.1256674 0.2510711 0.1234217 0.3724247 0.2610846 0.2163472 0.2505594 0.1077443 0.3526822 0.3853221 0.1092042 0.5014250 0.2361026 0.3108055 0.5129953 0.1440346 0.2901283 0.3826431 0.4169585 0.0867003 0.5367710 0.1128830 0.3763301 0.3975376 0.3915723 0.0616601 0.2362512 0.1218500 0.2631573 0.2116111 0.2146687 0.3974375 0.5358766 0.1811182 0.1619573 
Harpegnathos_saltator_Genome         0.1463414 0.2537996 0.2603363 0.5568285 0.1493258 0.2369378 0.2392882 0.1454688 0.1603132 0.3983992 0.1478208 0.5760268 0.6182141 0.5609552 0.2474215 0.2301304 0.2404395 0.0000000 0.1360218 0.2490356 0.2460120 0.5611841 0.1435617 0.5070923 0.5572366 0.1466583 0.1392123 0.6802199 0.1381570 0.1381468 0.5724971 0.2530910 0.3039174 0.2396814 0.2205511 0.2413810 0.2352346 0.2662111 0.5215552 0.2517011 0.2537240 0.1913225 0.2480710 0.2379263 0.2722377 0.4960485 0.2281239 0.5068150 0.2448016 0.2297454 0.2320540 0.2646285 0.2575354 0.2465874 0.3332824 0.2672624 0.2617094 0.2567034 0.2267430 0.2702490 0.2317327 0.2357703 0.3082007 0.2929295 0.2427090 0.2491976 0.2763528 0.3661146 0.2923831 0.3539793 0.4886523 0.2883553 0.3226674 0.2807183 0.2635154 0.3549587 0.2590363 0.3946283 0.2516165 0.2488228 0.2316806 0.4050125 0.4352261 0.4879400 0.2668689 0.3236370 0.2389382 0.2404905 0.2394401 0.4339449 0.2473770 0.2396749 0.3146751 0.2727973 0.5436275 0.2416523 0.3213536 0.3096975 0.3382435 0.5172643 0.2975546 0.2430531 0.2670486 0.4674480 0.5179618 0.2269930 0.2849509 0.2968881 0.4377432 0.3866689 0.2948475 0.3856519 0.3082914 0.2403515 0.4574917 0.2723544 0.2564136 0.2313058 0.2726313 0.2535759 0.2875379 0.2931051 0.2288174 0.3139257 0.2758114 0.2875276 0.3974933 0.3187792 0.4140503 0.2329853 0.2421649 0.3302900 0.2339457 0.2802962 0.4891380 0.2858277 0.2418263 0.2551580 0.2545017 0.2498970 0.2729788 0.3030316 0.2648676 0.2976642 0.2108066 0.2593357 0.1411527 0.2847534 0.3891473 0.5183802 0.5168818 0.2391803 0.2641785 0.2843588 0.2520548 0.4118469 0.2910577 0.2769963 0.2927358 0.2266760 0.3873852 0.4216968 0.2559841 0.5437731 0.1402668 0.3423509 0.5438647 0.2296328 0.3045661 0.4059241 0.4413002 0.2268478 0.5826591 0.2348063 0.4017061 0.4143020 0.4214835 0.2441908 0.2697437 0.2428241 0.2914125 0.2334620 0.2495834 0.4339179 0.5766679 0.1847408 0.2413851 
Linepithema_humile_Genome            0.1044646 0.2437077 0.2515118 0.5495490 0.1050294 0.2237003 0.2255795 0.1056829 0.1218783 0.3863136 0.1161267 0.5655209 0.5973981 0.5519037 0.2363755 0.2190666 0.2325468 0.1360218 0.0000000 0.2351372 0.2362743 0.5440120 0.1047710 0.5026286 0.5459864 0.1057613 0.1001982 0.6651089 0.1006693 0.0990393 0.5534771 0.2454201 0.2934448 0.2328925 0.2155026 0.2305715 0.2280519 0.2610753 0.5000986 0.2416149 0.2403499 0.1884145 0.2384570 0.2267192 0.2607221 0.4892670 0.2156800 0.4893995 0.2325263 0.2187354 0.2232435 0.2563363 0.2506490 0.2381762 0.3216516 0.2536936 0.2469847 0.2454417 0.2157315 0.2595489 0.2251704 0.2223847 0.2948039 0.2824886 0.2312797 0.2362616 0.2664035 0.3613886 0.2849119 0.3451642 0.4681172 0.2789516 0.3196039 0.2664919 0.2475107 0.3504444 0.2514556 0.3797133 0.2368297 0.2382908 0.2185360 0.3881760 0.4244347 0.4841048 0.2522238 0.3213007 0.2300912 0.2307135 0.2283264 0.4270143 0.2359898 0.2297582 0.3071850 0.2661280 0.5211533 0.2296938 0.3141623 0.3068319 0.3293395 0.5036491 0.2817523 0.2360992 0.2539877 0.4624714 0.5015725 0.2122960 0.2674660 0.2834231 0.4200193 0.3702118 0.2840295 0.3738356 0.2971133 0.2246440 0.4475613 0.2577234 0.2447489 0.2146333 0.2631350 0.2397081 0.2770473 0.2868699 0.2163227 0.3067706 0.2621712 0.2779617 0.3813500 0.3092367 0.3953384 0.2159812 0.2299783 0.3159224 0.2220391 0.2681153 0.4805920 0.2779499 0.2268953 0.2484381 0.2419007 0.2354250 0.2589837 0.2896075 0.2544231 0.2868594 0.2046365 0.2487817 0.1428341 0.2764532 0.3671252 0.5032426 0.5029122 0.2342153 0.2485107 0.2778308 0.2391677 0.3944918 0.2762994 0.2663214 0.2844927 0.2145042 0.3700574 0.4050887 0.2442129 0.5196552 0.0995168 0.3333838 0.5301171 0.2161761 0.3022763 0.3914911 0.4311612 0.2168658 0.5643017 0.2202033 0.3877629 0.4082190 0.4128604 0.2354351 0.2546547 0.2280004 0.2830865 0.2282985 0.2378158 0.4241005 0.5776579 0.1886255 0.2278879 
Megachile_rotundata_Genome           0.2400306 0.1365760 0.2384867 0.5199037 0.2434251 0.1130118 0.1138154 0.2398678 0.2542089 0.3682916 0.2464977 0.5387119 0.5832601 0.5219196 0.1355740 0.1100235 0.1162909 0.2490356 0.2351372 0.0000000 0.1280069 0.5144587 0.2390904 0.4783252 0.5275181 0.2414957 0.2373031 0.6425014 0.2382666 0.2364731 0.5311890 0.1489377 0.2549027 0.1967290 0.1221542 0.1293544 0.1261124 0.2484117 0.4681499 0.1445251 0.1478330 0.1799564 0.1818754 0.1132509 0.2466495 0.4656457 0.1149644 0.4737403 0.1313902 0.1169136 0.1077890 0.1514538 0.1994195 0.1835827 0.3111986 0.2407418 0.2368199 0.0330906 0.1191472 0.2444023 0.1198681 0.1068073 0.2782435 0.2706937 0.1300528 0.1389601 0.1223562 0.3270347 0.2443482 0.3191941 0.4469279 0.2672140 0.2972324 0.1727114 0.1467155 0.3336172 0.1526146 0.3646237 0.0690374 0.1893176 0.1202428 0.3791788 0.4078472 0.4550876 0.1175991 0.3043507 0.1331481 0.1193439 0.1399333 0.4074528 0.0212677 0.1319703 0.2763436 0.2516585 0.4991299 0.1738939 0.2858760 0.2798770 0.2940900 0.4769185 0.2654392 0.2192916 0.2306619 0.4410079 0.4797157 0.1100646 0.2170455 0.2691748 0.3997111 0.3524039 0.2602606 0.3699222 0.2690107 0.0823548 0.4214425 0.2451134 0.1479923 0.1516375 0.2131507 0.1300010 0.2273197 0.2650394 0.1591083 0.2748987 0.2514352 0.2333200 0.3656734 0.2976465 0.3836090 0.1973822 0.1270738 0.2924673 0.1588987 0.2482098 0.4570068 0.2578857 0.1291676 0.1977996 0.2234107 0.2176578 0.2380313 0.2707898 0.2058808 0.2719046 0.1574472 0.1507101 0.2460021 0.2235942 0.3491670 0.4812127 0.4853556 0.1431741 0.1423130 0.2545689 0.0765384 0.3775951 0.2634459 0.2168879 0.2553214 0.1150308 0.3583377 0.3818321 0.1323129 0.5019436 0.2360218 0.3142861 0.5159587 0.1480298 0.2894724 0.3790473 0.4116497 0.1090323 0.5390946 0.1199437 0.3762660 0.3958106 0.4015588 0.1229119 0.2378804 0.1301900 0.2611494 0.2094715 0.2180707 0.3955324 0.5396568 0.1746422 0.1625978 
