18
cyrtonyx_montezumae       0.00000000 0.02146915 0.02466184 0.02445242 0.02354113 0.02485984 0.02326664 0.02414433 0.02378560 0.02339799 0.02638840 0.02370969 0.02530976 0.02250897 0.02449090 0.02102588 0.02138955 0.02315133 
alectoris_rufa            0.02146915 0.00000000 0.01383396 0.01366144 0.01315947 0.01308665 0.01243153 0.01358155 0.01321574 0.01321787 0.01516681 0.01242145 0.01455120 0.01294420 0.01663818 0.01206217 0.01254126 0.01292003 
catreus_wallichi          0.02466184 0.01383396 0.00000000 0.00448073 0.00362518 0.01568688 0.00860188 0.00394133 0.00355860 0.00393782 0.01049490 0.01474153 0.00906521 0.00425579 0.01869516 0.00428552 0.00434878 0.00947586 
chrysolophus_pictus       0.02445242 0.01366144 0.00448073 0.00000000 0.00403999 0.01540111 0.00834173 0.00417724 0.00371010 0.00406489 0.01024605 0.01443460 0.00898805 0.00401767 0.01842083 0.00400388 0.00419049 0.00912829 
crossoptilon_crossoptilon 0.02354113 0.01315947 0.00362518 0.00403999 0.00000000 0.01502193 0.00807957 0.00354365 0.00314369 0.00346647 0.01003201 0.01402871 0.00860475 0.00375077 0.01795014 0.00389958 0.00401468 0.00893952 
galgal4                   0.02485984 0.01308665 0.01568688 0.01540111 0.01502193 0.00000000 0.01397018 0.01528623 0.01475432 0.01490975 0.01721551 0.01372833 0.01661291 0.01440856 0.01810502 0.01322968 0.01355575 0.01452677 
lophophorus_impejanus     0.02326664 0.01243153 0.00860188 0.00834173 0.00807957 0.01397018 0.00000000 0.00825614 0.00782597 0.00809297 0.00976753 0.01303009 0.00977395 0.00776947 0.01718703 0.00728432 0.00747001 0.00744302 
lophura_inornata          0.02414433 0.01358155 0.00394133 0.00417724 0.00354365 0.01528623 0.00825614 0.00000000 0.00248150 0.00314699 0.01012065 0.01418441 0.00878125 0.00383855 0.01824657 0.00387482 0.00403636 0.00905495 
lophura_nycthemera        0.02378560 0.01321574 0.00355860 0.00371010 0.00314369 0.01475432 0.00782597 0.00248150 0.00000000 0.00264229 0.00971236 0.01385769 0.00838443 0.00344513 0.01775328 0.00353093 0.00350917 0.00857398 
lophura_swinhoii          0.02339799 0.01321787 0.00393782 0.00406489 0.00346647 0.01490975 0.00809297 0.00314699 0.00264229 0.00000000 0.01001064 0.01400843 0.00873863 0.00373660 0.01781797 0.00393374 0.00400626 0.00883486 
melgal2                   0.02638840 0.01516681 0.01049490 0.01024605 0.01003201 0.01721551 0.00976753 0.01012065 0.00971236 0.01001064 0.00000000 0.01599752 0.01168573 0.00962900 0.01982480 0.00896313 0.00927600 0.01052866 
pavo_cristatus            0.02370969 0.01242145 0.01474153 0.01443460 0.01402871 0.01372833 0.01303009 0.01418441 0.01385769 0.01400843 0.01599752 0.00000000 0.01569242 0.01364192 0.01753509 0.01253916 0.01287988 0.01369266 
perdix                    0.02530976 0.01455120 0.00906521 0.00898805 0.00860475 0.01661291 0.00977395 0.00878125 0.00838443 0.00873863 0.01168573 0.01569242 0.00000000 0.00831078 0.01937670 0.00777195 0.00811437 0.01047385 
phasianus_colchicus       0.02250897 0.01294420 0.00425579 0.00401767 0.00375077 0.01440856 0.00776947 0.00383855 0.00344513 0.00373660 0.00962900 0.01364192 0.00831078 0.00000000 0.01706116 0.00372375 0.00374949 0.00849951 
rollulus_rouloul          0.02449090 0.01663818 0.01869516 0.01842083 0.01795014 0.01810502 0.01718703 0.01824657 0.01775328 0.01781797 0.01982480 0.01753509 0.01937670 0.01706116 0.00000000 0.01577998 0.01661494 0.01756923 
syrmaticus_ellioti        0.02102588 0.01206217 0.00428552 0.00400388 0.00389958 0.01322968 0.00728432 0.00387482 0.00353093 0.00393374 0.00896313 0.01253916 0.00777195 0.00372375 0.01577998 0.00000000 0.00318731 0.00823141 
syrmaticus_reevesii       0.02138955 0.01254126 0.00434878 0.00419049 0.00401468 0.01355575 0.00747001 0.00403636 0.00350917 0.00400626 0.00927600 0.01287988 0.00811437 0.00374949 0.01661494 0.00318731 0.00000000 0.00842766 
tragopan_blythii          0.02315133 0.01292003 0.00947586 0.00912829 0.00893952 0.01452677 0.00744302 0.00905495 0.00857398 0.00883486 0.01052866 0.01369266 0.01047385 0.00849951 0.01756923 0.00823141 0.00842766 0.00000000 
