187
Acromyrmex_echinatior_Genome         0.0000000 0.2601465 0.2605476 0.6749634 0.0146405 0.2306189 0.2376307 0.1048123 0.0850710 0.4663400 0.1184010 0.7072430 0.7589617 0.7073280 0.2553195 0.2204054 0.2396335 0.1359745 0.0984252 0.2380721 0.2484945 0.6658806 0.0612851 0.6452662 0.6987413 0.0703410 0.0550467 0.9033303 0.0614880 0.0512637 0.6905080 0.2549558 0.3367088 0.2401722 0.2175498 0.2464020 0.2472092 0.2635932 0.6397357 0.2655058 0.2508379 0.1820457 0.2523872 0.2347217 0.2823315 0.5908936 0.2281074 0.5919677 0.2426256 0.2302930 0.2344844 0.2653164 0.2718183 0.2412669 0.3608462 0.2859490 0.2573213 0.2490984 0.2316725 0.2793167 0.2290505 0.2358335 0.3307566 0.3069597 0.2398671 0.2535007 0.2778946 0.3990302 0.3124158 0.3795432 0.5611516 0.3111961 0.3405978 0.3155519 0.2551280 0.3864830 0.2733901 0.4349800 0.2594182 0.2391693 0.2371041 0.4608544 0.5239739 0.6025311 0.2652232 0.3595620 0.2482847 0.2568989 0.2498678 0.5056171 0.2562701 0.2392486 0.3015847 0.2595140 0.6562372 0.2377575 0.3402505 0.3356033 0.3477626 0.5803184 0.3127647 0.2408643 0.2771779 0.5566991 0.6599154 0.2259902 0.2873597 0.3133908 0.5415855 0.4388159 0.2848263 0.4362617 0.3027973 0.2322060 0.5122945 0.2729928 0.2610775 0.2213652 0.2806494 0.2537662 0.2750128 0.3150548 0.2245420 0.3179783 0.2931048 0.3203450 0.4364869 0.3619437 0.4788773 0.2236359 0.2341017 0.3442429 0.2280816 0.2730475 0.5721950 0.2968495 0.2577532 0.2574642 0.2527538 0.2403549 0.2696728 0.3097104 0.2647056 0.2954950 0.2038866 0.2804919 0.1371175 0.2894299 0.4413718 0.6316183 0.6023711 0.2311616 0.2626332 0.3095775 0.2478751 0.4804162 0.3001947 0.2846472 0.2839971 0.2200724 0.4583209 0.4850990 0.2476827 0.6128045 0.0935561 0.3602528 0.6417918 0.2098133 0.3008101 0.4869947 0.5038901 0.2162387 0.7342002 0.2278137 0.4403704 0.4831220 0.5026486 0.2418972 0.2574822 0.2384067 0.2967799 0.2368475 0.2419342 0.4914637 0.7837725 0.1701426 0.2378505 
Apis_mellifera_Genome                0.2601465 0.0000000 0.2616360 0.6572318 0.2626084 0.0879227 0.0942976 0.2719705 0.2850429 0.4327964 0.2672376 0.6654849 0.7489844 0.6758775 0.1492782 0.0874645 0.1046748 0.2575057 0.2622709 0.1308169 0.1027016 0.6645708 0.2683123 0.6040797 0.6355647 0.2655014 0.2611108 0.8281596 0.2680994 0.2642671 0.6627772 0.1545260 0.2727859 0.2090352 0.1235111 0.1409819 0.1321028 0.2403504 0.6162373 0.1593228 0.1519352 0.1658780 0.1842423 0.0909977 0.2794210 0.5771288 0.1280271 0.6075687 0.1438477 0.1248328 0.0940341 0.1452865 0.2112782 0.1978234 0.3484958 0.2650237 0.2555777 0.1365825 0.1217749 0.2672261 0.1270953 0.1001731 0.3150609 0.2960134 0.1416616 0.1490688 0.1707281 0.3669509 0.2712265 0.3549395 0.5502138 0.2963609 0.3195155 0.1757673 0.1389765 0.3635427 0.1587238 0.4208348 0.1335957 0.1893231 0.1345591 0.4373531 0.4949282 0.5565954 0.1578027 0.3393361 0.1423255 0.1123751 0.1435727 0.4749438 0.1346606 0.1376712 0.2864746 0.2553322 0.6425294 0.1834423 0.3245774 0.3179013 0.3194047 0.5619501 0.3006241 0.2318078 0.2562984 0.5030962 0.6221229 0.1232916 0.2298219 0.3071700 0.4822073 0.4100463 0.2772690 0.4343354 0.2844249 0.1235163 0.4851852 0.2563581 0.1605227 0.1597331 0.2296178 0.0960554 0.2286473 0.2975218 0.1709721 0.2899720 0.2742255 0.2412794 0.4084701 0.3417765 0.4516759 0.2105101 0.1357197 0.3295292 0.1724981 0.2643897 0.5532961 0.2895549 0.1412872 0.2025200 0.2370804 0.2256210 0.2625098 0.2881849 0.2309296 0.2844410 0.1644980 0.1622405 0.2725139 0.2389073 0.4050665 0.6061559 0.5661411 0.1332601 0.1305700 0.2831547 0.1330468 0.4272422 0.2997903 0.2229818 0.2542374 0.1222750 0.3970860 0.4408113 0.1162167 0.6050313 0.2575583 0.3415892 0.6448915 0.1513596 0.2917861 0.4368261 0.4762718 0.0854141 0.7153024 0.1259801 0.4401247 0.4683348 0.4720718 0.1145060 0.2445329 0.1354467 0.2857250 0.2153424 0.2204584 0.4594368 0.7148123 0.1643199 0.1773683 
Apterogyna_za01_Genome               0.2605476 0.2616360 0.0000000 0.6173413 0.2678466 0.2381478 0.2492321 0.2692972 0.2750135 0.4318107 0.2715883 0.6523134 0.6901229 0.7145808 0.2559430 0.2246354 0.2375224 0.2658627 0.2598841 0.2553598 0.2458504 0.6495597 0.2677640 0.5333191 0.5583943 0.2792590 0.2633918 0.8729497 0.2617302 0.2745674 0.6322687 0.2548961 0.2927633 0.2511278 0.2173158 0.2391396 0.2351497 0.2164483 0.5936274 0.2461080 0.2653689 0.1470241 0.2206872 0.2395051 0.2731178 0.5316837 0.2480869 0.5676201 0.2549790 0.2326608 0.2396616 0.2702667 0.2498828 0.2349684 0.3533095 0.2680471 0.2605869 0.2546617 0.2307925 0.2642167 0.2312929 0.2383866 0.3167053 0.2920084 0.2352821 0.2555819 0.2746255 0.3684591 0.3022999 0.3574773 0.4996562 0.3055477 0.3248667 0.2866381 0.2694448 0.3710343 0.2556785 0.3898038 0.2538977 0.2417129 0.2440449 0.4583160 0.4785263 0.5430781 0.2707119 0.3199438 0.2539926 0.2460139 0.2275356 0.4479850 0.2506852 0.2439737 0.2823085 0.2487153 0.5704457 0.2270273 0.3249593 0.3140529 0.3283568 0.5488037 0.2894699 0.2287746 0.2658015 0.4681869 0.5560049 0.2237881 0.2791313 0.3028362 0.4632679 0.4155052 0.2720203 0.4510480 0.2814648 0.2534827 0.5029236 0.2515671 0.2526860 0.2193246 0.2700382 0.2401341 0.2593932 0.2936212 0.2286132 0.2849030 0.2658404 0.2730683 0.4362961 0.3235011 0.4529705 0.2033957 0.2279356 0.3388179 0.2368403 0.2758639 0.5369703 0.2783220 0.2404078 0.2263203 0.2196406 0.2163454 0.2743194 0.3014626 0.2680540 0.2826426 0.1936123 0.2731652 0.2675634 0.2733548 0.3995263 0.5434156 0.5191791 0.2091432 0.2699046 0.2689512 0.2574639 0.4193637 0.2999340 0.2651445 0.2591499 0.2185555 0.4147214 0.4434667 0.2456926 0.5711127 0.2445620 0.3455768 0.5912222 0.2179914 0.2630513 0.4386066 0.4424600 0.2072573 0.6476912 0.2209495 0.3991251 0.4053792 0.4656266 0.2270818 0.2508184 0.2263148 0.2808156 0.1901532 0.2403563 0.4377894 0.6495146 0.0107867 0.2386968 
Athalia_rosae_Genome                 0.6749634 0.6572318 0.6173413 0.0000000 0.7185654 0.6404551 0.6210152 0.7007117 0.7176887 0.6427499 0.7215475 0.9974615 1.1041922 1.0321659 0.6490316 0.6663980 0.6501630 0.7007380 0.6858724 0.6629002 0.6578397 0.9463431 0.7179828 0.8936661 0.3407882 0.7614300 0.7145318 1.2741896 0.6983103 0.7000464 0.3642602 0.6406479 0.7493529 0.6618261 0.5884969 0.6383009 0.6571030 0.6725863 0.4574492 0.6308933 0.6896494 0.4336545 0.6227931 0.6474325 0.7108959 0.9428819 0.6386434 0.9181383 0.6812055 0.6180597 0.6251568 0.6747978 0.6757856 0.6827369 0.7637676 0.7052121 0.6831135 0.6554042 0.6399764 0.7070948 0.6386920 0.6396486 0.7646955 0.7641192 0.6609470 0.6543180 0.6940058 0.7568736 0.7375251 0.8192068 0.7979064 0.7616782 0.7357132 0.7422603 0.7060290 0.7390390 0.6473776 0.6307318 0.6680195 0.6643411 0.6440587 0.7292575 0.8045783 0.8684110 0.6741635 0.7471590 0.6302423 0.6697790 0.6755607 0.8798246 0.6493496 0.6862418 0.6936874 0.6771587 0.9377048 0.6931003 0.7265808 0.6860408 0.7485818 0.8803503 0.7323794 0.6451822 0.6775274 0.7740853 0.3392961 0.6380021 0.6890582 0.6994027 0.6427477 0.7433847 0.6877453 0.7110422 0.6966747 0.6606494 0.8546562 0.7404602 0.6713091 0.6005594 0.6982072 0.6583399 0.7184212 0.7181420 0.6589058 0.6942720 0.6732077 0.6594945 0.7744529 0.7572854 0.7856952 0.6490334 0.6336545 0.7473120 0.6544526 0.6995643 0.9652992 0.7144087 0.6389017 0.6266237 0.6730756 0.6572608 0.6617383 0.7296941 0.7092528 0.7243105 0.6196397 0.6867546 0.6970039 0.7400744 0.7431846 0.2706465 0.8737049 0.5966482 0.6711677 0.7011444 0.6856720 0.7059568 0.7082685 0.6664288 0.6571683 0.6466317 0.6181142 0.5784803 0.6535043 0.8848095 0.6793555 0.8062781 0.5023259 0.6366514 0.5327319 0.7226634 0.8427702 0.5920728 0.9515497 0.6247976 0.7879188 0.7951891 0.7400325 0.6219043 0.6937339 0.6386794 0.6945318 0.4493046 0.6662440 0.7461486 0.5540308 0.4550626 0.6536971 
Atta_cephalotes_Genome               0.0146405 0.2626084 0.2678466 0.7185654 0.0000000 0.2383833 0.2409811 0.1076544 0.0849662 0.4375598 0.1209137 0.6774152 0.7553393 0.6831163 0.2625448 0.2356032 0.2431793 0.1402809 0.0961853 0.2557272 0.2482645 0.7196647 0.0623414 0.6044663 0.6956549 0.0678400 0.0531334 0.8847297 0.0584560 0.0510164 0.6957089 0.2631490 0.3331089 0.2522618 0.2278077 0.2426810 0.2460570 0.2576401 0.6978194 0.2497268 0.2708467 0.1888198 0.2531475 0.2350445 0.2753424 0.5878937 0.2389497 0.5858211 0.2477952 0.2386318 0.2296029 0.2570650 0.2743502 0.2523335 0.3699777 0.2667803 0.2612155 0.2618354 0.2404076 0.2738184 0.2262415 0.2303956 0.3240659 0.3091125 0.2393490 0.2506887 0.2782920 0.3859590 0.3140578 0.3871099 0.5335359 0.3051447 0.3384048 0.3039765 0.2826500 0.3892254 0.2776114 0.4400077 0.2525815 0.2502350 0.2365882 0.4854139 0.5041443 0.6094105 0.2719727 0.3578412 0.2475943 0.2517288 0.2479085 0.5195625 0.2427413 0.2460586 0.3125298 0.2667056 0.6587892 0.2568600 0.3351292 0.3245789 0.3383972 0.5986715 0.3089601 0.2425871 0.2695533 0.5770797 0.6712237 0.2221608 0.2842717 0.3022386 0.5245967 0.4366332 0.2986423 0.4402275 0.2950163 0.2367113 0.5034285 0.2730475 0.2607792 0.2171823 0.2780934 0.2477828 0.2891308 0.3139330 0.2335654 0.3144719 0.2852752 0.3071724 0.4596434 0.3315985 0.4555262 0.2271923 0.2409179 0.3464467 0.2357687 0.2953001 0.5811162 0.2997143 0.2429766 0.2507565 0.2550615 0.2552127 0.2715259 0.3038992 0.2818512 0.3047315 0.2088132 0.2714639 0.1389955 0.2956770 0.4345166 0.6174729 0.6069260 0.2395688 0.2645019 0.3098554 0.2563145 0.4919196 0.2947576 0.2820343 0.2883381 0.2262561 0.4369499 0.4831947 0.2530492 0.6196599 0.0953770 0.3899849 0.6966478 0.2193255 0.3106885 0.4397125 0.5004015 0.2161307 0.7647953 0.2340024 0.4483200 0.4902139 0.5044172 0.2436564 0.2757017 0.2481907 0.3037436 0.2133032 0.2498736 0.4744679 0.7501446 0.1706694 0.2423059 
Bombus_impatiens_Genome              0.2306189 0.0879227 0.2381478 0.6404551 0.2383833 0.0000000 0.0057477 0.2335140 0.2570388 0.3980987 0.2465351 0.6350914 0.7026922 0.6683864 0.1141804 0.0526685 0.0751234 0.2493846 0.2331376 0.1039640 0.0610747 0.6656460 0.2302123 0.5703047 0.6186918 0.2421527 0.2324438 0.7865535 0.2257904 0.2426681 0.6321745 0.1331894 0.2584012 0.1880788 0.0939316 0.1056622 0.1043550 0.2270917 0.6153451 0.1255628 0.1350213 0.1525315 0.1595226 0.0073268 0.2535236 0.5717152 0.0948286 0.5702152 0.1123271 0.0975448 0.0591254 0.1165274 0.1931506 0.1678904 0.3375830 0.2329350 0.2452436 0.1104657 0.0949385 0.2353870 0.0966561 0.0635937 0.2891975 0.2765100 0.1115090 0.1150079 0.1434565 0.3533401 0.2405353 0.3395363 0.5278213 0.2791542 0.3028131 0.1538280 0.1119265 0.3555869 0.1341883 0.3763079 0.1114169 0.1644280 0.1000184 0.4307470 0.4476686 0.5523262 0.1217221 0.3146007 0.1149195 0.0736608 0.1246869 0.4411048 0.1087104 0.1139337 0.2884125 0.2417592 0.6238296 0.1708350 0.2989300 0.2904991 0.3040628 0.5628629 0.2800036 0.2132166 0.2268394 0.4963161 0.6147167 0.0884005 0.2137258 0.2705963 0.4664453 0.3880728 0.2581223 0.4100791 0.2537302 0.0973285 0.4828701 0.2359556 0.1289444 0.1292960 0.2030478 0.0630453 0.2076583 0.2733217 0.1385846 0.2794087 0.2456953 0.2271615 0.4127320 0.3037305 0.4200351 0.1897511 0.1040785 0.3284814 0.1501636 0.2493740 0.5278215 0.2592868 0.1108874 0.1783006 0.2125822 0.2109167 0.2328755 0.2693651 0.1988553 0.2733219 0.1359976 0.1336406 0.2493265 0.2037394 0.3811347 0.5800349 0.5738919 0.1203457 0.1087039 0.2598298 0.1088355 0.4198260 0.2678353 0.2084524 0.2336561 0.0946943 0.3822850 0.4633331 0.0879976 0.5758168 0.2258524 0.3283697 0.6469620 0.1356842 0.2654465 0.4433981 0.4421726 0.0511868 0.6915559 0.0937798 0.4170379 0.4654379 0.4464109 0.0850734 0.2330081 0.1095179 0.2693352 0.1978428 0.2133930 0.4283674 0.6944172 0.1559205 0.1536475 
Bombus_terrestris_Genome             0.2376307 0.0942976 0.2492321 0.6210152 0.2409811 0.0057477 0.0000000 0.2429783 0.2560100 0.4199058 0.2448908 0.6469241 0.7204334 0.6619321 0.1227813 0.0542920 0.0742701 0.2475256 0.2409118 0.1046075 0.0645871 0.6669118 0.2383397 0.5887985 0.5995107 0.2443219 0.2421792 0.8217380 0.2374536 0.2484514 0.6228033 0.1343418 0.2559033 0.1848999 0.0939514 0.1167581 0.1085767 0.2295025 0.6263815 0.1365342 0.1292941 0.1674737 0.1606250 0.0081989 0.2535687 0.5774387 0.0964978 0.5709720 0.1115453 0.0978394 0.0576234 0.1171671 0.1963168 0.1703705 0.3373104 0.2488894 0.2271980 0.1111854 0.0972136 0.2428988 0.0980612 0.0664167 0.2899812 0.2841463 0.1118599 0.1265874 0.1473381 0.3506864 0.2427941 0.3327196 0.5450813 0.2705102 0.3212591 0.1576238 0.1130716 0.3387345 0.1360383 0.4006263 0.1094741 0.1695315 0.1037049 0.4321142 0.4732156 0.5610819 0.1256932 0.3242610 0.1168333 0.0790807 0.1267913 0.4685144 0.1110000 0.1177538 0.2747719 0.2377804 0.6376340 0.1716527 0.3044146 0.3208586 0.3049279 0.5663963 0.2838813 0.2115561 0.2345430 0.5034251 0.5925203 0.0972498 0.2182201 0.2795708 0.4719471 0.4098967 0.2632340 0.4177982 0.2797361 0.1005748 0.4788743 0.2626565 0.1290095 0.1330740 0.2059868 0.0665425 0.2181631 0.2750856 0.1386888 0.2781737 0.2500101 0.2314649 0.4066685 0.3379501 0.4326944 0.1836133 0.1046798 0.3007638 0.1487191 0.2535282 0.5471403 0.2634225 0.1159397 0.1800542 0.2305013 0.2157011 0.2374314 0.2802592 0.2010467 0.2660290 0.1371794 0.1377613 0.2509967 0.2147473 0.3941518 0.5775975 0.5732573 0.1141635 0.1090789 0.2591779 0.1103543 0.4334106 0.2787941 0.2144388 0.2481224 0.0929205 0.3910774 0.4464469 0.0916819 0.6096042 0.2325771 0.3323287 0.6326386 0.1314634 0.2725146 0.4415114 0.4677291 0.0526227 0.7037497 0.0994139 0.4110499 0.4639315 0.4594448 0.0800246 0.2296894 0.1097154 0.2709580 0.1956520 0.2018606 0.4497966 0.7264041 0.1517465 0.1542771 
Camponotus_floridanus_Genome         0.1048123 0.2719705 0.2692972 0.7007117 0.1076544 0.2335140 0.2429783 0.0000000 0.1200973 0.4495655 0.1219305 0.7114257 0.7254840 0.7238545 0.2533041 0.2385128 0.2404502 0.1372512 0.0974146 0.2439816 0.2480980 0.6894077 0.1063734 0.6075856 0.6694230 0.1073234 0.1000227 0.8608082 0.1016538 0.1002493 0.6771551 0.2677541 0.3303789 0.2458969 0.2212337 0.2412324 0.2468030 0.2614712 0.6873955 0.2714071 0.2768586 0.1688395 0.2424239 0.2392395 0.2855832 0.6084256 0.2336106 0.6163834 0.2523052 0.2363377 0.2356328 0.2682022 0.2708867 0.2496986 0.3617507 0.2790176 0.2733984 0.2645155 0.2331272 0.2807123 0.2467408 0.2380116 0.3307829 0.3232736 0.2425673 0.2599063 0.2738840 0.4207543 0.3276119 0.3759036 0.5386261 0.3168836 0.3479220 0.3206775 0.2754834 0.3879139 0.2852222 0.4428446 0.2500957 0.2468436 0.2424431 0.4455788 0.4898613 0.6118875 0.2673997 0.3455389 0.2518841 0.2485749 0.2496056 0.5074824 0.2509541 0.2412567 0.3091150 0.2529066 0.6614437 0.2525014 0.3421794 0.3317336 0.3495972 0.6218130 0.3131700 0.2453148 0.2764730 0.5695916 0.6642653 0.2301774 0.2987334 0.3104197 0.5255468 0.4334616 0.2935993 0.4200696 0.3061910 0.2394627 0.5002875 0.2705971 0.2634873 0.2276741 0.2806297 0.2538882 0.2878477 0.3134328 0.2329148 0.3308542 0.2875317 0.2971511 0.4312466 0.3559331 0.4520928 0.2332826 0.2360191 0.3604904 0.2375681 0.2858410 0.5781029 0.2984103 0.2474057 0.2649606 0.2564476 0.2508148 0.2836280 0.3148025 0.2878643 0.3003156 0.2019871 0.2790762 0.1478907 0.2999728 0.4389103 0.6231895 0.6132115 0.2344754 0.2690498 0.3080391 0.2582435 0.4645062 0.2995293 0.2859673 0.2918273 0.2229824 0.4381491 0.4991568 0.2640241 0.6543615 0.0391872 0.3571829 0.7222029 0.2219978 0.2969200 0.4587755 0.5088993 0.2154436 0.7306807 0.2267947 0.4457129 0.4897240 0.4968420 0.2408680 0.2625551 0.2457134 0.3113336 0.2251252 0.2483577 0.4653570 0.7868423 0.1798426 0.2402730 
Cardiocondyla_obscurior_Genome       0.0850710 0.2850429 0.2750135 0.7176887 0.0849662 0.2570388 0.2560100 0.1200973 0.0000000 0.4820179 0.1309980 0.7368891 0.7466828 0.7213226 0.2760399 0.2510951 0.2470030 0.1502177 0.1209624 0.2663673 0.2637668 0.6962688 0.0835101 0.6411001 0.7137483 0.0880739 0.0800360 0.9139278 0.0774878 0.0766973 0.7196455 0.2669556 0.3363886 0.2564802 0.2259797 0.2696329 0.2604512 0.2667324 0.6702315 0.2829825 0.2714937 0.1701775 0.2585728 0.2463180 0.3019914 0.6206596 0.2440104 0.6094561 0.2560975 0.2493311 0.2497084 0.2781338 0.2770560 0.2602855 0.3515900 0.2865780 0.2671143 0.2671558 0.2401201 0.2913789 0.2401850 0.2538258 0.3422854 0.3127213 0.2619165 0.2806833 0.2945346 0.3946795 0.3293984 0.3850828 0.5892177 0.3097212 0.3748843 0.3162266 0.2754295 0.3865401 0.2824679 0.4291733 0.2732093 0.2496825 0.2470322 0.4938480 0.5275239 0.5867453 0.2892524 0.3616515 0.2625001 0.2692279 0.2536172 0.5180898 0.2789006 0.2543249 0.3405191 0.2758644 0.6765132 0.2740004 0.3588441 0.3532281 0.3736552 0.6237624 0.3163297 0.2604638 0.2875188 0.5649688 0.6871874 0.2521604 0.3065595 0.3223869 0.5394012 0.4521684 0.3096450 0.4621896 0.3241226 0.2536607 0.5296572 0.2755050 0.2779657 0.2301914 0.2850616 0.2734634 0.2948634 0.3119050 0.2380205 0.3431722 0.2996442 0.3119838 0.4269484 0.3797564 0.4558257 0.2372226 0.2512351 0.3706093 0.2392287 0.2973274 0.5742425 0.3158993 0.2723708 0.2593001 0.2738654 0.2698242 0.2995213 0.3302146 0.2869582 0.3202042 0.2231218 0.2932486 0.1606969 0.2966651 0.4344253 0.6285560 0.6274967 0.2405425 0.2814421 0.3025839 0.2628526 0.4813257 0.3202077 0.2977855 0.3101249 0.2406522 0.4436225 0.5118130 0.2602567 0.6372752 0.1117324 0.3747306 0.6621009 0.2283935 0.3235874 0.4715033 0.5092765 0.2276676 0.7655208 0.2309371 0.4647047 0.4786462 0.5085071 0.2489813 0.2828935 0.2524384 0.3117615 0.2322671 0.2497926 0.4802143 0.7728530 0.1836040 0.2521016 
Cephus_cinctus_Genome                0.4663400 0.4327964 0.4318107 0.6427499 0.4375598 0.3980987 0.4199058 0.4495655 0.4820179 0.0000000 0.4517499 0.7627742 0.7818417 0.7606462 0.4297426 0.4063171 0.3988694 0.4589733 0.4430990 0.4194182 0.4351959 0.7391091 0.4538252 0.6758506 0.6224655 0.4494171 0.4638057 0.9815406 0.4687626 0.4647210 0.6566006 0.4408947 0.4886172 0.4268956 0.3543211 0.4335450 0.4128992 0.4123572 0.6639720 0.4334035 0.4180427 0.2621486 0.4152678 0.3941799 0.4566710 0.6555978 0.4123712 0.6604968 0.4075962 0.3981995 0.3976787 0.4289136 0.4332398 0.4141108 0.4905673 0.4393496 0.4154803 0.4289802 0.4071701 0.4406755 0.3981132 0.4158118 0.4805486 0.4698897 0.4268398 0.4422193 0.4599527 0.5094324 0.4545274 0.5047748 0.6155533 0.4696126 0.4982433 0.4821437 0.4376673 0.4905600 0.4331828 0.0737359 0.4344716 0.4079110 0.4160985 0.4847199 0.5368489 0.6231405 0.4455806 0.5082132 0.4175129 0.4244260 0.4233549 0.5576102 0.4462020 0.4036356 0.4613671 0.4143166 0.7153292 0.4325943 0.4799133 0.4888545 0.4892730 0.6362127 0.4753146 0.3813701 0.4287887 0.5881627 0.5982520 0.4239094 0.4613140 0.4878769 0.4921898 0.5341995 0.4540057 0.4609603 0.4520383 0.4093852 0.5827382 0.4321031 0.4426003 0.3838100 0.4604771 0.4171392 0.4611138 0.4595298 0.3901794 0.4398208 0.4527545 0.4389615 0.4839857 0.5193735 0.4715641 0.3980244 0.4159243 0.4922072 0.4213820 0.4577064 0.6476021 0.4519144 0.4222694 0.4081270 0.4259955 0.4221578 0.4162355 0.4709764 0.4442490 0.4448306 0.3649780 0.4474402 0.4426755 0.4414239 0.5076693 0.5725530 0.6811435 0.3820998 0.4298338 0.4601368 0.4274051 0.4297086 0.4753979 0.4559007 0.4509417 0.3984451 0.3911019 0.4788895 0.4208809 0.6664507 0.4327613 0.4976162 0.6469070 0.4023508 0.3195981 0.4860822 0.5653252 0.3760529 0.7792738 0.4078869 0.5048966 0.5403326 0.5056039 0.3970540 0.4287846 0.3951432 0.4471194 0.3166208 0.3973094 0.5028620 0.7553679 0.2598768 0.4123575 
Cerapachys_biroi_Genome              0.1184010 0.2672376 0.2715883 0.7215475 0.1209137 0.2465351 0.2448908 0.1219305 0.1309980 0.4517499 0.0000000 0.6967519 0.7467878 0.6881961 0.2632209 0.2338975 0.2392638 0.1365182 0.1084159 0.2608263 0.2585338 0.6945589 0.1195492 0.6103656 0.6594296 0.1188469 0.1096821 0.8919183 0.1119433 0.1114771 0.6952673 0.2658143 0.3279191 0.2501092 0.2197111 0.2452447 0.2429379 0.2588542 0.6493196 0.2617835 0.2694128 0.1754339 0.2502897 0.2386854 0.2907259 0.6108644 0.2371331 0.6141853 0.2564951 0.2327979 0.2384497 0.2749960 0.2780847 0.2519877 0.3713407 0.2756247 0.2795778 0.2648643 0.2386910 0.2786613 0.2387012 0.2367684 0.3349711 0.3133402 0.2487834 0.2501707 0.2934844 0.4024192 0.3012318 0.3957841 0.5450006 0.3084260 0.3567081 0.3109073 0.2695078 0.4067971 0.2840678 0.4462691 0.2584189 0.2482178 0.2402618 0.4790463 0.5226060 0.5880424 0.2758069 0.3469450 0.2492486 0.2573921 0.2492201 0.5243149 0.2559038 0.2490612 0.3320570 0.2731487 0.6920147 0.2502349 0.3611337 0.3313895 0.3585607 0.5948510 0.3179868 0.2601438 0.2778575 0.5762478 0.6711919 0.2244708 0.2954493 0.3106870 0.5219178 0.4505169 0.2988201 0.4362770 0.3013289 0.2437981 0.5202230 0.2849351 0.2611502 0.2230143 0.2856596 0.2548067 0.2821246 0.3166078 0.2323606 0.3206331 0.2860695 0.3177884 0.4562289 0.3441384 0.4656962 0.2374199 0.2428306 0.3694092 0.2431236 0.2869439 0.5645168 0.2999025 0.2533642 0.2582761 0.2571580 0.2489769 0.2870115 0.3161655 0.2752141 0.3013490 0.2207835 0.2827589 0.1464747 0.2868332 0.4412878 0.6358761 0.6147421 0.2282715 0.2674336 0.3117640 0.2565002 0.4793693 0.3002500 0.2821035 0.2936004 0.2211724 0.4214300 0.4949649 0.2637661 0.6373663 0.1073097 0.3599202 0.6676101 0.2247269 0.3054175 0.4790335 0.5084301 0.2254489 0.7912546 0.2281743 0.4428906 0.4791107 0.4894514 0.2489185 0.2653916 0.2474262 0.3000551 0.2502991 0.2521307 0.4956210 0.8364364 0.1684850 0.2512036 
Ceratosolen_solmsi_Genome            0.7072430 0.6654849 0.6523134 0.9974615 0.6774152 0.6350914 0.6469241 0.7114257 0.7368891 0.7627742 0.6967519 0.0000000 0.7008367 1.0059885 0.6749818 0.6284377 0.6406827 0.7116609 0.7024343 0.6596471 0.6499297 1.0054106 0.6936564 0.4678987 0.9207599 0.6968135 0.7010147 0.9175445 0.6843792 0.7081360 0.9870360 0.6564427 0.7131600 0.6712149 0.5689029 0.6712925 0.6451709 0.6216383 0.9718354 0.6561577 0.6544258 0.4157377 0.6226863 0.6216631 0.6952134 0.3985006 0.6500106 0.8907653 0.6491521 0.6406525 0.5944270 0.6839242 0.6563357 0.6409956 0.7381318 0.7089994 0.6908879 0.6499191 0.5804323 0.6556622 0.6005473 0.6327628 0.7082967 0.6876766 0.6595826 0.6809993 0.7041326 0.7713198 0.7391124 0.7269674 0.7986133 0.6878293 0.7080270 0.7302648 0.6963667 0.7312450 0.6534800 0.7370511 0.6607649 0.6325079 0.6367405 0.7135761 0.7406238 0.4001393 0.7061288 0.6848655 0.6199834 0.6410766 0.6433711 0.7527483 0.6481167 0.6372527 0.6726149 0.6010270 0.8516148 0.6877705 0.7334109 0.7090540 0.7168065 0.4276254 0.7288398 0.5914139 0.7230224 0.4198862 0.9720702 0.6622174 0.7396559 0.7274242 0.8794186 0.7961674 0.6222500 0.6939834 0.6721614 0.6443751 0.7614084 0.6741320 0.6869983 0.6406850 0.7033346 0.6432154 0.7211793 0.6498422 0.6119148 0.6465635 0.6912041 0.6679079 0.7770342 0.7581369 0.6970510 0.6176040 0.6295000 0.7927736 0.6466556 0.6824590 0.8503956 0.7317101 0.6509441 0.6532947 0.6494908 0.6697149 0.6656374 0.7031305 0.7139712 0.6831799 0.5931004 0.6832500 0.7347304 0.6868805 0.7704116 0.9300629 0.4345030 0.5804722 0.6858646 0.6725231 0.6386703 0.7674094 0.7074181 0.6944356 0.6314198 0.6469392 0.7438201 0.7916492 0.6787742 0.9251356 0.6807995 0.7549037 0.9855978 0.6232215 0.4494938 0.7096616 0.6456928 0.5703282 0.6827184 0.6446529 0.7438444 0.8242569 0.7963194 0.6216777 0.6923207 0.6196244 0.7496079 0.4611385 0.6577566 0.6632703 1.1304195 0.4240366 0.6734397 
Copidosoma_floridanum_Genome         0.7589617 0.7489844 0.6901229 1.1041922 0.7553393 0.7026922 0.7204334 0.7254840 0.7466828 0.7818417 0.7467878 0.7008367 0.0000000 1.0660612 0.7261873 0.6863831 0.7139178 0.7352677 0.7390208 0.7264958 0.6969039 1.1237282 0.7592642 0.5901678 1.0490544 0.7624384 0.7356811 0.9501651 0.7455343 0.7419693 1.0801990 0.7397653 0.7859133 0.7312056 0.6664905 0.7339491 0.6892878 0.7501540 1.0273956 0.6923391 0.7235193 0.4985592 0.7450766 0.7097251 0.7470561 0.5669524 0.7183974 0.9272564 0.7323770 0.7053560 0.6751619 0.7371211 0.7327202 0.7291841 0.8172483 0.7497271 0.7468767 0.7179274 0.6710644 0.7439708 0.6660589 0.6933090 0.8206877 0.7693597 0.6956160 0.7221164 0.8064140 0.8266052 0.8209713 0.8219413 0.9545266 0.7738851 0.8344384 0.8367153 0.7629237 0.8240986 0.7526196 0.8047092 0.7098335 0.7130757 0.6908721 0.8611390 0.9170155 0.5645728 0.7218709 0.7675561 0.7202211 0.7068784 0.7266111 0.8829132 0.6926020 0.6978731 0.7655168 0.7378607 0.9897481 0.7293866 0.7928902 0.7611773 0.7860306 0.5864543 0.7854426 0.6787807 0.7425260 0.5296499 1.0364834 0.7168191 0.8057935 0.7632457 0.9181111 0.8268959 0.7756429 0.7954235 0.7281695 0.7128393 0.8984821 0.8113929 0.7062480 0.7412838 0.7512360 0.7340298 0.7780860 0.7653197 0.6923858 0.7435713 0.7285113 0.7086661 0.8454623 0.7756528 0.8635454 0.6735459 0.7335686 0.8191310 0.7128722 0.7304494 0.8659341 0.7607114 0.7065186 0.6970847 0.7472873 0.7174112 0.7450186 0.7969708 0.7445889 0.7670634 0.6738235 0.7215175 0.7800618 0.7920862 0.8557356 1.0168820 0.5976361 0.6678601 0.7480345 0.7604016 0.7392343 0.8426221 0.7669998 0.7566755 0.7474481 0.7335327 0.8399603 0.8319039 0.7048183 0.9710568 0.7374673 0.8502828 1.0644965 0.7183629 0.5761314 0.8185150 0.7869811 0.6608520 0.7713253 0.7564287 0.8896051 0.9325821 0.9213779 0.7093463 0.7681029 0.7127187 0.7787116 0.5374514 0.7440920 0.8321986 1.1783715 0.4709288 0.7356138 
Cotesia_vestalis_Genome              0.7073280 0.6758775 0.7145808 1.0321659 0.6831163 0.6683864 0.6619321 0.7238545 0.7213226 0.7606462 0.6881961 1.0059885 1.0660612 0.0000000 0.6857688 0.6672255 0.6545526 0.7440460 0.7120125 0.7065305 0.6891993 0.1646175 0.7147108 0.9376044 1.0100161 0.7360822 0.6827605 1.2191657 0.7214366 0.7061465 0.9567144 0.6683309 0.7837544 0.7231356 0.6402860 0.6643120 0.6825465 0.6393045 0.9651187 0.6919431 0.7206016 0.4665005 0.6718157 0.6643243 0.7727165 0.8943535 0.6989886 0.8081654 0.6748757 0.6834917 0.6791543 0.7376934 0.7284779 0.7057945 0.7742631 0.7188605 0.6940435 0.6916737 0.6717472 0.7462515 0.6909066 0.6675028 0.7355525 0.7182882 0.7036869 0.7102798 0.7125906 0.7559275 0.7266385 0.7618822 0.6244937 0.7439901 0.7624678 0.7444746 0.7159903 0.7371985 0.7439295 0.7464162 0.7260528 0.6658940 0.6779238 0.7463956 0.7307458 0.9210687 0.7259527 0.7702363 0.6658313 0.6812701 0.7015598 0.8394595 0.6936692 0.7069332 0.6618966 0.6257598 0.1036418 0.6796229 0.7495742 0.7142158 0.7465164 0.8449855 0.7338184 0.6294410 0.7120348 0.8146137 0.9792310 0.6797997 0.7414876 0.7492508 0.8148832 0.8021279 0.6969976 0.7197654 0.7427581 0.6885042 0.7860350 0.7104729 0.6934078 0.6805541 0.7767474 0.6688053 0.7480450 0.6735067 0.7052273 0.6754779 0.6890528 0.6613794 0.7916337 0.8041695 0.7539956 0.6432186 0.6581760 0.7667360 0.6481702 0.7386395 0.9176101 0.7461552 0.6852725 0.7338049 0.7014912 0.6816669 0.7183278 0.7634262 0.7453244 0.7438947 0.6238453 0.7398771 0.7688410 0.7268839 0.7651820 0.9699236 0.8951548 0.5974799 0.7104344 0.7494942 0.6882143 0.8099204 0.7386465 0.7271185 0.6767520 0.6280451 0.7591287 0.8190832 0.6968520 0.7100441 0.7041756 0.7484130 0.9739277 0.6552192 0.4484521 0.7796392 0.8087755 0.6205519 1.0284277 0.6440544 0.7702967 0.8065431 0.8166636 0.6490170 0.6553332 0.6665965 0.7359195 0.4779268 0.6587818 0.7134109 0.9926778 0.3880350 0.7192736 
Dufourea_novaeangliae_Genome         0.2553195 0.1492782 0.2559430 0.6490316 0.2625448 0.1141804 0.1227813 0.2533041 0.2760399 0.4297426 0.2632209 0.6749818 0.7261873 0.6857688 0.0000000 0.1113427 0.1129141 0.2534484 0.2549551 0.1286713 0.1297370 0.6757579 0.2510776 0.5817236 0.6278883 0.2604857 0.2504914 0.8491439 0.2543774 0.2661741 0.6505569 0.1048254 0.2703264 0.1956021 0.0933957 0.1153152 0.1093932 0.2473241 0.6456043 0.1030754 0.0989329 0.1622102 0.1720786 0.1173050 0.2712595 0.5947906 0.0956231 0.6057758 0.1256436 0.0954650 0.1069351 0.1567323 0.2036060 0.1869574 0.3462183 0.2564753 0.2434776 0.1347848 0.0956594 0.2530991 0.0949847 0.1121130 0.3137221 0.2925050 0.1250884 0.0996673 0.1635114 0.3617594 0.2692612 0.3448117 0.5665733 0.2839052 0.3324695 0.1902942 0.1528322 0.3566735 0.1067608 0.4189836 0.1322606 0.1862968 0.1014896 0.4611876 0.4781645 0.5861916 0.1509462 0.3236359 0.1297095 0.1287311 0.1364239 0.4688998 0.1315235 0.1231834 0.2924357 0.2620054 0.6570825 0.1780878 0.3162423 0.3268598 0.3154289 0.5921128 0.2985405 0.2319093 0.2538019 0.5197692 0.6278755 0.0931209 0.2199671 0.2953524 0.4811187 0.4267703 0.2762721 0.4369058 0.2978033 0.1248490 0.5045467 0.2476795 0.1321073 0.1404730 0.2245558 0.1356110 0.2288529 0.2895783 0.1502034 0.3052246 0.2661698 0.2357783 0.4220450 0.3515125 0.4408020 0.1985842 0.1116238 0.3350323 0.1631276 0.2697966 0.5339233 0.2811696 0.1121212 0.1860963 0.2394596 0.2288842 0.2549084 0.2909797 0.2213669 0.2830994 0.1444742 0.1091026 0.2692035 0.2206842 0.4035741 0.6132411 0.5949186 0.0893855 0.1415619 0.2781792 0.1297494 0.4368682 0.2897642 0.2283726 0.2728431 0.0914796 0.3877387 0.4801297 0.1351586 0.6084987 0.2506742 0.3336316 0.6500564 0.1438261 0.2853517 0.4431417 0.4873987 0.1069132 0.7078635 0.0930721 0.4362422 0.4772121 0.4807260 0.1269878 0.2449284 0.0354433 0.2833976 0.2092324 0.2214128 0.4749888 0.7251113 0.1620383 0.1584826 
Eufriesea_mexicana_Genome            0.2204054 0.0874645 0.2246354 0.6663980 0.2356032 0.0526685 0.0542920 0.2385128 0.2510951 0.4063171 0.2338975 0.6284377 0.6863831 0.6672255 0.1113427 0.0000000 0.0708321 0.2371591 0.2230117 0.1042312 0.0710608 0.6772053 0.2316241 0.5709267 0.5958118 0.2398374 0.2230371 0.8059809 0.2238484 0.2243756 0.6606600 0.1261342 0.2565917 0.1853778 0.0940489 0.1058166 0.0984434 0.2321116 0.6328350 0.1152235 0.1246691 0.1452042 0.1564092 0.0550495 0.2512681 0.5546966 0.0932603 0.5548323 0.1062155 0.0913061 0.0504194 0.1134389 0.1901828 0.1683817 0.3226981 0.2303001 0.2255679 0.1071861 0.0935418 0.2340936 0.0927386 0.0567473 0.2845967 0.2613130 0.1092939 0.1169212 0.1417045 0.3537268 0.2492489 0.3337183 0.5478790 0.2540254 0.3128037 0.1518605 0.1038442 0.3403907 0.1314211 0.3940346 0.1043994 0.1648094 0.0978004 0.4313557 0.4606106 0.5316261 0.1215358 0.3113746 0.1048722 0.0722398 0.1172006 0.4505497 0.1019196 0.1052746 0.2679769 0.2376496 0.6253403 0.1628754 0.3037013 0.2784081 0.2890542 0.5541689 0.2672345 0.2109303 0.2283613 0.5071794 0.6115016 0.0881193 0.2083755 0.2707977 0.4647676 0.3732523 0.2620283 0.3922047 0.2627933 0.0952302 0.4772280 0.2401875 0.1254048 0.1247931 0.2017688 0.0727509 0.2092515 0.2654231 0.1304393 0.2806759 0.2342791 0.2216429 0.4125450 0.3124663 0.4096501 0.1808759 0.1014057 0.3083709 0.1422904 0.2419341 0.4956407 0.2614196 0.1043996 0.1737176 0.2130497 0.2115177 0.2320604 0.2680220 0.1991643 0.2632028 0.1357772 0.1323041 0.2463083 0.2102882 0.3671827 0.6144191 0.5931412 0.1062558 0.0994654 0.2560159 0.1075068 0.4017185 0.2653687 0.2037807 0.2396285 0.0916183 0.3971141 0.4337043 0.0842012 0.5991837 0.2259215 0.3106826 0.6486128 0.1255559 0.2712181 0.4180650 0.4648038 0.0111799 0.6732556 0.0920380 0.4117064 0.4392598 0.4461285 0.0812141 0.2315251 0.1077775 0.2701094 0.1851988 0.2028627 0.4436228 0.6702023 0.1493461 0.1469620 
Habropoda_laboriosa_Genome           0.2396335 0.1046748 0.2375224 0.6501630 0.2431793 0.0751234 0.0742701 0.2404502 0.2470030 0.3988694 0.2392638 0.6406827 0.7139178 0.6545526 0.1129141 0.0708321 0.0000000 0.2352029 0.2254698 0.1015352 0.0910908 0.6677057 0.2401170 0.5543533 0.6320237 0.2435434 0.2249444 0.8112441 0.2301791 0.2253369 0.6756222 0.1276955 0.2552827 0.1857157 0.0928188 0.1078591 0.1013596 0.2381032 0.6130567 0.1203194 0.1252655 0.1569029 0.1639391 0.0728479 0.2537114 0.5532409 0.0967175 0.5733032 0.1157765 0.0938757 0.0663380 0.1176350 0.1885513 0.1811023 0.3411697 0.2334844 0.2363663 0.1177004 0.1008287 0.2480294 0.0938882 0.0689583 0.2944894 0.2711212 0.1197232 0.1179948 0.1406859 0.3812985 0.2384384 0.3430716 0.5789407 0.2637297 0.3223151 0.1496049 0.1097343 0.3642600 0.1335459 0.4118469 0.1097212 0.1786330 0.1008047 0.4332466 0.4893344 0.5368228 0.1270301 0.3294118 0.1104532 0.0775631 0.1178627 0.4630078 0.1021747 0.1092992 0.2984995 0.2373205 0.6353514 0.1720500 0.3073996 0.2677935 0.2988615 0.5859707 0.2679686 0.2064122 0.2424610 0.5091437 0.5934830 0.0890566 0.2172610 0.2664505 0.4685198 0.3921456 0.2600337 0.3979570 0.2799456 0.0959546 0.4965730 0.2398552 0.1290768 0.1351230 0.2042774 0.0958932 0.2189312 0.2590235 0.1355158 0.2945852 0.2445337 0.2291888 0.4120657 0.3157308 0.4318917 0.1895115 0.1035104 0.3102378 0.1480524 0.2510399 0.5255268 0.2604505 0.1071956 0.1934920 0.2260280 0.2184579 0.2505728 0.2765973 0.2038166 0.2879944 0.1452915 0.1283672 0.2524618 0.2215402 0.3655435 0.6051044 0.5896309 0.1156272 0.1144710 0.2453037 0.1126422 0.4153828 0.2679705 0.2156246 0.2518507 0.0919095 0.3932578 0.4458522 0.0965928 0.6361338 0.2510370 0.3387269 0.6494869 0.1355535 0.3005016 0.4321080 0.5098586 0.0729156 0.6239664 0.1039903 0.4586687 0.4856203 0.4547212 0.0477012 0.2512434 0.1115467 0.2788257 0.2075042 0.2263305 0.4448356 0.6891992 0.1682204 0.1622448 
Harpegnathos_saltator_Genome         0.1359745 0.2575057 0.2658627 0.7007380 0.1402809 0.2493846 0.2475256 0.1372512 0.1502177 0.4589733 0.1365182 0.7116609 0.7352677 0.7440460 0.2534484 0.2371591 0.2352029 0.0000000 0.1284894 0.2520407 0.2489861 0.7575421 0.1376806 0.6334802 0.6714093 0.1393511 0.1261081 0.9095116 0.1270865 0.1325401 0.7178671 0.2598865 0.3282710 0.2454948 0.2154841 0.2485362 0.2310697 0.2639976 0.6791826 0.2543228 0.2634308 0.1852408 0.2560540 0.2393527 0.2837068 0.6132120 0.2365117 0.6703325 0.2552497 0.2453192 0.2367224 0.2789890 0.2668803 0.2593949 0.3778824 0.2813522 0.2713141 0.2615351 0.2294703 0.2786731 0.2286952 0.2420075 0.3094004 0.3152556 0.2492995 0.2631351 0.3000692 0.3995109 0.3129397 0.3920896 0.5688828 0.3096001 0.3706235 0.3136614 0.2785270 0.3862434 0.2679100 0.4628882 0.2617581 0.2380510 0.2291258 0.4996784 0.5018879 0.5865004 0.2818107 0.3541118 0.2419896 0.2495582 0.2469558 0.5026797 0.2504577 0.2417338 0.3259615 0.2725129 0.7224270 0.2527205 0.3581430 0.3334111 0.3586421 0.6226091 0.3144407 0.2369101 0.2790759 0.5300267 0.6751413 0.2360065 0.2999677 0.3137952 0.5302262 0.4343785 0.3049053 0.4435395 0.3165303 0.2459256 0.5293075 0.2847491 0.2700821 0.2300403 0.2812136 0.2588088 0.2875116 0.3139893 0.2285644 0.3393136 0.2855360 0.2851033 0.4363945 0.3548321 0.4870367 0.2263268 0.2470296 0.3507353 0.2381115 0.2902293 0.5608673 0.3019178 0.2504858 0.2473477 0.2592348 0.2666280 0.2836145 0.3220694 0.2844444 0.3171822 0.2053008 0.2667871 0.1335444 0.2999728 0.4541821 0.6540096 0.6120698 0.2270989 0.2740064 0.3039464 0.2591909 0.4755072 0.3145520 0.3020158 0.2941132 0.2296418 0.4190287 0.4859552 0.2639013 0.6330946 0.1310650 0.3693141 0.6967524 0.2170722 0.3037806 0.4524665 0.5039375 0.2232660 0.7635563 0.2357966 0.4690113 0.4906499 0.5045547 0.2458666 0.2781743 0.2464399 0.3151202 0.2336763 0.2507751 0.5004311 0.7799546 0.1677971 0.2533958 
Linepithema_humile_Genome            0.0984252 0.2622709 0.2598841 0.6858724 0.0961853 0.2331376 0.2409118 0.0974146 0.1209624 0.4430990 0.1084159 0.7024343 0.7390208 0.7120125 0.2549551 0.2230117 0.2254698 0.1284894 0.0000000 0.2387088 0.2423677 0.7091103 0.1021209 0.6104072 0.6366355 0.1020865 0.0936516 0.8665614 0.0949496 0.0927446 0.6885477 0.2538812 0.3118910 0.2390853 0.2124769 0.2379939 0.2400266 0.2617078 0.6643116 0.2510145 0.2584843 0.1794971 0.2388401 0.2337044 0.2665554 0.6011103 0.2222725 0.6147944 0.2404970 0.2205027 0.2281782 0.2597984 0.2643375 0.2393891 0.3506238 0.2682303 0.2600138 0.2507475 0.2197410 0.2653843 0.2270951 0.2317250 0.3300379 0.2969881 0.2262604 0.2511763 0.2736251 0.4097235 0.3012245 0.3762466 0.5356551 0.3020473 0.3413938 0.2972754 0.2520367 0.3857249 0.2646015 0.4299357 0.2515316 0.2464890 0.2294986 0.4563155 0.5028701 0.6035748 0.2496078 0.3535926 0.2416835 0.2462122 0.2388710 0.4972810 0.2484999 0.2388982 0.3198135 0.2612013 0.6305575 0.2441631 0.3312309 0.3390271 0.3487465 0.5946780 0.2992921 0.2483809 0.2660954 0.5716196 0.6374427 0.2149096 0.2778812 0.3052983 0.5056940 0.4252471 0.2909479 0.4241896 0.3045969 0.2326673 0.5051703 0.2727038 0.2550311 0.2034063 0.2769094 0.2463793 0.2778794 0.3020945 0.2193323 0.3113566 0.2899447 0.2913147 0.4342737 0.3368831 0.4587279 0.2184146 0.2303624 0.3421247 0.2252995 0.2669067 0.5635518 0.2842809 0.2454653 0.2536537 0.2443169 0.2360507 0.2647907 0.3162553 0.2714020 0.2954045 0.1944634 0.2799773 0.1327351 0.2731441 0.4270044 0.5962466 0.5933015 0.2218493 0.2514106 0.2836436 0.2470733 0.4679675 0.3014681 0.2710870 0.2887800 0.2127794 0.4089030 0.4817666 0.2508962 0.6298726 0.0884490 0.3528214 0.6546134 0.2086934 0.2985884 0.4542380 0.4842331 0.2114417 0.7449331 0.2224503 0.4336969 0.4644645 0.4795276 0.2309713 0.2614108 0.2270256 0.3035773 0.2386366 0.2410557 0.4909420 0.7766636 0.1767108 0.2377973 
Megachile_rotundata_Genome           0.2380721 0.1308169 0.2553598 0.6629002 0.2557272 0.1039640 0.1046075 0.2439816 0.2663673 0.4194182 0.2608263 0.6596471 0.7264958 0.7065305 0.1286713 0.1042312 0.1015352 0.2520407 0.2387088 0.0000000 0.1210348 0.6797713 0.2456595 0.5758354 0.6529909 0.2601374 0.2414760 0.8160238 0.2394128 0.2404144 0.6219396 0.1447096 0.2710273 0.2059296 0.1077666 0.1217083 0.1187137 0.2388036 0.6313915 0.1377891 0.1474882 0.1582623 0.1717092 0.0994382 0.2585753 0.5911371 0.1082669 0.5986331 0.1245052 0.1117197 0.0998182 0.1418718 0.2018148 0.1854411 0.3479501 0.2483041 0.2391394 0.0270915 0.1117113 0.2537903 0.1117662 0.0972879 0.3028729 0.2997473 0.1224565 0.1305097 0.1139680 0.3707358 0.2530837 0.3567068 0.5454193 0.2974974 0.3311564 0.1793053 0.1337840 0.3586591 0.1505781 0.4142223 0.0599636 0.1809939 0.1112083 0.4444674 0.4751534 0.5526145 0.1073580 0.3287042 0.1269132 0.1089037 0.1384847 0.4612640 0.0168339 0.1266475 0.2837693 0.2557786 0.6308000 0.1777617 0.3152943 0.3121821 0.3248354 0.5586002 0.2861140 0.2239494 0.2478228 0.5234079 0.6472255 0.1037937 0.2187563 0.2784783 0.4847534 0.4138752 0.2649996 0.4298494 0.2712381 0.0756673 0.5020639 0.2493719 0.1413594 0.1413372 0.2143588 0.1205754 0.2226887 0.2790464 0.1547616 0.2897897 0.2588946 0.2309733 0.4162126 0.3312589 0.4348672 0.1910185 0.1142524 0.3352451 0.1523209 0.2557878 0.5304877 0.2787679 0.1226362 0.1914913 0.2371310 0.2264843 0.2439148 0.2777607 0.2182590 0.2866648 0.1448683 0.1448317 0.2676824 0.2165375 0.4024576 0.5987012 0.5945513 0.1230392 0.1342096 0.2789962 0.0655811 0.4348130 0.2773817 0.2198173 0.2525413 0.1059802 0.3929652 0.4680902 0.1238278 0.5899728 0.2308277 0.3518553 0.6452952 0.1444917 0.2874713 0.4381113 0.4635421 0.0966619 0.7000922 0.1069602 0.4153083 0.4709529 0.4863779 0.1110735 0.2465109 0.1219414 0.2737265 0.1972041 0.2211751 0.4373026 0.7212864 0.1630616 0.1651473 
