55
eleutheronema_tetradactylum  0.00000000 0.03373567 0.13123497 0.03983561 0.04554914 0.06078532 0.03354732 0.03080185 0.03557076 0.16696026 0.03432260 0.09593589 0.05624775 0.25940924 0.04678525 0.03049495 0.04731535 0.03224440 0.04999380 0.04779360 0.07410807 0.03660341 0.03558682 0.03325749 0.08330696 0.09889268 0.05913487 0.11499755 0.04863765 0.03448043 0.07104758 0.11348978 0.08640837 0.06506171 0.03259685 0.00807321 0.06582410 0.03173387 0.03438571 0.03680477 0.03435903 0.04236546 0.05395590 0.04995358 0.03109279 0.04240412 0.03214895 0.04083146 0.06828961 0.04848425 0.03661811 0.05142152 0.25644963 0.03600245 0.13411837 
sphyranea_sphyranea          0.03373567 0.00000000 0.12290143 0.03459847 0.03991659 0.05453454 0.02909776 0.02536172 0.03038723 0.16039517 0.02879580 0.09182714 0.05045471 0.25141267 0.04098516 0.02512958 0.04237197 0.02585022 0.04417101 0.04218151 0.06759077 0.03151464 0.01774077 0.02884635 0.07766701 0.09185706 0.05308808 0.10777929 0.04293124 0.02953409 0.06483058 0.10697791 0.08017604 0.05926472 0.02680376 0.03379442 0.05897720 0.02626966 0.02905504 0.03101967 0.02925003 0.03654182 0.04828730 0.04482742 0.02489668 0.03641962 0.02581931 0.03461314 0.06249990 0.04250893 0.03091564 0.04533988 0.24518795 0.03052018 0.12893198 
lampris_guttatus             0.13123497 0.12290143 0.00000000 0.13109179 0.13209498 0.14738414 0.11895055 0.12473296 0.12776550 0.18026677 0.12560292 0.17782499 0.13442160 0.26462292 0.12687899 0.12341753 0.12149695 0.12152382 0.13078179 0.13767042 0.15513673 0.12839048 0.12267297 0.12301094 0.16727487 0.17679183 0.14587299 0.18198325 0.13832024 0.12740013 0.10942587 0.18681592 0.15611825 0.15090193 0.12521187 0.13038810 0.14846082 0.12328993 0.12457523 0.12969119 0.12688100 0.13476016 0.13125526 0.13957954 0.12259270 0.13492406 0.12457447 0.13142800 0.15575004 0.13875413 0.12964396 0.13868663 0.31131634 0.12818320 0.21170496 
citharoides_macrolepis       0.03983561 0.03459847 0.13109179 0.00000000 0.04414171 0.05311527 0.03523873 0.03208561 0.03699032 0.16656561 0.03556455 0.08913585 0.05777341 0.25777313 0.04888611 0.03234534 0.04091221 0.03311476 0.05120173 0.04018135 0.06461316 0.03788609 0.03573486 0.03505866 0.07573245 0.08926990 0.05144931 0.10521864 0.04084893 0.03581182 0.07156063 0.10344317 0.08650764 0.05664382 0.03339784 0.04011767 0.03498747 0.03317773 0.03498748 0.03797421 0.03575890 0.04357406 0.05571653 0.04255373 0.03256933 0.04337824 0.03295535 0.04176488 0.06100402 0.04972207 0.03832675 0.04405920 0.25568755 0.03685302 0.12531686 
psettodes_eneumeri           0.04554914 0.03991659 0.13209498 0.04414171 0.00000000 0.06326864 0.03971901 0.03635113 0.04156750 0.16923086 0.04093049 0.09973726 0.06197886 0.26009907 0.05312875 0.03740780 0.05164593 0.03824634 0.05626044 0.05249689 0.07765693 0.04279729 0.04122279 0.04027393 0.08652512 0.10090457 0.06164923 0.11453979 0.05322465 0.04107746 0.07651197 0.11367966 0.09115443 0.06778688 0.03908209 0.04558838 0.06612879 0.03836029 0.04091907 0.04360159 0.04108331 0.04862444 0.06017571 0.05526338 0.03771390 0.04860693 0.03808510 0.04715849 0.07238193 0.05509604 0.04320201 0.05541055 0.25296106 0.04181137 0.13354966 
mancopsetta_milfordi         0.06078532 0.05453454 0.14738414 0.05311527 0.06326864 0.00000000 0.05522093 0.05236072 0.05701919 0.18588133 0.05640952 0.10103479 0.07850082 0.27526490 0.06879531 0.05281327 0.05329664 0.05343863 0.07184732 0.05533524 0.07925273 0.05839933 0.05613955 0.05528302 0.08586338 0.10276538 0.00148999 0.11628816 0.05584957 0.05661553 0.09217894 0.11355994 0.10453804 0.06720368 0.05431348 0.06124316 0.07402090 0.05335504 0.05566961 0.05941425 0.05647367 0.06489005 0.07580747 0.05826437 0.05382768 0.06432727 0.05308317 0.06139567 0.07354015 0.06974566 0.05880731 0.05681396 0.27371506 0.05743026 0.13687670 
decapterus_maruadsi          0.03354732 0.02909776 0.11895055 0.03523873 0.03971901 0.05522093 0.00000000 0.01694485 0.01108437 0.15183246 0.02153456 0.08862364 0.04985891 0.24369290 0.04109799 0.02595838 0.04359453 0.02697955 0.04307902 0.04204440 0.06661355 0.01212249 0.03002182 0.00957482 0.07638992 0.08835254 0.05347031 0.10512433 0.04312748 0.00971397 0.06357328 0.10279909 0.07822702 0.05774335 0.01981223 0.03401495 0.05879994 0.01918474 0.00556010 0.03190039 0.02154264 0.03687529 0.04768039 0.04495547 0.02660415 0.03690030 0.02639166 0.02697274 0.06173501 0.03448012 0.03180495 0.04584117 0.22957802 0.01135870 0.12328750 
seriola_zonata               0.03080185 0.02536172 0.12473296 0.03208561 0.03635113 0.05236072 0.01694485 0.00000000 0.01738710 0.16231838 0.01653375 0.08982680 0.04848518 0.25582046 0.03867637 0.02124227 0.04107329 0.02308094 0.04128522 0.03990228 0.06747262 0.01808734 0.02681142 0.01609136 0.07514626 0.09235148 0.05130348 0.10885653 0.04067443 0.01626580 0.06382062 0.10686726 0.08014233 0.05619418 0.01433306 0.03105457 0.05887905 0.01383049 0.01644452 0.02725680 0.01692931 0.03351171 0.04621489 0.04219560 0.02230897 0.03324562 0.02239103 0.02362633 0.06054613 0.03168103 0.02759496 0.04371260 0.25029340 0.01762179 0.12785744 
alepes_kleinii               0.03557076 0.03038723 0.12776550 0.03699032 0.04156750 0.05701919 0.01108437 0.01738710 0.00000000 0.16493340 0.02206384 0.09377754 0.05318437 0.25658138 0.04378732 0.02695719 0.04440010 0.02896002 0.04601080 0.04395168 0.07054996 0.01241296 0.03169174 0.00886365 0.07952165 0.09454572 0.05530013 0.11009524 0.04467175 0.00855362 0.06774886 0.10911083 0.08371034 0.06066186 0.02052665 0.03561482 0.06175536 0.01981784 0.01079411 0.03327885 0.02276767 0.03899220 0.05055356 0.04672558 0.02765132 0.03880432 0.02810396 0.02884000 0.06442920 0.03641323 0.03314293 0.04813534 0.25144974 0.00927924 0.13038311 
ceratoscopelus_warmingii     0.16696026 0.16039517 0.18026677 0.16656561 0.16923086 0.18588133 0.15183246 0.16231838 0.16493340 0.00000000 0.16153134 0.21724710 0.16809797 0.29246465 0.16175897 0.16055404 0.15025423 0.15873892 0.16799763 0.17306488 0.19189212 0.16563564 0.15964146 0.15613947 0.20606848 0.20847605 0.18331770 0.21728089 0.17455530 0.16385884 0.14644404 0.21618566 0.19289045 0.18876415 0.16148814 0.16776112 0.17956791 0.15993395 0.15946358 0.16807172 0.16373723 0.17185003 0.16942562 0.17522980 0.16085356 0.17323606 0.16208974 0.16717641 0.19317886 0.17507048 0.16673825 0.17332178 0.35642341 0.16531316 0.25005536 
scomberoides_commersonnianus 0.03432260 0.02879580 0.12560292 0.03556455 0.04093049 0.05640952 0.02153456 0.01653375 0.02206384 0.16153134 0.00000000 0.09298855 0.05108140 0.25631799 0.04200391 0.02513406 0.04341958 0.02722225 0.04429072 0.04306892 0.06972644 0.02297437 0.03022834 0.02106224 0.07860816 0.09395823 0.05485187 0.11077919 0.04385088 0.02114209 0.06574209 0.10878126 0.08252160 0.05951114 0.01489629 0.03415866 0.06153220 0.01474354 0.02118103 0.03147050 0.02061239 0.03697717 0.04885313 0.04549312 0.02613627 0.03683671 0.02643199 0.02704234 0.06404700 0.03500343 0.03157658 0.04695043 0.25114083 0.02229073 0.13092885 
samariscus_xenicus           0.09593589 0.09182714 0.17782499 0.08913585 0.09973726 0.10103479 0.08862364 0.08982680 0.09377754 0.21724710 0.09298855 0.00000000 0.11379427 0.29887770 0.10511190 0.08988602 0.08355822 0.09129391 0.10761583 0.09160336 0.11018096 0.09386562 0.09443873 0.09015411 0.12109282 0.12997956 0.09860002 0.14152751 0.09173230 0.09362248 0.12814318 0.13930556 0.13687227 0.10334230 0.09158343 0.09695349 0.10648240 0.09013077 0.09229509 0.09664794 0.09361490 0.10195176 0.11086386 0.09323453 0.09060568 0.10163600 0.09096572 0.09944024 0.10436727 0.10641410 0.09601748 0.08937930 0.29835377 0.09300903 0.16161724 
kurtus_gulliveri             0.05624775 0.05045471 0.13442160 0.05777341 0.06197886 0.07850082 0.04985891 0.04848518 0.05318437 0.16809797 0.05108140 0.11379427 0.00000000 0.26317671 0.05210449 0.04774405 0.06179088 0.04838912 0.05764750 0.06451117 0.08946408 0.05380343 0.05216893 0.05074229 0.10056310 0.11398174 0.07642540 0.12900254 0.06536478 0.05223143 0.07456648 0.12748770 0.09231879 0.08128335 0.04968688 0.05605942 0.08193018 0.04912460 0.05145915 0.05428125 0.05211201 0.05939340 0.03636994 0.06714571 0.04801850 0.05935651 0.04922724 0.05824904 0.08459594 0.06549983 0.05361995 0.06778630 0.25972500 0.05352038 0.14931701 
gadus_morhua                 0.25940924 0.25141267 0.26462292 0.25777313 0.26009907 0.27526490 0.24369290 0.25582046 0.25658138 0.29246465 0.25631799 0.29887770 0.26317671 0.00000000 0.25961425 0.25532284 0.23476605 0.25630084 0.26118941 0.26722204 0.28312423 0.25863410 0.25611604 0.24741408 0.29656332 0.29759917 0.27275412 0.29253774 0.26699689 0.25872924 0.24485662 0.29689157 0.28442987 0.28050590 0.25525260 0.26017035 0.26428621 0.25153810 0.25158171 0.26250847 0.25834888 0.26817049 0.26187117 0.26846800 0.25271355 0.26724078 0.25780183 0.26357368 0.28418655 0.27073444 0.25857445 0.26557742 0.43137141 0.25814679 0.33208096 
scomber_scombrus             0.04678525 0.04098516 0.12687899 0.04888611 0.05312875 0.06879531 0.04109799 0.03867637 0.04378732 0.16175897 0.04200391 0.10511190 0.05210449 0.25961425 0.00000000 0.03814337 0.05387550 0.03928170 0.04768814 0.05524441 0.08128481 0.04423661 0.04275872 0.04167734 0.09179015 0.10602536 0.06722535 0.12312376 0.05661951 0.04275602 0.06728212 0.12194678 0.07836035 0.07221731 0.04009399 0.04660279 0.07469858 0.03923854 0.04197581 0.04451004 0.04221554 0.04982173 0.04952849 0.05772754 0.03834851 0.04957516 0.03960838 0.04841452 0.07626042 0.05591541 0.04396254 0.05914201 0.24996728 0.04375285 0.14365853 
toxotes_jaculatrix           0.03049495 0.02512958 0.12341753 0.03234534 0.03740780 0.05281327 0.02595838 0.02124227 0.02695719 0.16055404 0.02513406 0.08988602 0.04774405 0.25532284 0.03814337 0.00000000 0.04084981 0.02319985 0.04098291 0.03963176 0.06703258 0.02766546 0.02676121 0.02551582 0.07569793 0.09162538 0.05121464 0.10865411 0.04072212 0.02575777 0.06267718 0.10664268 0.07976222 0.05615278 0.02304434 0.03040945 0.05863782 0.02257921 0.02586909 0.02683472 0.02532365 0.03255468 0.04574584 0.04213513 0.02186858 0.03227624 0.01896400 0.03164051 0.06033293 0.03925838 0.02704715 0.04368646 0.24874518 0.02734965 0.12737717 
scophthalmus_rhombus         0.04731535 0.04237197 0.12149695 0.04091221 0.05164593 0.05329664 0.04359453 0.04107329 0.04440010 0.15025423 0.04341958 0.08355822 0.06179088 0.23476605 0.05387550 0.04084981 0.00000000 0.04141104 0.05508257 0.04008791 0.05943975 0.04518803 0.04391774 0.04342287 0.07301487 0.07949158 0.05221913 0.09182779 0.04057712 0.04402661 0.07334569 0.09060700 0.08269352 0.05735344 0.04196344 0.04783138 0.06041956 0.04171137 0.04360110 0.04641743 0.04374075 0.05057931 0.05993583 0.04231139 0.04185030 0.05032321 0.04164134 0.04782692 0.06075497 0.05533914 0.04579016 0.04518813 0.21881325 0.04445668 0.11493163 
centropomus_medius           0.03224440 0.02585022 0.12152382 0.03311476 0.03824634 0.05343863 0.02697955 0.02308094 0.02896002 0.15873892 0.02722225 0.09129391 0.04838912 0.25630084 0.03928170 0.02319985 0.04141104 0.00000000 0.04124990 0.04079258 0.06592910 0.02969713 0.02622269 0.02691224 0.07619907 0.09150954 0.05217108 0.10743659 0.04156029 0.02787017 0.06403589 0.10560374 0.07908775 0.05703583 0.02484364 0.03212234 0.05846850 0.02455602 0.02749990 0.02919230 0.02741685 0.03457301 0.04644855 0.04312023 0.02276435 0.03427264 0.02347838 0.03371854 0.06145202 0.04166215 0.02930132 0.04420965 0.24895385 0.02890396 0.12879577 
acanthurus_bahianus          0.04999380 0.04417101 0.13078179 0.05120173 0.05626044 0.07184732 0.04307902 0.04128522 0.04601080 0.16799763 0.04429072 0.10761583 0.05764750 0.26118941 0.04768814 0.04098291 0.05508257 0.04124990 0.00000000 0.05809313 0.08290021 0.04684646 0.04420838 0.04379686 0.09466790 0.10683551 0.06994466 0.12136382 0.05887161 0.04539847 0.07181245 0.12130808 0.08833919 0.07504101 0.04324864 0.04987283 0.07568489 0.04225179 0.04457226 0.04741556 0.04523285 0.05273417 0.05489539 0.05997703 0.04103599 0.05256289 0.04247590 0.05142893 0.07866576 0.05886846 0.04747510 0.06180449 0.25795336 0.04618888 0.14439726 
paralichthys_albigutta       0.04779360 0.04218151 0.13767042 0.04018135 0.05249689 0.05533524 0.04204440 0.03990228 0.04395168 0.17306488 0.04306892 0.09160336 0.06451117 0.26722204 0.05524441 0.03963176 0.04008791 0.04079258 0.05809313 0.00000000 0.05697244 0.04488334 0.04352286 0.04230425 0.07883775 0.08205934 0.05370900 0.09950224 0.00925849 0.04329548 0.07902906 0.09666399 0.09283352 0.05941047 0.04110120 0.04790188 0.06340733 0.04048943 0.04268622 0.04591763 0.04317489 0.05087357 0.06240936 0.01765890 0.04015527 0.05056181 0.04050544 0.04862966 0.06371400 0.05687046 0.04568833 0.04660193 0.26361364 0.04423864 0.12687831 
cyclopsetta_fimbriata        0.07410807 0.06759077 0.15513673 0.06461316 0.07765693 0.07925273 0.06661355 0.06747262 0.07054996 0.19189212 0.06972644 0.11018096 0.08946408 0.28312423 0.08128481 0.06703258 0.05943975 0.06592910 0.08290021 0.05697244 0.00000000 0.07102458 0.06825347 0.06742696 0.10229558 0.07156378 0.07735044 0.10582894 0.05722642 0.06968991 0.10466470 0.10320136 0.11180009 0.08340383 0.06857380 0.07315836 0.08177138 0.06737289 0.06786350 0.07326545 0.06998426 0.07761760 0.08832654 0.05915556 0.06707762 0.07759505 0.06744069 0.07436904 0.08638227 0.08236247 0.07285736 0.06967670 0.28139439 0.06986787 0.14511002 
alectis_indicus              0.03660341 0.03151464 0.12839048 0.03788609 0.04279729 0.05839933 0.01212249 0.01808734 0.01241296 0.16563564 0.02297437 0.09386562 0.05380343 0.25863410 0.04423661 0.02766546 0.04518803 0.02969713 0.04684646 0.04488334 0.07102458 0.00000000 0.03295617 0.01078182 0.08018606 0.09554978 0.05676376 0.11257150 0.04579338 0.01033988 0.06857325 0.11079438 0.08518817 0.06131571 0.02124622 0.03666702 0.06372679 0.02044353 0.01174209 0.03372997 0.02319421 0.03954107 0.05121747 0.04733789 0.02848594 0.03921913 0.02884106 0.02882409 0.06437785 0.03736054 0.03408427 0.04891664 0.25631861 0.01228856 0.13188373 
sphyraena_putnamae           0.03558682 0.01774077 0.12267297 0.03573486 0.04122279 0.05613955 0.03002182 0.02681142 0.03169174 0.15964146 0.03022834 0.09443873 0.05216893 0.25611604 0.04275872 0.02676121 0.04391774 0.02622269 0.04420838 0.04352286 0.06825347 0.03295617 0.00000000 0.03048334 0.07935695 0.09360056 0.05461699 0.10982083 0.04418109 0.03122358 0.06600123 0.10849283 0.08030957 0.06060124 0.02795364 0.03525107 0.06026307 0.02752758 0.03023290 0.03287572 0.03073302 0.03777519 0.04942084 0.04598518 0.02650585 0.03789226 0.02746175 0.03591991 0.06444670 0.04416591 0.03271218 0.04686206 0.24872251 0.03208477 0.13101355 
megalaspis_cordyla           0.03325749 0.02884635 0.12301094 0.03505866 0.04027393 0.05528302 0.00957482 0.01609136 0.00886365 0.15613947 0.02106224 0.09015411 0.05074229 0.24741408 0.04167734 0.02551582 0.04342287 0.02691224 0.04379686 0.04230425 0.06742696 0.01078182 0.03048334 0.00000000 0.07723279 0.09031119 0.05373803 0.10594672 0.04302530 0.00361182 0.06524510 0.10458015 0.08000639 0.05859794 0.01894231 0.03379711 0.05980604 0.01840628 0.00926705 0.03143180 0.02099680 0.03718294 0.04846485 0.04460363 0.02588562 0.03678158 0.02641303 0.02705925 0.06176293 0.03460314 0.03158174 0.04614375 0.24043564 0.00872427 0.12678046 
gymnachirus_melas            0.08330696 0.07766701 0.16727487 0.07573245 0.08652512 0.08586338 0.07638992 0.07514626 0.07952165 0.20606848 0.07860816 0.12109282 0.10056310 0.29656332 0.09179015 0.07569793 0.07301487 0.07619907 0.09466790 0.07883775 0.10229558 0.08018606 0.07935695 0.07723279 0.00000000 0.12405601 0.08373172 0.13414892 0.07923331 0.07878945 0.11490151 0.13395472 0.12627075 0.04361588 0.07703854 0.08359997 0.09632974 0.07619775 0.07793557 0.08207351 0.07908283 0.08726089 0.09789890 0.08126952 0.07607533 0.08722362 0.07657035 0.08442398 0.09491866 0.09286939 0.08150637 0.07878160 0.29373712 0.07947333 0.15681195 
etropus_cyclosquamus         0.09889268 0.09185706 0.17679183 0.08926990 0.10090457 0.10276538 0.08835254 0.09235148 0.09454572 0.20847605 0.09395823 0.12997956 0.11398174 0.29759917 0.10602536 0.09162538 0.07949158 0.09150954 0.10683551 0.08205934 0.07156378 0.09554978 0.09360056 0.09031119 0.12405601 0.00000000 0.10056003 0.12058524 0.08163829 0.09448316 0.12843377 0.11901058 0.13269211 0.10678205 0.09322887 0.09833679 0.10181534 0.09179432 0.09217172 0.09858095 0.09490734 0.10256752 0.11166245 0.08345287 0.09229637 0.10248826 0.09275125 0.09960194 0.10951134 0.10741152 0.09749092 0.09276960 0.30115845 0.09371612 0.16356610 
mancopsetta_maculata         0.05913487 0.05308808 0.14587299 0.05144931 0.06164923 0.00148999 0.05347031 0.05130348 0.05530013 0.18331770 0.05485187 0.09860002 0.07642540 0.27275412 0.06722535 0.05121464 0.05221913 0.05217108 0.06994466 0.05370900 0.07735044 0.05676376 0.05461699 0.05373803 0.08373172 0.10056003 0.00000000 0.11465917 0.05432605 0.05489905 0.08993699 0.11169694 0.10256743 0.06520133 0.05274769 0.05938430 0.07214937 0.05178984 0.05397025 0.05761930 0.05489356 0.06310082 0.07378566 0.05664347 0.05212529 0.06263433 0.05199127 0.06021747 0.07258063 0.06839731 0.05722527 0.05528320 0.26926501 0.05568888 0.13503646 
bothus_pantherinus           0.11499755 0.10777929 0.18198325 0.10521864 0.11453979 0.11628816 0.10512433 0.10885653 0.11009524 0.21728089 0.11077919 0.14152751 0.12900254 0.29253774 0.12312376 0.10865411 0.09182779 0.10743659 0.12136382 0.09950224 0.10582894 0.11257150 0.10982083 0.10594672 0.13414892 0.12058524 0.11465917 0.00000000 0.09853141 0.11104959 0.14194182 0.06749587 0.14482530 0.12226694 0.11000388 0.11586724 0.11448566 0.10839795 0.10877109 0.11503763 0.11112347 0.11890179 0.12918692 0.09977472 0.10896167 0.11819384 0.10913902 0.11563689 0.12545760 0.12365156 0.11380100 0.10951212 0.29925540 0.11106387 0.16938522 
hippoglossina_oblonga        0.04863765 0.04293124 0.13832024 0.04084893 0.05322465 0.05584957 0.04312748 0.04067443 0.04467175 0.17455530 0.04385088 0.09173230 0.06536478 0.26699689 0.05661951 0.04072212 0.04057712 0.04156029 0.05887161 0.00925849 0.05722642 0.04579338 0.04418109 0.04302530 0.07923331 0.08163829 0.05432605 0.09853141 0.00000000 0.04387519 0.08049409 0.09596517 0.09258330 0.06005206 0.04208075 0.04856876 0.06360484 0.04138422 0.04351155 0.04668335 0.04407326 0.05172555 0.06331495 0.01835737 0.04119012 0.05144904 0.04146960 0.04954156 0.06371195 0.05761165 0.04648873 0.04715865 0.26397319 0.04482856 0.12793195 
caranx_melampygus            0.03448043 0.02953409 0.12740013 0.03581182 0.04107746 0.05661553 0.00971397 0.01626580 0.00855362 0.16385884 0.02114209 0.09362248 0.05223143 0.25872924 0.04275602 0.02575777 0.04402661 0.02787017 0.04539847 0.04329548 0.06968991 0.01033988 0.03122358 0.00361182 0.07878945 0.09448316 0.05489905 0.11104959 0.04387519 0.00000000 0.06689894 0.10892011 0.08310501 0.05989684 0.01948528 0.03463101 0.06150642 0.01878135 0.00927072 0.03191781 0.02153473 0.03793194 0.04964263 0.04571615 0.02635433 0.03763796 0.02684458 0.02760815 0.06410161 0.03553520 0.03204418 0.04698782 0.25287961 0.00865091 0.13139471 
myripristis_violacea         0.07104758 0.06483058 0.10942587 0.07156063 0.07651197 0.09217894 0.06357328 0.06382062 0.06774886 0.14644404 0.06574209 0.12814318 0.07456648 0.24485662 0.06728212 0.06267718 0.07334569 0.06403589 0.07181245 0.07902906 0.10466470 0.06857325 0.06600123 0.06524510 0.11490151 0.12843377 0.08993699 0.14194182 0.08049409 0.06689894 0.00000000 0.14145391 0.10551872 0.09508100 0.06475666 0.07070038 0.09489035 0.06363638 0.06551294 0.06899220 0.06663168 0.07479846 0.07166401 0.08182415 0.06295194 0.07459741 0.06396677 0.07312781 0.09961732 0.08085080 0.06888813 0.08223873 0.27620469 0.06805284 0.16457205 
crossorhombus_kobensis       0.11348978 0.10697791 0.18681592 0.10344317 0.11367966 0.11355994 0.10279909 0.10686726 0.10911083 0.21618566 0.10878126 0.13930556 0.12748770 0.29689157 0.12194678 0.10664268 0.09060700 0.10560374 0.12130808 0.09666399 0.10320136 0.11079438 0.10849283 0.10458015 0.13395472 0.11901058 0.11169694 0.06749587 0.09596517 0.10892011 0.14145391 0.00000000 0.14348093 0.12052446 0.10868797 0.11269314 0.11311753 0.10767452 0.10695094 0.11325748 0.10967059 0.11856581 0.12729361 0.09692400 0.10680938 0.11760157 0.10768014 0.11466646 0.12360044 0.12224689 0.11093817 0.10703161 0.29941177 0.10966999 0.17138520 
pseudupeneus_maculatus       0.08640837 0.08017604 0.15611825 0.08650764 0.09115443 0.10453804 0.07822702 0.08014233 0.08371034 0.19289045 0.08252160 0.13687227 0.09231879 0.28442987 0.07836035 0.07976222 0.08269352 0.07908775 0.08833919 0.09283352 0.11180009 0.08518817 0.08030957 0.08000639 0.12627075 0.13269211 0.10256743 0.14482530 0.09258330 0.08310501 0.10551872 0.14348093 0.00000000 0.10811062 0.08157656 0.08595863 0.10308351 0.08033216 0.08112937 0.08639909 0.08366711 0.09122834 0.09066202 0.09514622 0.07997471 0.09082897 0.08128339 0.08716842 0.11246079 0.09586359 0.08574928 0.09555659 0.26439728 0.08423810 0.16799617 
trinectes_maculatus          0.06506171 0.05926472 0.15090193 0.05664382 0.06778688 0.06720368 0.05774335 0.05619418 0.06066186 0.18876415 0.05951114 0.10334230 0.08128335 0.28050590 0.07221731 0.05615278 0.05735344 0.05703583 0.07504101 0.05941047 0.08340383 0.06131571 0.06060124 0.05859794 0.04361588 0.10678205 0.06520133 0.12226694 0.06005206 0.05989684 0.09508100 0.12052446 0.10811062 0.00000000 0.05792503 0.06513313 0.07875328 0.05706649 0.05917461 0.06240758 0.05976271 0.06804552 0.07898128 0.06166084 0.05683678 0.06787075 0.05773821 0.06543220 0.07602246 0.07329335 0.06246303 0.06119574 0.27847806 0.06095249 0.13837883 
trachinotus_blochii          0.03259685 0.02680376 0.12521187 0.03339784 0.03908209 0.05431348 0.01981223 0.01433306 0.02052665 0.16148814 0.01489629 0.09158343 0.04968688 0.25525260 0.04009399 0.02304434 0.04196344 0.02484364 0.04324864 0.04110120 0.06857380 0.02124622 0.02795364 0.01894231 0.07703854 0.09322887 0.05274769 0.11000388 0.04208075 0.01948528 0.06475666 0.10868797 0.08157656 0.05792503 0.00000000 0.03273501 0.05994061 0.00255522 0.01920166 0.02897071 0.01822178 0.03469720 0.04757356 0.04332569 0.02387327 0.03459041 0.02411111 0.02439055 0.06217083 0.03274447 0.02966028 0.04514588 0.25077795 0.02053618 0.12940705 
polydactylus_sexfilis        0.00807321 0.03379442 0.13038810 0.04011767 0.04558838 0.06124316 0.03401495 0.03105457 0.03561482 0.16776112 0.03415866 0.09695349 0.05605942 0.26017035 0.04660279 0.03040945 0.04783138 0.03212234 0.04987283 0.04790188 0.07315836 0.03666702 0.03525107 0.03379711 0.08359997 0.09833679 0.05938430 0.11586724 0.04856876 0.03463101 0.07070038 0.11269314 0.08595863 0.06513313 0.03273501 0.00000000 0.06529183 0.03191626 0.03431561 0.03702701 0.03444156 0.04256740 0.05410538 0.05025317 0.03127501 0.04222743 0.03208633 0.04098507 0.06821150 0.04852512 0.03657762 0.05145116 0.25305340 0.03595618 0.13501505 
citharus_linguata            0.06582410 0.05897720 0.14846082 0.03498747 0.06612879 0.07402090 0.05879994 0.05887905 0.06175536 0.17956791 0.06153220 0.10648240 0.08193018 0.26428621 0.07469858 0.05863782 0.06041956 0.05846850 0.07568489 0.06340733 0.08177138 0.06372679 0.06026307 0.05980604 0.09632974 0.10181534 0.07214937 0.11448566 0.06360484 0.06150642 0.09489035 0.11311753 0.10308351 0.07875328 0.05994061 0.06529183 0.00000000 0.05946358 0.05990603 0.06507501 0.06180113 0.06987538 0.08009980 0.06591853 0.05895130 0.06954506 0.05891159 0.06723790 0.08364235 0.07481094 0.06377945 0.06644503 0.26758802 0.06155754 0.14233398 
trachinotus_ovatus           0.03173387 0.02626966 0.12328993 0.03317773 0.03836029 0.05335504 0.01918474 0.01383049 0.01981784 0.15993395 0.01474354 0.09013077 0.04912460 0.25153810 0.03923854 0.02257921 0.04171137 0.02455602 0.04225179 0.04048943 0.06737289 0.02044353 0.02752758 0.01840628 0.07619775 0.09179432 0.05178984 0.10839795 0.04138422 0.01878135 0.06363638 0.10767452 0.08033216 0.05706649 0.00255522 0.03191626 0.05946358 0.00000000 0.01863502 0.02843057 0.01760182 0.03405961 0.04692744 0.04251750 0.02333754 0.03398403 0.02354200 0.02425594 0.06111559 0.03192800 0.02896637 0.04444145 0.24387868 0.01976483 0.12740718 
trachurus_trachurus          0.03438571 0.02905504 0.12457523 0.03498748 0.04091907 0.05566961 0.00556010 0.01644452 0.01079411 0.15946358 0.02118103 0.09229509 0.05145915 0.25158171 0.04197581 0.02586909 0.04360110 0.02749990 0.04457226 0.04268622 0.06786350 0.01174209 0.03023290 0.00926705 0.07793557 0.09217172 0.05397025 0.10877109 0.04351155 0.00927072 0.06551294 0.10695094 0.08112937 0.05917461 0.01920166 0.03431561 0.05990603 0.01863502 0.00000000 0.03216716 0.02144727 0.03744909 0.04871921 0.04550477 0.02627086 0.03729828 0.02680946 0.02751217 0.06287805 0.03522502 0.03214732 0.04669212 0.24776093 0.01065018 0.12840114 
xiphius_gladius              0.03680477 0.03101967 0.12969119 0.03797421 0.04360159 0.05941425 0.03190039 0.02725680 0.03327885 0.16807172 0.03147050 0.09664794 0.05428125 0.26250847 0.04451004 0.02683472 0.04641743 0.02919230 0.04741556 0.04591763 0.07326545 0.03372997 0.03287572 0.03143180 0.08207351 0.09858095 0.05761930 0.11503763 0.04668335 0.03191781 0.06899220 0.11325748 0.08639909 0.06240758 0.02897071 0.03702701 0.06507501 0.02843057 0.03216716 0.00000000 0.03109986 0.03051734 0.05202755 0.04795815 0.02825979 0.03018782 0.02805670 0.03764280 0.06639002 0.04584602 0.03228766 0.04949107 0.25533339 0.03348716 0.13490694 
rachycentron_canadum         0.03435903 0.02925003 0.12688100 0.03575890 0.04108331 0.05647367 0.02154264 0.01692931 0.02276767 0.16373723 0.02061239 0.09361490 0.05211201 0.25834888 0.04221554 0.02532365 0.04374075 0.02741685 0.04523285 0.04317489 0.06998426 0.02319421 0.03073302 0.02099680 0.07908283 0.09490734 0.05489356 0.11112347 0.04407326 0.02153473 0.06663168 0.10967059 0.08366711 0.05976271 0.01822178 0.03444156 0.06180113 0.01760182 0.02144727 0.03109986 0.00000000 0.03714962 0.04940068 0.04551378 0.02628846 0.03687363 0.02634639 0.01493665 0.06390121 0.02842682 0.03194723 0.04688869 0.25283425 0.02280369 0.13133766 
tetrapturus_angustirostris   0.04236546 0.03654182 0.13476016 0.04357406 0.04862444 0.06489005 0.03687529 0.03351171 0.03899220 0.17185003 0.03697717 0.10195176 0.05939340 0.26817049 0.04982173 0.03255468 0.05057931 0.03457301 0.05273417 0.05087357 0.07761760 0.03954107 0.03777519 0.03718294 0.08726089 0.10256752 0.06310082 0.11890179 0.05172555 0.03793194 0.07479846 0.11856581 0.09122834 0.06804552 0.03469720 0.04256740 0.06987538 0.03405961 0.03744909 0.03051734 0.03714962 0.00000000 0.05726949 0.05325351 0.03374632 0.00289288 0.03409837 0.04299951 0.07205024 0.05102574 0.03775378 0.05458110 0.26258366 0.03927749 0.14073643 
apogon_lateralis             0.05395590 0.04828730 0.13125526 0.05571653 0.06017571 0.07580747 0.04768039 0.04621489 0.05055356 0.16942562 0.04885313 0.11086386 0.03636994 0.26187117 0.04952849 0.04574584 0.05993583 0.04644855 0.05489539 0.06240936 0.08832654 0.05121747 0.04942084 0.04846485 0.09789890 0.11166245 0.07378566 0.12918692 0.06331495 0.04964263 0.07166401 0.12729361 0.09066202 0.07898128 0.04757356 0.05410538 0.08009980 0.04692744 0.04871921 0.05202755 0.04940068 0.05726949 0.00000000 0.06476368 0.04576970 0.05713253 0.04695980 0.05489875 0.08256093 0.06255632 0.05185734 0.06532931 0.25823701 0.05100253 0.14932350 
hypopsetta_guttulata         0.04995358 0.04482742 0.13957954 0.04255373 0.05526338 0.05826437 0.04495547 0.04219560 0.04672558 0.17522980 0.04549312 0.09323453 0.06714571 0.26846800 0.05772754 0.04213513 0.04231139 0.04312023 0.05997703 0.01765890 0.05915556 0.04733789 0.04598518 0.04460363 0.08126952 0.08345287 0.05664347 0.09977472 0.01835737 0.04571615 0.08182415 0.09692400 0.09514622 0.06166084 0.04332569 0.05025317 0.06591853 0.04251750 0.04550477 0.04795815 0.04551378 0.05325351 0.06476368 0.00000000 0.04262932 0.05309837 0.04310471 0.05085928 0.06607676 0.05916178 0.04826931 0.04869146 0.26565998 0.04672554 0.12979685 
lates_calcarifer             0.03109279 0.02489668 0.12259270 0.03256933 0.03771390 0.05382768 0.02660415 0.02230897 0.02765132 0.16085356 0.02613627 0.09060568 0.04801850 0.25271355 0.03834851 0.02186858 0.04185030 0.02276435 0.04103599 0.04015527 0.06707762 0.02848594 0.02650585 0.02588562 0.07607533 0.09229637 0.05212529 0.10896167 0.04119012 0.02635433 0.06295194 0.10680938 0.07997471 0.05683678 0.02387327 0.03127501 0.05895130 0.02333754 0.02627086 0.02825979 0.02628846 0.03374632 0.04576970 0.04262932 0.00000000 0.03357199 0.02303845 0.03259173 0.06132248 0.04068190 0.02855034 0.04423599 0.24946949 0.02786037 0.12929863 
istiophorus_platypterus      0.04240412 0.03641962 0.13492406 0.04337824 0.04860693 0.06432727 0.03690030 0.03324562 0.03880432 0.17323606 0.03683671 0.10163600 0.05935651 0.26724078 0.04957516 0.03227624 0.05032321 0.03427264 0.05256289 0.05056181 0.07759505 0.03921913 0.03789226 0.03678158 0.08722362 0.10248826 0.06263433 0.11819384 0.05144904 0.03763796 0.07459741 0.11760157 0.09082897 0.06787075 0.03459041 0.04222743 0.06954506 0.03398403 0.03729828 0.03018782 0.03687363 0.00289288 0.05713253 0.05309837 0.03357199 0.00000000 0.03375814 0.04287712 0.07187282 0.05068802 0.03739923 0.05464865 0.26334241 0.03891440 0.14032835 
leptobrama_muelleri          0.03214895 0.02581931 0.12457447 0.03295535 0.03808510 0.05308317 0.02639166 0.02239103 0.02810396 0.16208974 0.02643199 0.09096572 0.04922724 0.25780183 0.03960838 0.01896400 0.04164134 0.02347838 0.04247590 0.04050544 0.06744069 0.02884106 0.02746175 0.02641303 0.07657035 0.09275125 0.05199127 0.10913902 0.04146960 0.02684458 0.06396677 0.10768014 0.08128339 0.05773821 0.02411111 0.03208633 0.05891159 0.02354200 0.02680946 0.02805670 0.02634639 0.03409837 0.04695980 0.04310471 0.02303845 0.03375814 0.00000000 0.03284671 0.06212685 0.04095905 0.02826906 0.04437299 0.25118234 0.02812839 0.12971069 
coryphaena_hippurus          0.04083146 0.03461314 0.13142800 0.04176488 0.04715849 0.06139567 0.02697274 0.02362633 0.02884000 0.16717641 0.02704234 0.09944024 0.05824904 0.26357368 0.04841452 0.03164051 0.04782692 0.03371854 0.05142893 0.04862966 0.07436904 0.02882409 0.03591991 0.02705925 0.08442398 0.09960194 0.06021747 0.11563689 0.04954156 0.02760815 0.07312781 0.11466646 0.08716842 0.06543220 0.02439055 0.04098507 0.06723790 0.02425594 0.02751217 0.03764280 0.01493665 0.04299951 0.05489875 0.05085928 0.03259173 0.04287712 0.03284671 0.00000000 0.06956333 0.03428990 0.03829033 0.05198616 0.25748683 0.02886397 0.13688480 
parachirus_xenicus           0.06828961 0.06249990 0.15575004 0.06100402 0.07238193 0.07354015 0.06173501 0.06054613 0.06442920 0.19317886 0.06404700 0.10436727 0.08459594 0.28418655 0.07626042 0.06033293 0.06075497 0.06145202 0.07866576 0.06371400 0.08638227 0.06437785 0.06444670 0.06176293 0.09491866 0.10951134 0.07258063 0.12545760 0.06371195 0.06410161 0.09961732 0.12360044 0.11246079 0.07602246 0.06217083 0.06821150 0.08364235 0.06111559 0.06287805 0.06639002 0.06390121 0.07205024 0.08256093 0.06607676 0.06132248 0.07187282 0.06212685 0.06956333 0.00000000 0.07710354 0.06638448 0.05614180 0.28155493 0.06437473 0.13204038 
echeneis_cf_naucratoides     0.04848425 0.04250893 0.13875413 0.04972207 0.05509604 0.06974566 0.03448012 0.03168103 0.03641323 0.17507048 0.03500343 0.10641410 0.06549983 0.27073444 0.05591541 0.03925838 0.05533914 0.04166215 0.05886846 0.05687046 0.08236247 0.03736054 0.04416591 0.03460314 0.09286939 0.10741152 0.06839731 0.12365156 0.05761165 0.03553520 0.08085080 0.12224689 0.09586359 0.07329335 0.03274447 0.04852512 0.07481094 0.03192800 0.03522502 0.04584602 0.02842682 0.05102574 0.06255632 0.05916178 0.04068190 0.05068802 0.04095905 0.03428990 0.07710354 0.00000000 0.04646955 0.06029465 0.26539547 0.03671261 0.14371297 
mene_maculatus               0.03661811 0.03091564 0.12964396 0.03832675 0.04320201 0.05880731 0.03180495 0.02759496 0.03314293 0.16673825 0.03157658 0.09601748 0.05361995 0.25857445 0.04396254 0.02704715 0.04579016 0.02930132 0.04747510 0.04568833 0.07285736 0.03408427 0.03271218 0.03158174 0.08150637 0.09749092 0.05722527 0.11380100 0.04648873 0.03204418 0.06888813 0.11093817 0.08574928 0.06246303 0.02966028 0.03657762 0.06377945 0.02896637 0.03214732 0.03228766 0.03194723 0.03775378 0.05185734 0.04826931 0.02855034 0.03739923 0.02826906 0.03829033 0.06638448 0.04646955 0.00000000 0.04990403 0.25481327 0.03345315 0.13219388 
poecilopsetta_plinthus       0.05142152 0.04533988 0.13868663 0.04405920 0.05541055 0.05681396 0.04584117 0.04371260 0.04813534 0.17332178 0.04695043 0.08937930 0.06778630 0.26557742 0.05914201 0.04368646 0.04518813 0.04420965 0.06180449 0.04660193 0.06967670 0.04891664 0.04686206 0.04614375 0.07878160 0.09276960 0.05528320 0.10951212 0.04715865 0.04698782 0.08223873 0.10703161 0.09555659 0.06119574 0.04514588 0.05145116 0.06644503 0.04444145 0.04669212 0.04949107 0.04688869 0.05458110 0.06532931 0.04869146 0.04423599 0.05464865 0.04437299 0.05198616 0.05614180 0.06029465 0.04990403 0.00000000 0.26125338 0.04828537 0.12046839 
syngnathus_fuscus            0.25644963 0.24518795 0.31131634 0.25568755 0.25296106 0.27371506 0.22957802 0.25029340 0.25144974 0.35642341 0.25114083 0.29835377 0.25972500 0.43137141 0.24996728 0.24874518 0.21881325 0.24895385 0.25795336 0.26361364 0.28139439 0.25631861 0.24872251 0.24043564 0.29373712 0.30115845 0.26926501 0.29925540 0.26397319 0.25287961 0.27620469 0.29941177 0.26439728 0.27847806 0.25077795 0.25305340 0.26758802 0.24387868 0.24776093 0.25533339 0.25283425 0.26258366 0.25823701 0.26565998 0.24946949 0.26334241 0.25118234 0.25748683 0.28155493 0.26539547 0.25481327 0.26125338 0.00000000 0.25228516 0.33886275 
chloroscombrus_orqueta       0.03600245 0.03052018 0.12818320 0.03685302 0.04181137 0.05743026 0.01135870 0.01762179 0.00927924 0.16531316 0.02229073 0.09300903 0.05352038 0.25814679 0.04375285 0.02734965 0.04445668 0.02890396 0.04618888 0.04423864 0.06986787 0.01228856 0.03208477 0.00872427 0.07947333 0.09371612 0.05568888 0.11106387 0.04482856 0.00865091 0.06805284 0.10966999 0.08423810 0.06095249 0.02053618 0.03595618 0.06155754 0.01976483 0.01065018 0.03348716 0.02280369 0.03927749 0.05100253 0.04672554 0.02786037 0.03891440 0.02812839 0.02886397 0.06437473 0.03671261 0.03345315 0.04828537 0.25228516 0.00000000 0.13007445 
symphurus_plagiusa           0.13411837 0.12893198 0.21170496 0.12531686 0.13354966 0.13687670 0.12328750 0.12785744 0.13038311 0.25005536 0.13092885 0.16161724 0.14931701 0.33208096 0.14365853 0.12737717 0.11493163 0.12879577 0.14439726 0.12687831 0.14511002 0.13188373 0.13101355 0.12678046 0.15681195 0.16356610 0.13503646 0.16938522 0.12793195 0.13139471 0.16457205 0.17138520 0.16799617 0.13837883 0.12940705 0.13501505 0.14233398 0.12740718 0.12840114 0.13490694 0.13133766 0.14073643 0.14932350 0.12979685 0.12929863 0.14032835 0.12971069 0.13688480 0.13204038 0.14371297 0.13219388 0.12046839 0.33886275 0.13007445 0.00000000 
