50
Aphaenogaster_occidentalis_EX818  0.0000000 0.1657968 0.1273154 0.1459002 0.1447794 0.1304909 0.1246284 0.1263505 0.1235334 0.2275700 0.1595690 0.2278580 0.1282438 0.1255922 0.1269380 0.1332573 0.1312173 0.1305232 0.1250044 0.1223297 0.1302926 0.1248034 0.1288961 0.1219690 0.1287173 0.1221440 0.1238731 0.1375442 0.1233848 0.1212291 0.1209515 0.1341486 0.1217122 0.1376850 0.1432711 0.1286163 0.1232885 0.1201936 0.1210949 0.1293578 0.1313536 0.1309524 0.1301670 0.1261513 0.1457343 0.1303411 0.1245547 0.1234233 0.1301280 0.1558840 
Crematogaster_nigropilosa_EX831   0.1657968 0.0000000 0.1352876 0.1498526 0.1509296 0.1373024 0.1297538 0.1335789 0.1340356 0.2813884 0.2228604 0.2762610 0.1374120 0.1340911 0.1366924 0.1404054 0.1385495 0.1372014 0.1349365 0.1325796 0.1399000 0.1335604 0.1383208 0.1289484 0.1381661 0.1300727 0.1342914 0.1440934 0.1291635 0.1276764 0.1297185 0.1431702 0.1314527 0.1486668 0.1505138 0.1383402 0.1329368 0.1294697 0.1303878 0.1390284 0.1407012 0.1384690 0.1410584 0.1357186 0.1567578 0.1345644 0.1334525 0.1334438 0.1389042 0.1677345 
Formicoxenus_diversipilosus_D1000 0.1273154 0.1352876 0.0000000 0.0954851 0.0957133 0.0107390 0.0073195 0.0074224 0.0069250 0.2351780 0.1785717 0.2430371 0.0727908 0.0695673 0.0695737 0.0772931 0.0753868 0.0729079 0.0699278 0.0674646 0.0734726 0.0691275 0.0748428 0.0636488 0.0695671 0.0637211 0.0669674 0.0824742 0.0630878 0.0629798 0.0661982 0.0797199 0.0661780 0.0787395 0.0881476 0.0730382 0.0680455 0.0639427 0.0652473 0.0746112 0.0741683 0.0716192 0.0748805 0.0684016 0.0882688 0.0711183 0.0699813 0.0689887 0.0754995 0.1042011 
Gauromyrmex_my01_P081             0.1459002 0.1498526 0.0954851 0.0000000 0.0038950 0.0935588 0.0876078 0.0880541 0.0899400 0.2571469 0.2001072 0.2530958 0.0970556 0.0920937 0.0953750 0.1010986 0.0997778 0.0966129 0.0934696 0.0913586 0.0977083 0.0937055 0.0983491 0.0868343 0.0950816 0.0888718 0.0899326 0.1065498 0.0873530 0.0863091 0.0901545 0.1042143 0.0917659 0.1032659 0.1103783 0.0973117 0.0928946 0.0876535 0.0900908 0.0988993 0.0998175 0.0961320 0.0983615 0.0928548 0.1127319 0.0948733 0.0938210 0.0917991 0.0992705 0.1229631 
Gauromyrmex_bengakalisi_EX812     0.1447794 0.1509296 0.0957133 0.0038950 0.0000000 0.0942971 0.0878142 0.0883902 0.0893411 0.2541857 0.2005595 0.2540391 0.0968571 0.0922731 0.0954369 0.1013076 0.1004797 0.0957825 0.0931423 0.0914290 0.0975576 0.0934025 0.0983851 0.0868496 0.0955549 0.0888562 0.0903145 0.1059790 0.0872957 0.0864322 0.0900282 0.1038608 0.0911905 0.1029220 0.1109172 0.0976811 0.0928254 0.0871414 0.0895722 0.0984442 0.0995562 0.0963046 0.0981846 0.0930890 0.1120880 0.0949848 0.0936755 0.0918187 0.0995451 0.1221929 
Harpagoxenus_sublaevis_D1116      0.1304909 0.1373024 0.0107390 0.0935588 0.0942971 0.0000000 0.0090883 0.0089312 0.0089273 0.2412167 0.1852676 0.2582510 0.0699890 0.0667671 0.0694293 0.0746441 0.0729050 0.0727678 0.0695966 0.0669486 0.0740161 0.0667963 0.0716242 0.0640381 0.0686546 0.0642548 0.0656138 0.0802438 0.0638928 0.0647897 0.0636000 0.0774278 0.0639220 0.0783876 0.0861092 0.0698566 0.0663574 0.0661828 0.0635534 0.0725211 0.0758736 0.0701678 0.0727977 0.0675136 0.0886454 0.0704638 0.0676556 0.0661345 0.0730286 0.1044437 
Leptothorax_calderoni_P070        0.1246284 0.1297538 0.0073195 0.0876078 0.0878142 0.0090883 0.0000000 0.0055905 0.0057924 0.2330244 0.1738792 0.2423185 0.0671841 0.0627738 0.0678494 0.0711055 0.0686414 0.0704448 0.0656716 0.0628361 0.0710897 0.0643213 0.0691281 0.0607735 0.0680525 0.0630315 0.0634862 0.0763004 0.0621053 0.0612331 0.0595441 0.0718851 0.0607628 0.0768285 0.0813425 0.0673399 0.0635342 0.0625078 0.0607758 0.0697714 0.0713500 0.0681258 0.0689636 0.0657702 0.0853563 0.0688076 0.0643140 0.0631712 0.0679385 0.0991129 
Leptothorax_gredleri_P089         0.1263505 0.1335789 0.0074224 0.0880541 0.0883902 0.0089312 0.0055905 0.0000000 0.0059347 0.2391396 0.1838311 0.2543071 0.0690666 0.0645049 0.0692310 0.0709044 0.0685765 0.0699201 0.0654404 0.0626418 0.0718340 0.0657936 0.0706029 0.0618022 0.0663924 0.0636314 0.0645816 0.0783540 0.0616414 0.0612125 0.0599136 0.0731389 0.0618110 0.0789382 0.0834761 0.0687785 0.0643016 0.0616736 0.0618687 0.0703303 0.0745996 0.0711709 0.0713750 0.0676181 0.0879543 0.0704021 0.0651162 0.0647548 0.0685361 0.1023320 
Leptothorax_muscorum_EX816        0.1235334 0.1340356 0.0069250 0.0899400 0.0893411 0.0089273 0.0057924 0.0059347 0.0000000 0.2320254 0.1773915 0.2504554 0.0683482 0.0643069 0.0671172 0.0719778 0.0693765 0.0693650 0.0657592 0.0624560 0.0700159 0.0648379 0.0690079 0.0614332 0.0678713 0.0616547 0.0638356 0.0774950 0.0618530 0.0607117 0.0606462 0.0730964 0.0613794 0.0776255 0.0827362 0.0678975 0.0635501 0.0613773 0.0610095 0.0698036 0.0735561 0.0692756 0.0691676 0.0665776 0.0853542 0.0687079 0.0653705 0.0635439 0.0688922 0.1000398 
Monomorium_pharaonis_EX804        0.2275700 0.2813884 0.2351780 0.2571469 0.2541857 0.2412167 0.2330244 0.2391396 0.2320254 0.0000000 0.2806804 0.3539607 0.2400232 0.2335133 0.2376336 0.2404765 0.2401580 0.2441714 0.2346539 0.2307075 0.2395378 0.2334595 0.2384353 0.2282252 0.2425669 0.2319889 0.2316096 0.2485285 0.2309317 0.2336022 0.2301557 0.2394239 0.2295267 0.2492990 0.2527394 0.2405834 0.2346914 0.2305621 0.2287044 0.2389175 0.2400031 0.2417433 0.2422616 0.2359795 0.2576564 0.2371341 0.2377765 0.2331469 0.2379943 0.2665316 
Myrmica_incompleta_EX808          0.1595690 0.2228604 0.1785717 0.2001072 0.2005595 0.1852676 0.1738792 0.1838311 0.1773915 0.2806804 0.0000000 0.2438013 0.1794452 0.1757750 0.1811028 0.1848569 0.1827824 0.1843286 0.1751708 0.1699345 0.1831882 0.1743840 0.1795106 0.1726629 0.1847858 0.1775117 0.1763667 0.1895968 0.1763104 0.1698849 0.1720807 0.1855466 0.1747257 0.1941413 0.1975232 0.1800425 0.1760207 0.1731274 0.1719983 0.1819473 0.1849832 0.1789926 0.1798929 0.1786060 0.1973993 0.1872541 0.1753537 0.1766157 0.1821890 0.2099214 
Pogonomyrmex_occidentalis_EX810   0.2278580 0.2762610 0.2430371 0.2530958 0.2540391 0.2582510 0.2423185 0.2543071 0.2504554 0.3539607 0.2438013 0.0000000 0.2407816 0.2411455 0.2523208 0.2471416 0.2445756 0.2471754 0.2425148 0.2387535 0.2489123 0.2356906 0.2413373 0.2388512 0.2520186 0.2449007 0.2457964 0.2491947 0.2438856 0.2380546 0.2346735 0.2459151 0.2367567 0.2614393 0.2571966 0.2422625 0.2351531 0.2382993 0.2347342 0.2415790 0.2541312 0.2512385 0.2463105 0.2518843 0.2655377 0.2487051 0.2382414 0.2399800 0.2420582 0.2741149 
Temnothorax_fuscatus_cf_P052      0.1282438 0.1374120 0.0727908 0.0970556 0.0968571 0.0699890 0.0671841 0.0690666 0.0683482 0.2400232 0.1794452 0.2407816 0.0000000 0.0176214 0.0282195 0.0344987 0.0318489 0.0295659 0.0278093 0.0261668 0.0322755 0.0269449 0.0315669 0.0220191 0.0284916 0.0221502 0.0247997 0.0386537 0.0244365 0.0236479 0.0227925 0.0359127 0.0239178 0.0261519 0.0322176 0.0311232 0.0257376 0.0237198 0.0250966 0.0204369 0.0315934 0.0294551 0.0321830 0.0272596 0.0336941 0.0304336 0.0276368 0.0268402 0.0312370 0.1059218 
Temnothorax_mmp07_P003            0.1255922 0.1340911 0.0695673 0.0920937 0.0922731 0.0667671 0.0627738 0.0645049 0.0643069 0.2335133 0.1757750 0.2411455 0.0176214 0.0000000 0.0249514 0.0312141 0.0278711 0.0265550 0.0249066 0.0224128 0.0286785 0.0240318 0.0293245 0.0190959 0.0253638 0.0193281 0.0218641 0.0361094 0.0209234 0.0203838 0.0199900 0.0326201 0.0204164 0.0233351 0.0318699 0.0277678 0.0227633 0.0202763 0.0221739 0.0196746 0.0291684 0.0270503 0.0286114 0.0239219 0.0326480 0.0270468 0.0239740 0.0231921 0.0279888 0.1012554 
Temnothorax_mmp11_P054            0.1269380 0.1366924 0.0695737 0.0953750 0.0954369 0.0694293 0.0678494 0.0692310 0.0671172 0.2376336 0.1811028 0.2523208 0.0282195 0.0249514 0.0000000 0.0312567 0.0302782 0.0296512 0.0262181 0.0238570 0.0316298 0.0261061 0.0299731 0.0227023 0.0276573 0.0236548 0.0250707 0.0373125 0.0236165 0.0234760 0.0219171 0.0343481 0.0228938 0.0366145 0.0420572 0.0279379 0.0249786 0.0230626 0.0226434 0.0305983 0.0329343 0.0298945 0.0303419 0.0072923 0.0445027 0.0302944 0.0266726 0.0256661 0.0300459 0.1027723 
Temnothorax_allardycei_P101       0.1332573 0.1404054 0.0772931 0.1010986 0.1013076 0.0746441 0.0711055 0.0709044 0.0719778 0.2404765 0.1848569 0.2471416 0.0344987 0.0312141 0.0312567 0.0000000 0.0380767 0.0341085 0.0317386 0.0294141 0.0360889 0.0314864 0.0367114 0.0258135 0.0310912 0.0263213 0.0289710 0.0440849 0.0272837 0.0269847 0.0276713 0.0421838 0.0281268 0.0394298 0.0494075 0.0254510 0.0303299 0.0265828 0.0281943 0.0361534 0.0362969 0.0332896 0.0358615 0.0301090 0.0484853 0.0334142 0.0319624 0.0302966 0.0375854 0.1089232 
Temnothorax_americanus_P032       0.1312173 0.1385495 0.0753868 0.0997778 0.1004797 0.0729050 0.0686414 0.0685765 0.0693765 0.2401580 0.1827824 0.2445756 0.0318489 0.0278711 0.0302782 0.0380767 0.0000000 0.0239469 0.0266629 0.0271272 0.0336653 0.0261165 0.0346337 0.0209237 0.0299837 0.0210906 0.0177984 0.0386437 0.0255184 0.0247388 0.0220611 0.0389707 0.0201605 0.0369916 0.0467607 0.0331180 0.0249804 0.0243142 0.0268827 0.0331857 0.0313012 0.0313591 0.0301169 0.0287093 0.0457483 0.0319873 0.0260242 0.0246020 0.0344197 0.1077131 
Temnothorax_bernardi_P013         0.1305232 0.1372014 0.0729079 0.0966129 0.0957825 0.0727678 0.0704448 0.0699201 0.0693650 0.2441714 0.1843286 0.2471754 0.0295659 0.0265550 0.0296512 0.0341085 0.0239469 0.0000000 0.0260984 0.0255071 0.0340771 0.0247058 0.0321654 0.0212663 0.0302349 0.0211127 0.0187374 0.0362753 0.0255935 0.0253227 0.0203689 0.0351122 0.0191491 0.0379643 0.0435677 0.0312650 0.0231726 0.0246492 0.0256998 0.0322163 0.0314265 0.0317529 0.0291236 0.0294009 0.0463824 0.0325548 0.0249900 0.0242037 0.0310940 0.1077406 
Temnothorax_cagnianti_P042        0.1250044 0.1349365 0.0699278 0.0934696 0.0931423 0.0695966 0.0656716 0.0654404 0.0657592 0.2346539 0.1751708 0.2425148 0.0278093 0.0249066 0.0262181 0.0317386 0.0266629 0.0260984 0.0000000 0.0234199 0.0300205 0.0171389 0.0290772 0.0146054 0.0265566 0.0185167 0.0210094 0.0282776 0.0227449 0.0220576 0.0163500 0.0334228 0.0188736 0.0338376 0.0415075 0.0288191 0.0165899 0.0216113 0.0231161 0.0292285 0.0229587 0.0285958 0.0268874 0.0257207 0.0429936 0.0285502 0.0213805 0.0203032 0.0286216 0.1032291 
Temnothorax_clypeatus_P105        0.1223297 0.1325796 0.0674646 0.0913586 0.0914290 0.0669486 0.0628361 0.0626418 0.0624560 0.2307075 0.1699345 0.2387535 0.0261668 0.0224128 0.0238570 0.0294141 0.0271272 0.0255071 0.0234199 0.0000000 0.0278151 0.0231121 0.0280106 0.0183325 0.0241481 0.0183440 0.0206062 0.0350360 0.0195595 0.0193109 0.0186361 0.0322227 0.0196450 0.0321326 0.0401765 0.0267348 0.0215692 0.0148881 0.0207742 0.0281349 0.0280615 0.0257727 0.0280994 0.0230049 0.0407110 0.0258937 0.0232955 0.0225639 0.0276774 0.1005575 
Temnothorax_cristinae_P115        0.1302926 0.1399000 0.0734726 0.0977083 0.0975576 0.0740161 0.0710897 0.0718340 0.0700159 0.2395378 0.1831882 0.2489123 0.0322755 0.0286785 0.0316298 0.0360889 0.0336653 0.0340771 0.0300205 0.0278151 0.0000000 0.0292787 0.0233138 0.0252781 0.0315874 0.0261887 0.0286036 0.0402128 0.0273319 0.0265710 0.0252822 0.0381845 0.0261613 0.0393528 0.0454663 0.0325559 0.0275923 0.0260095 0.0265910 0.0333001 0.0347070 0.0251981 0.0341772 0.0301847 0.0479400 0.0342047 0.0293474 0.0284977 0.0338616 0.1088961 
Temnothorax_flavicornis_P121      0.1248034 0.1335604 0.0691275 0.0937055 0.0934025 0.0667963 0.0643213 0.0657936 0.0648379 0.2334595 0.1743840 0.2356906 0.0269449 0.0240318 0.0261061 0.0314864 0.0261165 0.0247058 0.0171389 0.0231121 0.0292787 0.0000000 0.0288039 0.0131158 0.0256695 0.0168258 0.0195698 0.0247114 0.0214400 0.0206328 0.0156527 0.0332759 0.0182747 0.0330910 0.0409263 0.0280597 0.0157582 0.0205992 0.0223719 0.0286625 0.0188746 0.0268510 0.0263656 0.0249077 0.0422078 0.0275831 0.0204494 0.0199296 0.0288252 0.1030957 
Temnothorax_flavispinus_cf_P112   0.1288961 0.1383208 0.0748428 0.0983491 0.0983851 0.0716242 0.0691281 0.0706029 0.0690079 0.2384353 0.1795106 0.2413373 0.0315669 0.0293245 0.0299731 0.0367114 0.0346337 0.0321654 0.0290772 0.0280106 0.0233138 0.0288039 0.0000000 0.0238609 0.0298580 0.0244121 0.0267739 0.0405403 0.0259410 0.0247969 0.0254195 0.0387738 0.0259283 0.0375964 0.0461617 0.0325760 0.0275655 0.0251568 0.0261647 0.0336775 0.0333501 0.0239580 0.0343544 0.0290006 0.0462501 0.0318663 0.0299206 0.0289724 0.0341996 0.1070651 
Temnothorax_gredosi_P097          0.1219690 0.1289484 0.0636488 0.0868343 0.0868496 0.0640381 0.0607735 0.0618022 0.0614332 0.2282252 0.1726629 0.2388512 0.0220191 0.0190959 0.0227023 0.0258135 0.0209237 0.0212663 0.0146054 0.0183325 0.0252781 0.0131158 0.0238609 0.0000000 0.0221461 0.0135652 0.0163755 0.0236189 0.0183690 0.0176188 0.0114462 0.0274177 0.0135166 0.0298124 0.0356258 0.0229615 0.0116267 0.0172731 0.0175680 0.0237693 0.0195691 0.0243875 0.0216054 0.0212085 0.0387351 0.0249503 0.0161136 0.0151080 0.0230152 0.0985482 
Temnothorax_gundlachi_P099        0.1287173 0.1381661 0.0695671 0.0950816 0.0955549 0.0686546 0.0680525 0.0663924 0.0678713 0.2425669 0.1847858 0.2520186 0.0284916 0.0253638 0.0276573 0.0310912 0.0299837 0.0302349 0.0265566 0.0241481 0.0315874 0.0256695 0.0298580 0.0221461 0.0000000 0.0235795 0.0250793 0.0373513 0.0239347 0.0230676 0.0218801 0.0349314 0.0226256 0.0367105 0.0423702 0.0282401 0.0244004 0.0225903 0.0222389 0.0302534 0.0327964 0.0287744 0.0307292 0.0265530 0.0449801 0.0298323 0.0258135 0.0252525 0.0305776 0.1029664 
Temnothorax_kubira_P056           0.1221440 0.1300727 0.0637211 0.0888718 0.0888562 0.0642548 0.0630315 0.0636314 0.0616547 0.2319889 0.1775117 0.2449007 0.0221502 0.0193281 0.0236548 0.0263213 0.0210906 0.0211127 0.0185167 0.0183440 0.0261887 0.0168258 0.0244121 0.0135652 0.0235795 0.0000000 0.0162322 0.0279628 0.0190847 0.0181799 0.0125077 0.0275264 0.0138737 0.0310086 0.0354409 0.0234098 0.0157403 0.0175281 0.0182614 0.0243587 0.0243391 0.0246217 0.0205937 0.0224119 0.0393895 0.0251865 0.0172236 0.0158934 0.0237338 0.0998207 
Temnothorax_longispinosus_P039    0.1238731 0.1342914 0.0669674 0.0899326 0.0903145 0.0656138 0.0634862 0.0645816 0.0638356 0.2316096 0.1763667 0.2457964 0.0247997 0.0218641 0.0250707 0.0289710 0.0177984 0.0187374 0.0210094 0.0206062 0.0286036 0.0195698 0.0267739 0.0163755 0.0250793 0.0162322 0.0000000 0.0306126 0.0211044 0.0201802 0.0153308 0.0296460 0.0140033 0.0319089 0.0389974 0.0259684 0.0185846 0.0193323 0.0204552 0.0265059 0.0261805 0.0266767 0.0238318 0.0240499 0.0411863 0.0273495 0.0199265 0.0188558 0.0257291 0.1004655 
Temnothorax_muellerianus_P104     0.1375442 0.1440934 0.0824742 0.1065498 0.1059790 0.0802438 0.0763004 0.0783540 0.0774950 0.2485285 0.1895968 0.2491947 0.0386537 0.0361094 0.0373125 0.0440849 0.0386437 0.0362753 0.0282776 0.0350360 0.0402128 0.0247114 0.0405403 0.0236189 0.0373513 0.0279628 0.0306126 0.0000000 0.0327045 0.0318853 0.0277749 0.0447961 0.0299222 0.0446480 0.0520741 0.0396206 0.0268607 0.0310653 0.0336936 0.0404046 0.0237786 0.0377571 0.0380126 0.0364323 0.0535674 0.0383646 0.0324099 0.0316606 0.0407378 0.1155452 
Temnothorax_nevadensis_P016       0.1233848 0.1291635 0.0630878 0.0873530 0.0872957 0.0638928 0.0621053 0.0616414 0.0618530 0.2309317 0.1763104 0.2438856 0.0244365 0.0209234 0.0236165 0.0272837 0.0255184 0.0255935 0.0227449 0.0195595 0.0273319 0.0214400 0.0259410 0.0183690 0.0239347 0.0190847 0.0211044 0.0327045 0.0000000 0.0164027 0.0174691 0.0299207 0.0181797 0.0321993 0.0380752 0.0246934 0.0203289 0.0184204 0.0190587 0.0259881 0.0284516 0.0252005 0.0268553 0.0226282 0.0406435 0.0257294 0.0219419 0.0213397 0.0258231 0.0979388 
Temnothorax_nitens_P017           0.1212291 0.1276764 0.0629798 0.0863091 0.0864322 0.0647897 0.0612331 0.0612125 0.0607117 0.2336022 0.1698849 0.2380546 0.0236479 0.0203838 0.0234760 0.0269847 0.0247388 0.0253227 0.0220576 0.0193109 0.0265710 0.0206328 0.0247969 0.0176188 0.0230676 0.0181799 0.0201802 0.0318853 0.0164027 0.0000000 0.0166704 0.0293806 0.0175262 0.0312873 0.0367370 0.0236544 0.0196027 0.0178263 0.0181480 0.0253014 0.0274622 0.0248005 0.0262675 0.0221308 0.0405683 0.0247616 0.0212889 0.0207228 0.0254011 0.0984103 
Temnothorax_nylanderi_P025        0.1209515 0.1297185 0.0661982 0.0901545 0.0900282 0.0636000 0.0595441 0.0599136 0.0606462 0.2301557 0.1720807 0.2346735 0.0227925 0.0199900 0.0219171 0.0276713 0.0220611 0.0203689 0.0163500 0.0186361 0.0252822 0.0156527 0.0254195 0.0114462 0.0218801 0.0125077 0.0153308 0.0277749 0.0174691 0.0166704 0.0000000 0.0291362 0.0138766 0.0292769 0.0375572 0.0241680 0.0143126 0.0161166 0.0180970 0.0247803 0.0210380 0.0231463 0.0217834 0.0210953 0.0378497 0.0241050 0.0155543 0.0147450 0.0249245 0.0986278 
Temnothorax_obturator_P111        0.1341486 0.1431702 0.0797199 0.1042143 0.1038608 0.0774278 0.0718851 0.0731389 0.0730964 0.2394239 0.1855466 0.2459151 0.0359127 0.0326201 0.0343481 0.0421838 0.0389707 0.0351122 0.0334228 0.0322227 0.0381845 0.0332759 0.0387738 0.0274177 0.0349314 0.0275264 0.0296460 0.0447961 0.0299207 0.0293806 0.0291362 0.0000000 0.0298447 0.0405949 0.0502316 0.0377682 0.0318010 0.0286078 0.0311434 0.0374276 0.0368033 0.0350748 0.0373168 0.0328067 0.0490087 0.0361847 0.0339661 0.0327591 0.0296688 0.1094000 
Temnothorax_oxianus_P094          0.1217122 0.1314527 0.0661780 0.0917659 0.0911905 0.0639220 0.0607628 0.0618110 0.0613794 0.2295267 0.1747257 0.2367567 0.0239178 0.0204164 0.0228938 0.0281268 0.0201605 0.0191491 0.0188736 0.0196450 0.0261613 0.0182747 0.0259283 0.0135166 0.0226256 0.0138737 0.0140033 0.0299222 0.0181797 0.0175262 0.0138766 0.0298447 0.0000000 0.0301699 0.0377036 0.0252737 0.0167832 0.0173532 0.0187908 0.0254535 0.0232801 0.0238244 0.0234325 0.0216658 0.0390128 0.0245708 0.0189104 0.0179549 0.0252772 0.1003132 
Temnothorax_peninsularis_nr_P106  0.1376850 0.1486668 0.0787395 0.1032659 0.1029220 0.0783876 0.0768285 0.0789382 0.0776255 0.2492990 0.1941413 0.2614393 0.0261519 0.0233351 0.0366145 0.0394298 0.0369916 0.0379643 0.0338376 0.0321326 0.0393528 0.0330910 0.0375964 0.0298124 0.0367105 0.0310086 0.0319089 0.0446480 0.0321993 0.0312873 0.0292769 0.0405949 0.0301699 0.0000000 0.0396512 0.0369365 0.0317561 0.0312446 0.0315970 0.0274440 0.0407202 0.0372700 0.0379012 0.0358495 0.0419931 0.0390019 0.0340775 0.0329897 0.0363239 0.1124860 
Temnothorax_pergandei_P036        0.1432711 0.1505138 0.0881476 0.1103783 0.1109172 0.0861092 0.0813425 0.0834761 0.0827362 0.2527394 0.1975232 0.2571966 0.0322176 0.0318699 0.0420572 0.0494075 0.0467607 0.0435677 0.0415075 0.0401765 0.0454663 0.0409263 0.0461617 0.0356258 0.0423702 0.0354409 0.0389974 0.0520741 0.0380752 0.0367370 0.0375572 0.0502316 0.0377036 0.0396512 0.0000000 0.0450905 0.0393514 0.0370159 0.0386957 0.0344288 0.0446925 0.0430863 0.0465344 0.0415938 0.0468775 0.0440591 0.0418351 0.0414446 0.0454668 0.1210568 
Temnothorax_purpuratus_P062       0.1286163 0.1383402 0.0730382 0.0973117 0.0976811 0.0698566 0.0673399 0.0687785 0.0678975 0.2405834 0.1800425 0.2422625 0.0311232 0.0277678 0.0279379 0.0254510 0.0331180 0.0312650 0.0288191 0.0267348 0.0325559 0.0280597 0.0325760 0.0229615 0.0282401 0.0234098 0.0259684 0.0396206 0.0246934 0.0236544 0.0241680 0.0377682 0.0252737 0.0369365 0.0450905 0.0000000 0.0266484 0.0238299 0.0248495 0.0326861 0.0326483 0.0303931 0.0338233 0.0271331 0.0456828 0.0303605 0.0290361 0.0279448 0.0334999 0.1053909 
Temnothorax_recedens_P014         0.1232885 0.1329368 0.0680455 0.0928946 0.0928254 0.0663574 0.0635342 0.0643016 0.0635501 0.2346914 0.1760207 0.2351531 0.0257376 0.0227633 0.0249786 0.0303299 0.0249804 0.0231726 0.0165899 0.0215692 0.0275923 0.0157582 0.0275655 0.0116267 0.0244004 0.0157403 0.0185846 0.0268607 0.0203289 0.0196027 0.0143126 0.0318010 0.0167832 0.0317561 0.0393514 0.0266484 0.0000000 0.0194570 0.0208281 0.0272654 0.0208349 0.0254444 0.0248747 0.0237045 0.0404728 0.0265099 0.0195902 0.0181651 0.0275442 0.1001826 
Temnothorax_rugatulus_P018        0.1201936 0.1294697 0.0639427 0.0876535 0.0871414 0.0661828 0.0625078 0.0616736 0.0613773 0.2305621 0.1731274 0.2382993 0.0237198 0.0202763 0.0230626 0.0265828 0.0243142 0.0246492 0.0216113 0.0148881 0.0260095 0.0205992 0.0251568 0.0172731 0.0225903 0.0175281 0.0193323 0.0310653 0.0184204 0.0178263 0.0161166 0.0286078 0.0173532 0.0312446 0.0370159 0.0238299 0.0194570 0.0000000 0.0179157 0.0254479 0.0269991 0.0248635 0.0253494 0.0218982 0.0397878 0.0249929 0.0211491 0.0198759 0.0247686 0.0996394 
Temnothorax_rugithorax_cf_P135    0.1210949 0.1303878 0.0652473 0.0900908 0.0895722 0.0635534 0.0607758 0.0618687 0.0610095 0.2287044 0.1719983 0.2347342 0.0250966 0.0221739 0.0226434 0.0281943 0.0268827 0.0256998 0.0231161 0.0207742 0.0265910 0.0223719 0.0261647 0.0175680 0.0222389 0.0182614 0.0204552 0.0336936 0.0190587 0.0181480 0.0180970 0.0311434 0.0187908 0.0315970 0.0386957 0.0248495 0.0208281 0.0179157 0.0000000 0.0270508 0.0271617 0.0248007 0.0279710 0.0214711 0.0403914 0.0226845 0.0229383 0.0219391 0.0270882 0.0988715 
Temnothorax_salvini_P050          0.1293578 0.1390284 0.0746112 0.0988993 0.0984442 0.0725211 0.0697714 0.0703303 0.0698036 0.2389175 0.1819473 0.2415790 0.0204369 0.0196746 0.0305983 0.0361534 0.0331857 0.0322163 0.0292285 0.0281349 0.0333001 0.0286625 0.0336775 0.0237693 0.0302534 0.0243587 0.0265059 0.0404046 0.0259881 0.0253014 0.0247803 0.0374276 0.0254535 0.0274440 0.0344288 0.0326861 0.0272654 0.0254479 0.0270508 0.0000000 0.0334370 0.0313878 0.0338717 0.0293871 0.0359845 0.0324286 0.0291095 0.0286309 0.0332615 0.1079101 
Temnothorax_semenovi_P093         0.1313536 0.1407012 0.0741683 0.0998175 0.0995562 0.0758736 0.0713500 0.0745996 0.0735561 0.2400031 0.1849832 0.2541312 0.0315934 0.0291684 0.0329343 0.0362969 0.0313012 0.0314265 0.0229587 0.0280615 0.0347070 0.0188746 0.0333501 0.0195691 0.0327964 0.0243391 0.0261805 0.0237786 0.0284516 0.0274622 0.0210380 0.0368033 0.0232801 0.0407202 0.0446925 0.0326483 0.0208349 0.0269991 0.0271617 0.0334370 0.0000000 0.0330402 0.0316908 0.0321727 0.0489039 0.0354223 0.0257722 0.0254901 0.0331064 0.1093976 
Temnothorax_semiruber_P026        0.1309524 0.1384690 0.0716192 0.0961320 0.0963046 0.0701678 0.0681258 0.0711709 0.0692756 0.2417433 0.1789926 0.2512385 0.0294551 0.0270503 0.0298945 0.0332896 0.0313591 0.0317529 0.0285958 0.0257727 0.0251981 0.0268510 0.0239580 0.0243875 0.0287744 0.0246217 0.0266767 0.0377571 0.0252005 0.0248005 0.0231463 0.0350748 0.0238244 0.0372700 0.0430863 0.0303931 0.0254444 0.0248635 0.0248007 0.0313878 0.0330402 0.0000000 0.0321704 0.0285209 0.0461351 0.0317661 0.0273254 0.0265370 0.0311720 0.1054217 
Temnothorax_spinosior_P038        0.1301670 0.1410584 0.0748805 0.0983615 0.0981846 0.0727977 0.0689636 0.0713750 0.0691676 0.2422616 0.1798929 0.2463105 0.0321830 0.0286114 0.0303419 0.0358615 0.0301169 0.0291236 0.0268874 0.0280994 0.0341772 0.0263656 0.0343544 0.0216054 0.0307292 0.0205937 0.0238318 0.0380126 0.0268553 0.0262675 0.0217834 0.0373168 0.0234325 0.0379012 0.0465344 0.0338233 0.0248747 0.0253494 0.0279710 0.0338717 0.0316908 0.0321704 0.0000000 0.0292611 0.0459247 0.0328218 0.0262889 0.0254574 0.0332347 0.1078015 
Temnothorax_striatulus_cf_P051    0.1261513 0.1357186 0.0684016 0.0928548 0.0930890 0.0675136 0.0657702 0.0676181 0.0665776 0.2359795 0.1786060 0.2518843 0.0272596 0.0239219 0.0072923 0.0301090 0.0287093 0.0294009 0.0257207 0.0230049 0.0301847 0.0249077 0.0290006 0.0212085 0.0265530 0.0224119 0.0240499 0.0364323 0.0226282 0.0221308 0.0210953 0.0328067 0.0216658 0.0358495 0.0415938 0.0271331 0.0237045 0.0218982 0.0214711 0.0293871 0.0321727 0.0285209 0.0292611 0.0000000 0.0437591 0.0288657 0.0250411 0.0243556 0.0288364 0.1023144 
Temnothorax_subditivus_P059       0.1457343 0.1567578 0.0882688 0.1127319 0.1120880 0.0886454 0.0853563 0.0879543 0.0853542 0.2576564 0.1973993 0.2655377 0.0336941 0.0326480 0.0445027 0.0484853 0.0457483 0.0463824 0.0429936 0.0407110 0.0479400 0.0422078 0.0462501 0.0387351 0.0449801 0.0393895 0.0411863 0.0535674 0.0406435 0.0405683 0.0378497 0.0490087 0.0390128 0.0419931 0.0468775 0.0456828 0.0404728 0.0397878 0.0403914 0.0359845 0.0489039 0.0461351 0.0459247 0.0437591 0.0000000 0.0475384 0.0424164 0.0414256 0.0454002 0.1214764 
Temnothorax_tricarinatus_P110     0.1303411 0.1345644 0.0711183 0.0948733 0.0949848 0.0704638 0.0688076 0.0704021 0.0687079 0.2371341 0.1872541 0.2487051 0.0304336 0.0270468 0.0302944 0.0334142 0.0319873 0.0325548 0.0285502 0.0258937 0.0342047 0.0275831 0.0318663 0.0249503 0.0298323 0.0251865 0.0273495 0.0383646 0.0257294 0.0247616 0.0241050 0.0361847 0.0245708 0.0390019 0.0440591 0.0303605 0.0265099 0.0249929 0.0226845 0.0324286 0.0354223 0.0317661 0.0328218 0.0288657 0.0475384 0.0000000 0.0281672 0.0274859 0.0320752 0.1045748 
Temnothorax_turcicus_P022         0.1245547 0.1334525 0.0699813 0.0938210 0.0936755 0.0676556 0.0643140 0.0651162 0.0653705 0.2377765 0.1753537 0.2382414 0.0276368 0.0239740 0.0266726 0.0319624 0.0260242 0.0249900 0.0213805 0.0232955 0.0293474 0.0204494 0.0299206 0.0161136 0.0258135 0.0172236 0.0199265 0.0324099 0.0219419 0.0212889 0.0155543 0.0339661 0.0189104 0.0340775 0.0418351 0.0290361 0.0195902 0.0211491 0.0229383 0.0291095 0.0257722 0.0273254 0.0262889 0.0250411 0.0424164 0.0281672 0.0000000 0.0085773 0.0292065 0.1034176 
Temnothorax_unifasciatus_P027     0.1234233 0.1334438 0.0689887 0.0917991 0.0918187 0.0661345 0.0631712 0.0647548 0.0635439 0.2331469 0.1766157 0.2399800 0.0268402 0.0231921 0.0256661 0.0302966 0.0246020 0.0242037 0.0203032 0.0225639 0.0284977 0.0199296 0.0289724 0.0151080 0.0252525 0.0158934 0.0188558 0.0316606 0.0213397 0.0207228 0.0147450 0.0327591 0.0179549 0.0329897 0.0414446 0.0279448 0.0181651 0.0198759 0.0219391 0.0286309 0.0254901 0.0265370 0.0254574 0.0243556 0.0414256 0.0274859 0.0085773 0.0000000 0.0277251 0.1035448 
Temnothorax_whitfordi_P091        0.1301280 0.1389042 0.0754995 0.0992705 0.0995451 0.0730286 0.0679385 0.0685361 0.0688922 0.2379943 0.1821890 0.2420582 0.0312370 0.0279888 0.0300459 0.0375854 0.0344197 0.0310940 0.0286216 0.0276774 0.0338616 0.0288252 0.0341996 0.0230152 0.0305776 0.0237338 0.0257291 0.0407378 0.0258231 0.0254011 0.0249245 0.0296688 0.0252772 0.0363239 0.0454668 0.0334999 0.0275442 0.0247686 0.0270882 0.0332615 0.0331064 0.0311720 0.0332347 0.0288364 0.0454002 0.0320752 0.0292065 0.0277251 0.0000000 0.1058367 
Vombisidris_bilongrudi_D937       0.1558840 0.1677345 0.1042011 0.1229631 0.1221929 0.1044437 0.0991129 0.1023320 0.1000398 0.2665316 0.2099214 0.2741149 0.1059218 0.1012554 0.1027723 0.1089232 0.1077131 0.1077406 0.1032291 0.1005575 0.1088961 0.1030957 0.1070651 0.0985482 0.1029664 0.0998207 0.1004655 0.1155452 0.0979388 0.0984103 0.0986278 0.1094000 0.1003132 0.1124860 0.1210568 0.1053909 0.1001826 0.0996394 0.0988715 0.1079101 0.1093976 0.1054217 0.1078015 0.1023144 0.1214764 0.1045748 0.1034176 0.1035448 0.1058367 0.0000000 
