50
Aphaenogaster_occidentalis_EX818  0.0000000 0.1619299 0.1251422 0.1450295 0.1438773 0.1245580 0.1230478 0.1220743 0.1245400 0.2087085 0.1545535 0.2141652 0.1274534 0.1219715 0.1293600 0.1321768 0.1289708 0.1309184 0.1254758 0.1223075 0.1304550 0.1261111 0.1304950 0.1209127 0.1250778 0.1226446 0.1243164 0.1353981 0.1213791 0.1209104 0.1200535 0.1302536 0.1202617 0.1380375 0.1408486 0.1285178 0.1255200 0.1226089 0.1217898 0.1299959 0.1316496 0.1276236 0.1321862 0.1256833 0.1450082 0.1286913 0.1256500 0.1237463 0.1305061 0.1516802 
Crematogaster_nigropilosa_EX831   0.1619299 0.0000000 0.1339839 0.1508989 0.1527191 0.1366041 0.1304487 0.1327169 0.1343855 0.2556276 0.2092234 0.2641768 0.1374129 0.1331749 0.1362650 0.1405468 0.1397839 0.1379279 0.1360933 0.1330187 0.1367681 0.1336621 0.1370764 0.1312962 0.1373046 0.1312119 0.1347062 0.1461581 0.1295085 0.1322789 0.1293977 0.1407758 0.1329482 0.1455884 0.1486834 0.1383953 0.1351512 0.1316360 0.1305473 0.1391903 0.1403572 0.1367010 0.1417667 0.1356655 0.1535853 0.1374494 0.1358134 0.1332104 0.1370426 0.1602804 
Formicoxenus_diversipilosus_D1000 0.1251422 0.1339839 0.0000000 0.0935688 0.0935882 0.0124442 0.0085314 0.0090031 0.0083027 0.2158448 0.1696408 0.2294103 0.0748216 0.0701083 0.0734556 0.0762634 0.0757453 0.0748434 0.0725460 0.0700443 0.0763954 0.0714002 0.0752348 0.0668692 0.0727953 0.0676464 0.0702719 0.0837444 0.0666025 0.0673114 0.0672178 0.0787105 0.0672637 0.0824529 0.0884627 0.0733461 0.0711162 0.0672321 0.0679132 0.0755239 0.0776838 0.0743365 0.0746323 0.0723396 0.0907696 0.0764995 0.0701117 0.0701976 0.0739605 0.1033865 
Gauromyrmex_my01_P081             0.1450295 0.1508989 0.0935688 0.0000000 0.0038132 0.0947256 0.0911187 0.0918732 0.0913496 0.2383297 0.1872611 0.2404190 0.0992789 0.0943550 0.0982935 0.1010694 0.1001324 0.1002657 0.0953902 0.0938474 0.0989949 0.0954081 0.0978868 0.0899073 0.0965646 0.0913779 0.0944314 0.1063606 0.0910005 0.0925047 0.0910497 0.1009415 0.0930472 0.1059205 0.1114384 0.0970595 0.0952069 0.0920997 0.0913610 0.1007003 0.1005190 0.0982147 0.1005078 0.0965653 0.1158060 0.0986187 0.0944823 0.0942883 0.0988150 0.1230460 
Gauromyrmex_bengakalisi_EX812     0.1438773 0.1527191 0.0935882 0.0038132 0.0000000 0.0950283 0.0914586 0.0931683 0.0933482 0.2361013 0.1888597 0.2446904 0.0979166 0.0924083 0.0967619 0.1013873 0.0994252 0.1006674 0.0949311 0.0937051 0.0990192 0.0943410 0.0976159 0.0920943 0.0977214 0.0936502 0.0947440 0.1069388 0.0904919 0.0902192 0.0919279 0.1026576 0.0919371 0.1063380 0.1113062 0.0969064 0.0938060 0.0907349 0.0922120 0.0999910 0.1017452 0.0987342 0.0983031 0.0951281 0.1137612 0.0979658 0.0946228 0.0952569 0.0986377 0.1215046 
Harpagoxenus_sublaevis_D1116      0.1245580 0.1366041 0.0124442 0.0947256 0.0950283 0.0000000 0.0106057 0.0103150 0.0104639 0.2251203 0.1717194 0.2311127 0.0738540 0.0702112 0.0727769 0.0767252 0.0755010 0.0745737 0.0730757 0.0693345 0.0767216 0.0710569 0.0744345 0.0669729 0.0726851 0.0679732 0.0705656 0.0824634 0.0673222 0.0672287 0.0667603 0.0784832 0.0676388 0.0821573 0.0880908 0.0736828 0.0703802 0.0682950 0.0672254 0.0757728 0.0777721 0.0743565 0.0762762 0.0722222 0.0913920 0.0751979 0.0697951 0.0698543 0.0745244 0.1037885 
Leptothorax_calderoni_P070        0.1230478 0.1304487 0.0085314 0.0911187 0.0914586 0.0106057 0.0000000 0.0065593 0.0065251 0.2140413 0.1689055 0.2329224 0.0720692 0.0675020 0.0710232 0.0745560 0.0737499 0.0706282 0.0700989 0.0668537 0.0740247 0.0683593 0.0731537 0.0646547 0.0707715 0.0654045 0.0677841 0.0810172 0.0639634 0.0647862 0.0637335 0.0756866 0.0645534 0.0793075 0.0851668 0.0719766 0.0684930 0.0655529 0.0649267 0.0734584 0.0744929 0.0727998 0.0732263 0.0702965 0.0885105 0.0729565 0.0693613 0.0675983 0.0715956 0.1015345 
Leptothorax_gredleri_P089         0.1220743 0.1327169 0.0090031 0.0918732 0.0931683 0.0103150 0.0065593 0.0000000 0.0068386 0.2172605 0.1679621 0.2295330 0.0719549 0.0683999 0.0711875 0.0769456 0.0728828 0.0726718 0.0706970 0.0669866 0.0747265 0.0691565 0.0723921 0.0661910 0.0714486 0.0667523 0.0684828 0.0811648 0.0654097 0.0655717 0.0651276 0.0762048 0.0655139 0.0809536 0.0871436 0.0719166 0.0675710 0.0652222 0.0652600 0.0735331 0.0767077 0.0729256 0.0747332 0.0700611 0.0885055 0.0734666 0.0696283 0.0684478 0.0735705 0.1011401 
Leptothorax_muscorum_EX816        0.1245400 0.1343855 0.0083027 0.0913496 0.0933482 0.0104639 0.0065251 0.0068386 0.0000000 0.2172597 0.1705652 0.2345690 0.0732714 0.0678355 0.0709176 0.0752392 0.0745672 0.0738409 0.0707054 0.0668689 0.0739282 0.0692676 0.0722751 0.0661623 0.0701804 0.0659610 0.0674138 0.0819331 0.0647943 0.0648783 0.0641243 0.0771062 0.0648722 0.0812758 0.0867410 0.0714096 0.0685307 0.0648702 0.0649205 0.0741197 0.0755157 0.0721730 0.0733806 0.0693949 0.0898405 0.0726960 0.0694278 0.0691603 0.0727416 0.1016854 
Monomorium_pharaonis_EX804        0.2087085 0.2556276 0.2158448 0.2383297 0.2361013 0.2251203 0.2140413 0.2172605 0.2172597 0.0000000 0.2562713 0.3051860 0.2248430 0.2181805 0.2207083 0.2234924 0.2263931 0.2246591 0.2210284 0.2137431 0.2239177 0.2234967 0.2192785 0.2155246 0.2239964 0.2184105 0.2159809 0.2327092 0.2161551 0.2157903 0.2163583 0.2192340 0.2153456 0.2256912 0.2355744 0.2197723 0.2240838 0.2183864 0.2178011 0.2299394 0.2249683 0.2199285 0.2264884 0.2205298 0.2431058 0.2234021 0.2213107 0.2186779 0.2214617 0.2471762 
Myrmica_incompleta_EX808          0.1545535 0.2092234 0.1696408 0.1872611 0.1888597 0.1717194 0.1689055 0.1679621 0.1705652 0.2562713 0.0000000 0.2233597 0.1714686 0.1700193 0.1713886 0.1749254 0.1728138 0.1732669 0.1700214 0.1669263 0.1731789 0.1718741 0.1705439 0.1671529 0.1717774 0.1686072 0.1707084 0.1805450 0.1651792 0.1660659 0.1671459 0.1747226 0.1668154 0.1800828 0.1875438 0.1754503 0.1701459 0.1655519 0.1628581 0.1764561 0.1767465 0.1735665 0.1732462 0.1700566 0.1870453 0.1742148 0.1701266 0.1681059 0.1733331 0.1984912 
Pogonomyrmex_occidentalis_EX810   0.2141652 0.2641768 0.2294103 0.2404190 0.2446904 0.2311127 0.2329224 0.2295330 0.2345690 0.3051860 0.2233597 0.0000000 0.2329404 0.2300280 0.2308948 0.2385245 0.2353869 0.2365917 0.2326167 0.2260292 0.2327083 0.2359231 0.2295808 0.2299963 0.2310019 0.2289909 0.2279469 0.2401262 0.2244683 0.2264361 0.2247761 0.2310750 0.2271411 0.2397012 0.2416658 0.2332480 0.2299908 0.2269439 0.2280953 0.2338376 0.2371001 0.2325228 0.2369827 0.2287381 0.2454568 0.2328307 0.2331660 0.2311435 0.2330905 0.2530268 
Temnothorax_fuscatus_cf_P052      0.1274534 0.1374129 0.0748216 0.0992789 0.0979166 0.0738540 0.0720692 0.0719549 0.0732714 0.2248430 0.1714686 0.2329404 0.0000000 0.0184564 0.0325002 0.0357115 0.0334949 0.0330641 0.0302066 0.0276932 0.0354636 0.0287043 0.0335862 0.0250855 0.0318827 0.0256090 0.0277602 0.0408277 0.0271196 0.0267419 0.0239226 0.0365229 0.0253323 0.0292572 0.0337404 0.0324361 0.0279466 0.0263279 0.0267391 0.0218499 0.0356136 0.0334076 0.0344306 0.0310567 0.0374470 0.0345337 0.0286889 0.0280640 0.0322150 0.1073228 
Temnothorax_mmp07_P003            0.1219715 0.1331749 0.0701083 0.0943550 0.0924083 0.0702112 0.0675020 0.0683999 0.0678355 0.2181805 0.1700193 0.2300280 0.0184564 0.0000000 0.0283818 0.0315184 0.0293262 0.0293899 0.0265469 0.0240265 0.0316356 0.0250631 0.0301716 0.0210393 0.0280628 0.0221865 0.0244826 0.0365940 0.0235193 0.0233575 0.0205619 0.0331307 0.0217231 0.0267473 0.0330833 0.0288694 0.0237250 0.0226719 0.0232604 0.0203959 0.0315302 0.0298227 0.0302479 0.0267779 0.0358731 0.0310005 0.0253774 0.0244647 0.0283518 0.1026908 
Temnothorax_mmp11_P054            0.1293600 0.1362650 0.0734556 0.0982935 0.0967619 0.0727769 0.0710232 0.0711875 0.0709176 0.2207083 0.1713886 0.2308948 0.0325002 0.0283818 0.0000000 0.0341788 0.0335770 0.0333356 0.0304357 0.0268950 0.0353269 0.0292392 0.0335749 0.0252719 0.0301400 0.0261437 0.0285861 0.0410957 0.0266257 0.0262784 0.0246517 0.0375726 0.0261407 0.0402701 0.0467194 0.0310918 0.0282369 0.0260639 0.0256456 0.0343492 0.0358049 0.0329487 0.0347472 0.0085302 0.0489563 0.0332423 0.0295369 0.0287175 0.0328905 0.1062425 
Temnothorax_allardycei_P101       0.1321768 0.1405468 0.0762634 0.1010694 0.1013873 0.0767252 0.0745560 0.0769456 0.0752392 0.2234924 0.1749254 0.2385245 0.0357115 0.0315184 0.0341788 0.0000000 0.0374551 0.0375084 0.0345321 0.0309924 0.0388001 0.0329971 0.0370611 0.0293731 0.0349392 0.0301667 0.0322962 0.0453047 0.0299712 0.0303475 0.0285089 0.0414709 0.0292502 0.0439923 0.0500989 0.0259940 0.0313132 0.0291256 0.0296258 0.0381230 0.0402181 0.0367063 0.0376640 0.0331409 0.0528538 0.0373400 0.0331294 0.0326831 0.0370437 0.1100962 
Temnothorax_americanus_P032       0.1289708 0.1397839 0.0757453 0.1001324 0.0994252 0.0755010 0.0737499 0.0728828 0.0745672 0.2263931 0.1728138 0.2353869 0.0334949 0.0293262 0.0335770 0.0374551 0.0000000 0.0261181 0.0287418 0.0289005 0.0366064 0.0274235 0.0353170 0.0233703 0.0329905 0.0240614 0.0202162 0.0396302 0.0288258 0.0282155 0.0225573 0.0382799 0.0212833 0.0414352 0.0480469 0.0336300 0.0263271 0.0270901 0.0283581 0.0345655 0.0349299 0.0347048 0.0322244 0.0323333 0.0499488 0.0361589 0.0271550 0.0262842 0.0337923 0.1086207 
Temnothorax_bernardi_P013         0.1309184 0.1379279 0.0748434 0.1002657 0.1006674 0.0745737 0.0706282 0.0726718 0.0738409 0.2246591 0.1732669 0.2365917 0.0330641 0.0293899 0.0333356 0.0375084 0.0261181 0.0000000 0.0288756 0.0283851 0.0364211 0.0271709 0.0344994 0.0237090 0.0332100 0.0241477 0.0213171 0.0391476 0.0283591 0.0284610 0.0220988 0.0379578 0.0210888 0.0415705 0.0470411 0.0343631 0.0258671 0.0276366 0.0279139 0.0347436 0.0346719 0.0343552 0.0318678 0.0324644 0.0506263 0.0354538 0.0275242 0.0258000 0.0339800 0.1077655 
Temnothorax_cagnianti_P042        0.1254758 0.1360933 0.0725460 0.0953902 0.0949311 0.0730757 0.0700989 0.0706970 0.0707054 0.2210284 0.1700214 0.2326167 0.0302066 0.0265469 0.0304357 0.0345321 0.0287418 0.0288756 0.0000000 0.0258931 0.0337932 0.0189626 0.0313313 0.0162492 0.0302115 0.0212070 0.0238020 0.0313058 0.0256114 0.0251540 0.0181134 0.0356087 0.0207650 0.0382598 0.0448920 0.0311028 0.0183005 0.0243033 0.0253961 0.0318950 0.0261850 0.0317689 0.0291719 0.0295937 0.0470621 0.0330649 0.0230344 0.0220951 0.0310965 0.1046906 
Temnothorax_clypeatus_P105        0.1223075 0.1330187 0.0700443 0.0938474 0.0937051 0.0693345 0.0668537 0.0669866 0.0668689 0.2137431 0.1669263 0.2260292 0.0276932 0.0240265 0.0268950 0.0309924 0.0289005 0.0283851 0.0258931 0.0000000 0.0305112 0.0243064 0.0287141 0.0208750 0.0266248 0.0212509 0.0234253 0.0364137 0.0220899 0.0218245 0.0195970 0.0331777 0.0207660 0.0364361 0.0412207 0.0276441 0.0230137 0.0171216 0.0217502 0.0296253 0.0316512 0.0286232 0.0294648 0.0262379 0.0442030 0.0294037 0.0247810 0.0236933 0.0288308 0.1019645 
Temnothorax_cristinae_P115        0.1304550 0.1367681 0.0763954 0.0989949 0.0990192 0.0767216 0.0740247 0.0747265 0.0739282 0.2239177 0.1731789 0.2327083 0.0354636 0.0316356 0.0353269 0.0388001 0.0366064 0.0364211 0.0337932 0.0305112 0.0000000 0.0323715 0.0262114 0.0283768 0.0348162 0.0291210 0.0314837 0.0445193 0.0302273 0.0299942 0.0282040 0.0406173 0.0291520 0.0439771 0.0496537 0.0356831 0.0309812 0.0291549 0.0302336 0.0375218 0.0389661 0.0284088 0.0375919 0.0337668 0.0527296 0.0368806 0.0328011 0.0314714 0.0365041 0.1100588 
Temnothorax_flavicornis_P121      0.1261111 0.1336621 0.0714002 0.0954081 0.0943410 0.0710569 0.0683593 0.0691565 0.0692676 0.2234967 0.1718741 0.2359231 0.0287043 0.0250631 0.0292392 0.0329971 0.0274235 0.0271709 0.0189626 0.0243064 0.0323715 0.0000000 0.0306955 0.0148625 0.0285281 0.0193775 0.0222409 0.0262924 0.0239370 0.0237143 0.0168533 0.0343231 0.0194074 0.0376782 0.0435193 0.0295995 0.0173055 0.0228197 0.0240326 0.0303905 0.0215118 0.0301987 0.0281191 0.0277248 0.0460084 0.0317076 0.0215681 0.0207186 0.0294613 0.1035788 
Temnothorax_flavispinus_cf_P112   0.1304950 0.1370764 0.0752348 0.0978868 0.0976159 0.0744345 0.0731537 0.0723921 0.0722751 0.2192785 0.1705439 0.2295808 0.0335862 0.0301716 0.0335749 0.0370611 0.0353170 0.0344994 0.0313313 0.0287141 0.0262114 0.0306955 0.0000000 0.0269132 0.0330593 0.0276401 0.0298598 0.0424448 0.0285570 0.0282690 0.0261199 0.0383471 0.0271342 0.0419135 0.0474077 0.0338488 0.0294568 0.0276427 0.0280298 0.0357368 0.0375061 0.0269139 0.0355965 0.0320374 0.0504673 0.0357999 0.0308082 0.0301595 0.0344195 0.1076345 
Temnothorax_gredosi_P097          0.1209127 0.1312962 0.0668692 0.0899073 0.0920943 0.0669729 0.0646547 0.0661910 0.0661623 0.2155246 0.1671529 0.2299963 0.0250855 0.0210393 0.0252719 0.0293731 0.0233703 0.0237090 0.0162492 0.0208750 0.0283768 0.0148625 0.0269132 0.0000000 0.0247969 0.0160946 0.0182925 0.0271064 0.0204437 0.0199966 0.0132285 0.0307369 0.0155463 0.0336161 0.0397057 0.0260612 0.0134439 0.0190794 0.0201924 0.0266405 0.0227246 0.0261300 0.0240805 0.0241534 0.0422584 0.0280448 0.0182224 0.0171034 0.0263150 0.0989156 
Temnothorax_gundlachi_P099        0.1250778 0.1373046 0.0727953 0.0965646 0.0977214 0.0726851 0.0707715 0.0714486 0.0701804 0.2239964 0.1717774 0.2310019 0.0318827 0.0280628 0.0301400 0.0349392 0.0329905 0.0332100 0.0302115 0.0266248 0.0348162 0.0285281 0.0330593 0.0247969 0.0000000 0.0256100 0.0282504 0.0410572 0.0258226 0.0257133 0.0244894 0.0376798 0.0253719 0.0397087 0.0455942 0.0312187 0.0273130 0.0252197 0.0247983 0.0334193 0.0363665 0.0326041 0.0341183 0.0293422 0.0487549 0.0327353 0.0291400 0.0281107 0.0338581 0.1041416 
Temnothorax_kubira_P056           0.1226446 0.1312119 0.0676464 0.0913779 0.0936502 0.0679732 0.0654045 0.0667523 0.0659610 0.2184105 0.1686072 0.2289909 0.0256090 0.0221865 0.0261437 0.0301667 0.0240614 0.0241477 0.0212070 0.0212509 0.0291210 0.0193775 0.0276401 0.0160946 0.0256100 0.0000000 0.0191198 0.0319907 0.0212447 0.0207886 0.0145157 0.0311151 0.0160568 0.0341358 0.0403843 0.0267111 0.0183129 0.0198273 0.0208540 0.0276640 0.0274809 0.0274607 0.0234413 0.0248964 0.0430741 0.0285266 0.0198653 0.0189187 0.0269785 0.0990941 
Temnothorax_longispinosus_P039    0.1243164 0.1347062 0.0702719 0.0944314 0.0947440 0.0705656 0.0677841 0.0684828 0.0674138 0.2159809 0.1707084 0.2279469 0.0277602 0.0244826 0.0285861 0.0322962 0.0202162 0.0213171 0.0238020 0.0234253 0.0314837 0.0222409 0.0298598 0.0182925 0.0282504 0.0191198 0.0000000 0.0342295 0.0232019 0.0228387 0.0171179 0.0333310 0.0160723 0.0358290 0.0425669 0.0291565 0.0209923 0.0222280 0.0228586 0.0302322 0.0296052 0.0292149 0.0268533 0.0273642 0.0455736 0.0307232 0.0223996 0.0212583 0.0286551 0.1044071 
Temnothorax_muellerianus_P104     0.1353981 0.1461581 0.0837444 0.1063606 0.1069388 0.0824634 0.0810172 0.0811648 0.0819331 0.2327092 0.1805450 0.2401262 0.0408277 0.0365940 0.0410957 0.0453047 0.0396302 0.0391476 0.0313058 0.0364137 0.0445193 0.0262924 0.0424448 0.0271064 0.0410572 0.0319907 0.0342295 0.0000000 0.0358222 0.0359293 0.0289897 0.0454836 0.0313957 0.0489744 0.0542121 0.0409975 0.0290934 0.0349378 0.0363375 0.0421701 0.0271777 0.0419692 0.0402301 0.0402812 0.0572338 0.0433740 0.0333228 0.0326389 0.0416306 0.1156130 
Temnothorax_nevadensis_P016       0.1213791 0.1295085 0.0666025 0.0910005 0.0904919 0.0673222 0.0639634 0.0654097 0.0647943 0.2161551 0.1651792 0.2244683 0.0271196 0.0235193 0.0266257 0.0299712 0.0288258 0.0283591 0.0256114 0.0220899 0.0302273 0.0239370 0.0285570 0.0204437 0.0258226 0.0212447 0.0232019 0.0358222 0.0000000 0.0182288 0.0193091 0.0329558 0.0205241 0.0348566 0.0418556 0.0276310 0.0230027 0.0209140 0.0210322 0.0292535 0.0310286 0.0282922 0.0294251 0.0252815 0.0445176 0.0287797 0.0245883 0.0234329 0.0283034 0.0992951 
Temnothorax_nitens_P017           0.1209104 0.1322789 0.0673114 0.0925047 0.0902192 0.0672287 0.0647862 0.0655717 0.0648783 0.2157903 0.1660659 0.2264361 0.0267419 0.0233575 0.0262784 0.0303475 0.0282155 0.0284610 0.0251540 0.0218245 0.0299942 0.0237143 0.0282690 0.0199966 0.0257133 0.0207886 0.0228387 0.0359293 0.0182288 0.0000000 0.0188203 0.0327151 0.0202118 0.0348479 0.0414675 0.0269957 0.0223960 0.0201701 0.0206862 0.0287860 0.0308616 0.0278052 0.0294059 0.0247279 0.0438753 0.0278650 0.0242466 0.0233036 0.0281510 0.0999700 
Temnothorax_nylanderi_P025        0.1200535 0.1293977 0.0672178 0.0910497 0.0919279 0.0667603 0.0637335 0.0651276 0.0641243 0.2163583 0.1671459 0.2247761 0.0239226 0.0205619 0.0246517 0.0285089 0.0225573 0.0220988 0.0181134 0.0195970 0.0282040 0.0168533 0.0261199 0.0132285 0.0244894 0.0145157 0.0171179 0.0289897 0.0193091 0.0188203 0.0000000 0.0294876 0.0143951 0.0328785 0.0389575 0.0253392 0.0153950 0.0183288 0.0195263 0.0262853 0.0243188 0.0260342 0.0229098 0.0236163 0.0409720 0.0270644 0.0164136 0.0153172 0.0251365 0.1011057 
Temnothorax_obturator_P111        0.1302536 0.1407758 0.0787105 0.1009415 0.1026576 0.0784832 0.0756866 0.0762048 0.0771062 0.2192340 0.1747226 0.2310750 0.0365229 0.0331307 0.0375726 0.0414709 0.0382799 0.0379578 0.0356087 0.0331777 0.0406173 0.0343231 0.0383471 0.0307369 0.0376798 0.0311151 0.0333310 0.0454836 0.0329558 0.0327151 0.0294876 0.0000000 0.0308939 0.0455474 0.0502520 0.0387032 0.0327890 0.0319197 0.0323597 0.0387042 0.0411509 0.0386447 0.0384213 0.0367455 0.0531202 0.0399725 0.0346108 0.0333833 0.0289179 0.1101185 
Temnothorax_oxianus_P094          0.1202617 0.1329482 0.0672637 0.0930472 0.0919371 0.0676388 0.0645534 0.0655139 0.0648722 0.2153456 0.1668154 0.2271411 0.0253323 0.0217231 0.0261407 0.0292502 0.0212833 0.0210888 0.0207650 0.0207660 0.0291520 0.0194074 0.0271342 0.0155463 0.0253719 0.0160568 0.0160723 0.0313957 0.0205241 0.0202118 0.0143951 0.0308939 0.0000000 0.0338864 0.0394759 0.0261616 0.0182809 0.0194808 0.0202234 0.0273703 0.0264972 0.0268713 0.0245517 0.0248389 0.0427332 0.0281792 0.0196309 0.0186213 0.0259469 0.1016643 
Temnothorax_peninsularis_nr_P106  0.1380375 0.1455884 0.0824529 0.1059205 0.1063380 0.0821573 0.0793075 0.0809536 0.0812758 0.2256912 0.1800828 0.2397012 0.0292572 0.0267473 0.0402701 0.0439923 0.0414352 0.0415705 0.0382598 0.0364361 0.0439771 0.0376782 0.0419135 0.0336161 0.0397087 0.0341358 0.0358290 0.0489744 0.0348566 0.0348479 0.0328785 0.0455474 0.0338864 0.0000000 0.0446412 0.0409161 0.0363073 0.0346246 0.0355714 0.0309639 0.0445252 0.0416686 0.0423245 0.0390345 0.0458104 0.0423290 0.0376115 0.0371432 0.0409781 0.1151135 
Temnothorax_pergandei_P036        0.1408486 0.1486834 0.0884627 0.1114384 0.1113062 0.0880908 0.0851668 0.0871436 0.0867410 0.2355744 0.1875438 0.2416658 0.0337404 0.0330833 0.0467194 0.0500989 0.0480469 0.0470411 0.0448920 0.0412207 0.0496537 0.0435193 0.0474077 0.0397057 0.0455942 0.0403843 0.0425669 0.0542121 0.0418556 0.0414675 0.0389575 0.0502520 0.0394759 0.0446412 0.0000000 0.0470966 0.0417309 0.0406640 0.0415932 0.0367094 0.0500589 0.0475865 0.0484236 0.0450037 0.0510844 0.0482920 0.0433241 0.0421177 0.0463130 0.1210036 
Temnothorax_purpuratus_P062       0.1285178 0.1383953 0.0733461 0.0970595 0.0969064 0.0736828 0.0719766 0.0719166 0.0714096 0.2197723 0.1754503 0.2332480 0.0324361 0.0288694 0.0310918 0.0259940 0.0336300 0.0343631 0.0311028 0.0276441 0.0356831 0.0295995 0.0338488 0.0260612 0.0312187 0.0267111 0.0291565 0.0409975 0.0276310 0.0269957 0.0253392 0.0387032 0.0261616 0.0409161 0.0470966 0.0000000 0.0281570 0.0264140 0.0265115 0.0350975 0.0365133 0.0338776 0.0346860 0.0302363 0.0494817 0.0338140 0.0302696 0.0295735 0.0339257 0.1069147 
Temnothorax_recedens_P014         0.1255200 0.1351512 0.0711162 0.0952069 0.0938060 0.0703802 0.0684930 0.0675710 0.0685307 0.2240838 0.1701459 0.2299908 0.0279466 0.0237250 0.0282369 0.0313132 0.0263271 0.0258671 0.0183005 0.0230137 0.0309812 0.0173055 0.0294568 0.0134439 0.0273130 0.0183129 0.0209923 0.0290934 0.0230027 0.0223960 0.0153950 0.0327890 0.0182809 0.0363073 0.0417309 0.0281570 0.0000000 0.0216657 0.0226799 0.0293359 0.0241252 0.0290419 0.0268442 0.0266184 0.0444463 0.0301109 0.0205166 0.0196810 0.0284356 0.1028894 
Temnothorax_rugatulus_P018        0.1226089 0.1316360 0.0672321 0.0920997 0.0907349 0.0682950 0.0655529 0.0652222 0.0648702 0.2183864 0.1655519 0.2269439 0.0263279 0.0226719 0.0260639 0.0291256 0.0270901 0.0276366 0.0243033 0.0171216 0.0291549 0.0228197 0.0276427 0.0190794 0.0252197 0.0198273 0.0222280 0.0349378 0.0209140 0.0201701 0.0183288 0.0319197 0.0194808 0.0346246 0.0406640 0.0264140 0.0216657 0.0000000 0.0205457 0.0286764 0.0297974 0.0270829 0.0283340 0.0245684 0.0437896 0.0278860 0.0234237 0.0224464 0.0274367 0.1021235 
Temnothorax_rugithorax_cf_P135    0.1217898 0.1305473 0.0679132 0.0913610 0.0922120 0.0672254 0.0649267 0.0652600 0.0649205 0.2178011 0.1628581 0.2280953 0.0267391 0.0232604 0.0256456 0.0296258 0.0283581 0.0279139 0.0253961 0.0217502 0.0302336 0.0240326 0.0280298 0.0201924 0.0247983 0.0208540 0.0228586 0.0363375 0.0210322 0.0206862 0.0195263 0.0323597 0.0202234 0.0355714 0.0415932 0.0265115 0.0226799 0.0205457 0.0000000 0.0289561 0.0313623 0.0277792 0.0292428 0.0240802 0.0439944 0.0257824 0.0244729 0.0233300 0.0282558 0.0999955 
Temnothorax_salvini_P050          0.1299959 0.1391903 0.0755239 0.1007003 0.0999910 0.0757728 0.0734584 0.0735331 0.0741197 0.2299394 0.1764561 0.2338376 0.0218499 0.0203959 0.0343492 0.0381230 0.0345655 0.0347436 0.0318950 0.0296253 0.0375218 0.0303905 0.0357368 0.0266405 0.0334193 0.0276640 0.0302322 0.0421701 0.0292535 0.0287860 0.0262853 0.0387042 0.0273703 0.0309639 0.0367094 0.0350975 0.0293359 0.0286764 0.0289561 0.0000000 0.0375343 0.0354445 0.0360165 0.0331542 0.0395218 0.0369653 0.0306206 0.0296749 0.0343284 0.1086105 
Temnothorax_semenovi_P093         0.1316496 0.1403572 0.0776838 0.1005190 0.1017452 0.0777721 0.0744929 0.0767077 0.0755157 0.2249683 0.1767465 0.2371001 0.0356136 0.0315302 0.0358049 0.0402181 0.0349299 0.0346719 0.0261850 0.0316512 0.0389661 0.0215118 0.0375061 0.0227246 0.0363665 0.0274809 0.0296052 0.0271777 0.0310286 0.0308616 0.0243188 0.0411509 0.0264972 0.0445252 0.0500589 0.0365133 0.0241252 0.0297974 0.0313623 0.0375343 0.0000000 0.0368725 0.0350531 0.0347496 0.0532192 0.0383686 0.0290738 0.0285284 0.0366520 0.1110822 
Temnothorax_semiruber_P026        0.1276236 0.1367010 0.0743365 0.0982147 0.0987342 0.0743565 0.0727998 0.0729256 0.0721730 0.2199285 0.1735665 0.2325228 0.0334076 0.0298227 0.0329487 0.0367063 0.0347048 0.0343552 0.0317689 0.0286232 0.0284088 0.0301987 0.0269139 0.0261300 0.0326041 0.0274607 0.0292149 0.0419692 0.0282922 0.0278052 0.0260342 0.0386447 0.0268713 0.0416686 0.0475865 0.0338776 0.0290419 0.0270829 0.0277792 0.0354445 0.0368725 0.0000000 0.0353934 0.0318186 0.0503454 0.0354389 0.0306513 0.0297229 0.0344467 0.1067488 
Temnothorax_spinosior_P038        0.1321862 0.1417667 0.0746323 0.1005078 0.0983031 0.0762762 0.0732263 0.0747332 0.0733806 0.2264884 0.1732462 0.2369827 0.0344306 0.0302479 0.0347472 0.0376640 0.0322244 0.0318678 0.0291719 0.0294648 0.0375919 0.0281191 0.0355965 0.0240805 0.0341183 0.0234413 0.0268533 0.0402301 0.0294251 0.0294059 0.0229098 0.0384213 0.0245517 0.0423245 0.0484236 0.0346860 0.0268442 0.0283340 0.0292428 0.0360165 0.0350531 0.0353934 0.0000000 0.0330336 0.0508670 0.0374152 0.0275567 0.0268248 0.0346422 0.1100669 
Temnothorax_striatulus_cf_P051    0.1256833 0.1356655 0.0723396 0.0965653 0.0951281 0.0722222 0.0702965 0.0700611 0.0693949 0.2205298 0.1700566 0.2287381 0.0310567 0.0267779 0.0085302 0.0331409 0.0323333 0.0324644 0.0295937 0.0262379 0.0337668 0.0277248 0.0320374 0.0241534 0.0293422 0.0248964 0.0273642 0.0402812 0.0252815 0.0247279 0.0236163 0.0367455 0.0248389 0.0390345 0.0450037 0.0302363 0.0266184 0.0245684 0.0240802 0.0331542 0.0347496 0.0318186 0.0330336 0.0000000 0.0476697 0.0321249 0.0284431 0.0275415 0.0317772 0.1052349 
Temnothorax_subditivus_P059       0.1450082 0.1535853 0.0907696 0.1158060 0.1137612 0.0913920 0.0885105 0.0885055 0.0898405 0.2431058 0.1870453 0.2454568 0.0374470 0.0358731 0.0489563 0.0528538 0.0499488 0.0506263 0.0470621 0.0442030 0.0527296 0.0460084 0.0504673 0.0422584 0.0487549 0.0430741 0.0455736 0.0572338 0.0445176 0.0438753 0.0409720 0.0531202 0.0427332 0.0458104 0.0510844 0.0494817 0.0444463 0.0437896 0.0439944 0.0395218 0.0532192 0.0503454 0.0508670 0.0476697 0.0000000 0.0516966 0.0459354 0.0453006 0.0501018 0.1240516 
Temnothorax_tricarinatus_P110     0.1286913 0.1374494 0.0764995 0.0986187 0.0979658 0.0751979 0.0729565 0.0734666 0.0726960 0.2234021 0.1742148 0.2328307 0.0345337 0.0310005 0.0332423 0.0373400 0.0361589 0.0354538 0.0330649 0.0294037 0.0368806 0.0317076 0.0357999 0.0280448 0.0327353 0.0285266 0.0307232 0.0433740 0.0287797 0.0278650 0.0270644 0.0399725 0.0281792 0.0423290 0.0482920 0.0338140 0.0301109 0.0278860 0.0257824 0.0369653 0.0383686 0.0354389 0.0374152 0.0321249 0.0516966 0.0000000 0.0319141 0.0313119 0.0357161 0.1076023 
Temnothorax_turcicus_P022         0.1256500 0.1358134 0.0701117 0.0944823 0.0946228 0.0697951 0.0693613 0.0696283 0.0694278 0.2213107 0.1701266 0.2331660 0.0286889 0.0253774 0.0295369 0.0331294 0.0271550 0.0275242 0.0230344 0.0247810 0.0328011 0.0215681 0.0308082 0.0182224 0.0291400 0.0198653 0.0223996 0.0333228 0.0245883 0.0242466 0.0164136 0.0346108 0.0196309 0.0376115 0.0433241 0.0302696 0.0205166 0.0234237 0.0244729 0.0306206 0.0290738 0.0306513 0.0275567 0.0284431 0.0459354 0.0319141 0.0000000 0.0096346 0.0299571 0.1020905 
Temnothorax_unifasciatus_P027     0.1237463 0.1332104 0.0701976 0.0942883 0.0952569 0.0698543 0.0675983 0.0684478 0.0691603 0.2186779 0.1681059 0.2311435 0.0280640 0.0244647 0.0287175 0.0326831 0.0262842 0.0258000 0.0220951 0.0236933 0.0314714 0.0207186 0.0301595 0.0171034 0.0281107 0.0189187 0.0212583 0.0326389 0.0234329 0.0233036 0.0153172 0.0333833 0.0186213 0.0371432 0.0421177 0.0295735 0.0196810 0.0224464 0.0233300 0.0296749 0.0285284 0.0297229 0.0268248 0.0275415 0.0453006 0.0313119 0.0096346 0.0000000 0.0292313 0.1016075 
Temnothorax_whitfordi_P091        0.1305061 0.1370426 0.0739605 0.0988150 0.0986377 0.0745244 0.0715956 0.0735705 0.0727416 0.2214617 0.1733331 0.2330905 0.0322150 0.0283518 0.0328905 0.0370437 0.0337923 0.0339800 0.0310965 0.0288308 0.0365041 0.0294613 0.0344195 0.0263150 0.0338581 0.0269785 0.0286551 0.0416306 0.0283034 0.0281510 0.0251365 0.0289179 0.0259469 0.0409781 0.0463130 0.0339257 0.0284356 0.0274367 0.0282558 0.0343284 0.0366520 0.0344467 0.0346422 0.0317772 0.0501018 0.0357161 0.0299571 0.0292313 0.0000000 0.1078693 
Vombisidris_bilongrudi_D937       0.1516802 0.1602804 0.1033865 0.1230460 0.1215046 0.1037885 0.1015345 0.1011401 0.1016854 0.2471762 0.1984912 0.2530268 0.1073228 0.1026908 0.1062425 0.1100962 0.1086207 0.1077655 0.1046906 0.1019645 0.1100588 0.1035788 0.1076345 0.0989156 0.1041416 0.0990941 0.1044071 0.1156130 0.0992951 0.0999700 0.1011057 0.1101185 0.1016643 0.1151135 0.1210036 0.1069147 0.1028894 0.1021235 0.0999955 0.1086105 0.1110822 0.1067488 0.1100669 0.1052349 0.1240516 0.1076023 0.1020905 0.1016075 0.1078693 0.0000000 
