18
cyrtonyx_montezumae       0.00000000 0.02142773 0.02461773 0.02442451 0.02350338 0.02484686 0.02325214 0.02409854 0.02375914 0.02334870 0.02635970 0.02367749 0.02527701 0.02247038 0.02444097 0.02098108 0.02133799 0.02309639 
alectoris_rufa            0.02142773 0.00000000 0.01381177 0.01364164 0.01312596 0.01305849 0.01241121 0.01356446 0.01320121 0.01318668 0.01514103 0.01238607 0.01452855 0.01292363 0.01657326 0.01202850 0.01250886 0.01288685 
catreus_wallichi          0.02461773 0.01381177 0.00000000 0.00448038 0.00361672 0.01567452 0.00859647 0.00394257 0.00355592 0.00393505 0.01049550 0.01472428 0.00906159 0.00425136 0.01864327 0.00427883 0.00433719 0.00945923 
chrysolophus_pictus       0.02442451 0.01364164 0.00448038 0.00000000 0.00403363 0.01539257 0.00833607 0.00418187 0.00370736 0.00406312 0.01024797 0.01441470 0.00898576 0.00401768 0.01838011 0.00399868 0.00418219 0.00911580 
crossoptilon_crossoptilon 0.02350338 0.01312596 0.00361672 0.00403363 0.00000000 0.01499768 0.00807059 0.00353877 0.00313329 0.00345743 0.01002527 0.01400628 0.00859872 0.00374210 0.01789963 0.00389283 0.00399962 0.00891569 
galgal4                   0.02484686 0.01305849 0.01567452 0.01539257 0.01499768 0.00000000 0.01396170 0.01527249 0.01474670 0.01489484 0.01720579 0.01370947 0.01659237 0.01439400 0.01806036 0.01320559 0.01351730 0.01451115 
lophophorus_impejanus     0.02325214 0.01241121 0.00859647 0.00833607 0.00807059 0.01396170 0.00000000 0.00825198 0.00781907 0.00808211 0.00976940 0.01301455 0.00976376 0.00776081 0.01714986 0.00726491 0.00744770 0.00743425 
lophura_inornata          0.02409854 0.01356446 0.00394257 0.00418187 0.00353877 0.01527249 0.00825198 0.00000000 0.00248204 0.00314984 0.01012409 0.01416649 0.00878264 0.00384110 0.01820624 0.00387239 0.00402912 0.00904232 
lophura_nycthemera        0.02375914 0.01320121 0.00355592 0.00370736 0.00313329 0.01474670 0.00781907 0.00248204 0.00000000 0.00263740 0.00971450 0.01383819 0.00838309 0.00344271 0.01771394 0.00352637 0.00350040 0.00855766 
lophura_swinhoii          0.02334870 0.01318668 0.00393505 0.00406312 0.00345743 0.01489484 0.00808211 0.00314984 0.00263740 0.00000000 0.01000613 0.01397763 0.00872860 0.00373210 0.01776787 0.00392715 0.00399422 0.00881632 
melgal2                   0.02635970 0.01514103 0.01049550 0.01024797 0.01002527 0.01720579 0.00976940 0.01012409 0.00971450 0.01000613 0.00000000 0.01598278 0.01168023 0.00962859 0.01977979 0.00894582 0.00925999 0.01051642 
pavo_cristatus            0.02367749 0.01238607 0.01472428 0.01441470 0.01400628 0.01370947 0.01301455 0.01416649 0.01383819 0.01397763 0.01598278 0.00000000 0.01566293 0.01361933 0.01748163 0.01250864 0.01283487 0.01365310 
perdix                    0.02527701 0.01452855 0.00906159 0.00898576 0.00859872 0.01659237 0.00976376 0.00878264 0.00838309 0.00872860 0.01168023 0.01566293 0.00000000 0.00830564 0.01932603 0.00775936 0.00809809 0.01045439 
phasianus_colchicus       0.02247038 0.01292363 0.00425136 0.00401768 0.00374210 0.01439400 0.00776081 0.00384110 0.00344271 0.00373210 0.00962859 0.01361933 0.00830564 0.00000000 0.01701287 0.00371772 0.00374090 0.00848435 
rollulus_rouloul          0.02444097 0.01657326 0.01864327 0.01838011 0.01789963 0.01806036 0.01714986 0.01820624 0.01771394 0.01776787 0.01977979 0.01748163 0.01932603 0.01701287 0.00000000 0.01574614 0.01654366 0.01749633 
syrmaticus_ellioti        0.02098108 0.01202850 0.00427883 0.00399868 0.00389283 0.01320559 0.00726491 0.00387239 0.00352637 0.00392715 0.00894582 0.01250864 0.00775936 0.00371772 0.01574614 0.00000000 0.00317889 0.00820681 
syrmaticus_reevesii       0.02133799 0.01250886 0.00433719 0.00418219 0.00399962 0.01351730 0.00744770 0.00402912 0.00350040 0.00399422 0.00925999 0.01283487 0.00809809 0.00374090 0.01654366 0.00317889 0.00000000 0.00839597 
tragopan_blythii          0.02309639 0.01288685 0.00945923 0.00911580 0.00891569 0.01451115 0.00743425 0.00904232 0.00855766 0.00881632 0.01051642 0.01365310 0.01045439 0.00848435 0.01749633 0.00820681 0.00839597 0.00000000 
