55
eleutheronema_tetradactylum  0.00000000 0.03395804 0.13452155 0.03626926 0.04011299 0.04602696 0.06149744 0.03381326 0.03097463 0.03583694 0.17198894 0.03454563 0.09753991 0.05686249 0.26949591 0.04718182 0.03068012 0.04782380 0.03242611 0.05044993 0.04822050 0.07517436 0.03686813 0.03583687 0.13705682 0.03350619 0.08455631 0.10076420 0.05975790 0.11777518 0.04904926 0.03471078 0.07199962 0.11590086 0.08796424 0.06579903 0.03279516 0.00808606 0.06663720 0.03194525 0.03461722 0.03704982 0.03458914 0.04266175 0.05452483 0.05041959 0.03127574 0.04271005 0.03232225 0.04114855 0.06911015 0.04890310 0.03686268 0.05189583 0.26560517 
sphyranea_sphyranea          0.03395804 0.00000000 0.12584864 0.03072940 0.03483422 0.04031914 0.05513628 0.02932851 0.02549062 0.03059567 0.16524983 0.02897004 0.09335602 0.05097263 0.26148897 0.04130366 0.02526495 0.04282249 0.02598319 0.04454588 0.04252217 0.06851996 0.03172164 0.01780657 0.13157680 0.02905266 0.07877420 0.09350820 0.05360717 0.11027327 0.04325455 0.02971867 0.06567445 0.10925877 0.08158511 0.05990108 0.02694754 0.03403272 0.05970901 0.02642192 0.02923217 0.03120366 0.02941933 0.03678938 0.04877585 0.04520293 0.02502385 0.03666772 0.02594042 0.03484823 0.06327127 0.04286357 0.03109394 0.04576644 0.25365760 
lampris_guttatus             0.13452155 0.12584864 0.00000000 0.13160132 0.13450506 0.13570691 0.15153716 0.12230999 0.12795536 0.13118273 0.18654194 0.12867753 0.18422365 0.13808728 0.27760123 0.12989238 0.12650097 0.12482497 0.12433773 0.13415631 0.14144416 0.15995344 0.13186217 0.12567603 0.21952880 0.12645285 0.17253298 0.18309486 0.14983173 0.18922979 0.14194243 0.13075692 0.11205529 0.19387308 0.16146435 0.15501640 0.12839601 0.13387208 0.15321983 0.12644207 0.12778381 0.13300302 0.13000092 0.13834368 0.13477451 0.14341536 0.12566593 0.13856116 0.12760749 0.13489217 0.16024844 0.14236337 0.13300032 0.14242913 0.32691461 
chloroscombrus_orqueta       0.03626926 0.03072940 0.13160132 0.00000000 0.03712839 0.04225405 0.05812695 0.01139654 0.01768974 0.00929902 0.17064818 0.02240874 0.09466772 0.05413911 0.26901473 0.04413587 0.02752329 0.04496243 0.02907875 0.04664732 0.04464331 0.07087033 0.01231818 0.03230851 0.13290173 0.00874553 0.08071043 0.09550402 0.05628626 0.11386812 0.04522140 0.00866591 0.06904515 0.11215245 0.08586578 0.06166596 0.02063209 0.03622811 0.06232677 0.01986081 0.01067359 0.03370814 0.02291547 0.03956314 0.05156448 0.04715509 0.02801956 0.03920574 0.02828497 0.02904335 0.06519105 0.03698649 0.03367640 0.04875151 0.26150680 
citharoides_macrolepis       0.04011299 0.03483422 0.13450506 0.03712839 0.00000000 0.04458439 0.05369039 0.03553617 0.03225851 0.03726438 0.17178474 0.03579707 0.09066657 0.05843661 0.26812718 0.04930245 0.03252883 0.04132404 0.03331693 0.05168136 0.04048531 0.06550992 0.03814762 0.03597363 0.12797316 0.03532667 0.07687370 0.09088100 0.05193888 0.10775048 0.04114196 0.03605612 0.07257159 0.10562805 0.08814447 0.05727788 0.03359117 0.04043276 0.03526835 0.03338563 0.03523183 0.03823235 0.03600194 0.04388749 0.05633041 0.04288384 0.03276836 0.04369852 0.03313351 0.04209725 0.06172349 0.05016861 0.03857042 0.04444086 0.26525318 
psettodes_eneumeri           0.04602696 0.04031914 0.13570691 0.04225405 0.04458439 0.00000000 0.06403797 0.04020770 0.03661122 0.04201352 0.17479379 0.04133912 0.10168555 0.06285595 0.27125821 0.05374139 0.03774435 0.05238176 0.03859702 0.05692609 0.05311066 0.07901505 0.04324876 0.04164871 0.13681610 0.04073289 0.08803680 0.10306191 0.06235138 0.11769912 0.05382416 0.04150369 0.07772907 0.11639555 0.09308318 0.06870572 0.03944499 0.04608991 0.06714796 0.03873010 0.04133972 0.04402841 0.04148144 0.04910678 0.06099179 0.05591418 0.03806504 0.04909332 0.03834839 0.04767405 0.07346375 0.05575549 0.04362003 0.05608984 0.26293925 
mancopsetta_milfordi         0.06149744 0.05513628 0.15153716 0.05812695 0.05369039 0.06403797 0.00000000 0.05602465 0.05285286 0.05769585 0.19228805 0.05703239 0.10298874 0.07967368 0.28706150 0.06965429 0.05335566 0.05404928 0.05399517 0.07279748 0.05598210 0.08060953 0.05909683 0.05676512 0.14014746 0.05599492 0.08723108 0.10495659 0.00149043 0.11923408 0.05646198 0.05726173 0.09369244 0.11623478 0.10689382 0.06799621 0.05488958 0.06197825 0.07520821 0.05396565 0.05631223 0.06007914 0.05707966 0.06566070 0.07688680 0.05894824 0.05439207 0.06510269 0.05355645 0.06211899 0.07453469 0.07064489 0.05944861 0.05747129 0.28393035 
decapterus_maruadsi          0.03381326 0.02932851 0.12230999 0.01139654 0.03553617 0.04020770 0.05602465 0.00000000 0.01702224 0.01112242 0.15688260 0.02167431 0.09046180 0.05051773 0.25501682 0.04152249 0.02614758 0.04410861 0.02718183 0.04357350 0.04249438 0.06771456 0.01216290 0.03026828 0.12662273 0.00960182 0.07777783 0.09028313 0.05416095 0.10818694 0.04356917 0.00973941 0.06459971 0.10550721 0.07988682 0.05853674 0.01992300 0.03429860 0.05965922 0.01929289 0.00557207 0.03214901 0.02166584 0.03720019 0.04829003 0.04543502 0.02679355 0.03723549 0.02656515 0.02716554 0.06269103 0.03475854 0.03205650 0.04633755 0.23982493 
seriola_zonata               0.03097463 0.02549062 0.12795536 0.01768974 0.03225851 0.03661122 0.05285286 0.01702224 0.00000000 0.01745633 0.16733748 0.01659777 0.09131406 0.04898094 0.26636487 0.03894808 0.02134320 0.04148144 0.02318111 0.04160790 0.04020845 0.06837309 0.01816224 0.02695714 0.13050860 0.01615265 0.07618989 0.09402186 0.05176342 0.11150168 0.04095979 0.01631749 0.06468075 0.10912904 0.08151580 0.05676881 0.01437808 0.03124552 0.05955755 0.01387107 0.01650166 0.02738510 0.01698679 0.03370195 0.04666798 0.04252299 0.02239767 0.03344261 0.02247902 0.02373347 0.06122667 0.03186632 0.02772995 0.04406873 0.25981878 
alepes_kleinii               0.03583694 0.03059567 0.13118273 0.00929902 0.03726438 0.04201352 0.05769585 0.01112242 0.01745633 0.00000000 0.17013745 0.02218551 0.09544889 0.05378827 0.26726875 0.04418003 0.02712000 0.04490203 0.02914143 0.04646084 0.04434591 0.07157711 0.01244126 0.03191370 0.13323431 0.00888526 0.08076017 0.09641009 0.05587762 0.11288143 0.04506027 0.00856863 0.06871308 0.11155895 0.08533650 0.06139102 0.02062315 0.03588748 0.06253964 0.01991617 0.01081777 0.03349672 0.02288526 0.03928125 0.05110962 0.04715568 0.02781447 0.03910177 0.02825279 0.02902337 0.06524840 0.03667822 0.03335558 0.04858899 0.26121339 
ceratoscopelus_warmingii     0.17198894 0.16524983 0.18654194 0.17064818 0.17178474 0.17479379 0.19228805 0.15688260 0.16733748 0.17013745 0.00000000 0.16626473 0.22581157 0.17344813 0.30740085 0.16640310 0.16536922 0.15554333 0.16345018 0.17302088 0.17863187 0.19877592 0.17105772 0.16437692 0.26082640 0.16120575 0.21342582 0.21721410 0.18936907 0.22672129 0.18001572 0.16895919 0.15096038 0.22508507 0.20092456 0.19471163 0.16647846 0.17319044 0.18627005 0.16492243 0.16434820 0.17326398 0.16877380 0.17736435 0.17476749 0.18074902 0.16572795 0.17888649 0.16680184 0.17249979 0.19960092 0.18046477 0.17189866 0.17883249 0.37440615 
scomberoides_commersonnianus 0.03454563 0.02897004 0.12867753 0.02240874 0.03579707 0.04133912 0.05703239 0.02167431 0.01659777 0.02218551 0.16626473 0.00000000 0.09450893 0.05161534 0.26624752 0.04233629 0.02527124 0.04385442 0.02737293 0.04466645 0.04343266 0.07067567 0.02309250 0.03041653 0.13364749 0.02117923 0.07975299 0.09562876 0.05539379 0.11337100 0.04420147 0.02124645 0.06661547 0.11102905 0.08397168 0.06017206 0.01494178 0.03438496 0.06228588 0.01479115 0.02128887 0.03165608 0.02070311 0.03721779 0.04933378 0.04588805 0.02627002 0.03708175 0.02656550 0.02718532 0.06483382 0.03523907 0.03176013 0.04734804 0.25996561 
samariscus_xenicus           0.09753991 0.09335602 0.18422365 0.09466772 0.09066657 0.10168555 0.10298874 0.09046180 0.09131406 0.09544889 0.22581157 0.09450893 0.00000000 0.11622783 0.31358049 0.10701700 0.09133520 0.08516402 0.09280868 0.10972193 0.09321781 0.11261852 0.09549358 0.09608042 0.16601873 0.09184312 0.12383805 0.13357555 0.10039094 0.14609828 0.09327272 0.09521802 0.13115072 0.14328438 0.14061601 0.10523600 0.09312522 0.09871504 0.10884441 0.09168132 0.09390567 0.09829833 0.09515812 0.10381636 0.11311832 0.09486388 0.09209766 0.10348669 0.09237444 0.10123733 0.10622099 0.10843739 0.09765557 0.09086797 0.31138258 
kurtus_gulliveri             0.05686249 0.05097263 0.13808728 0.05413911 0.05843661 0.06285595 0.07967368 0.05051773 0.04898094 0.05378827 0.17344813 0.05161534 0.11622783 0.00000000 0.27467179 0.05263956 0.04821223 0.06276488 0.04887678 0.05832114 0.06530905 0.09104656 0.05441983 0.05272566 0.15300010 0.05136362 0.10243639 0.11660575 0.07749257 0.13253593 0.06614903 0.05281169 0.07569635 0.13063565 0.09417075 0.08247241 0.05020118 0.05671564 0.08337213 0.04965190 0.05203177 0.05487098 0.05264855 0.06005885 0.03667254 0.06800063 0.04850374 0.06003515 0.04968216 0.05893447 0.08598723 0.06631730 0.05418515 0.06867796 0.26946362 
gadus_morhua                 0.26949591 0.26148897 0.27760123 0.26901473 0.26812718 0.27125821 0.28706150 0.25501682 0.26636487 0.26726875 0.30740085 0.26624752 0.31358049 0.27467179 0.00000000 0.26978020 0.26535721 0.24585427 0.26652581 0.27200484 0.27866964 0.29593832 0.26976229 0.26663387 0.34853894 0.25835910 0.30891453 0.31201394 0.28432789 0.30704051 0.27781184 0.26935721 0.25531475 0.31048813 0.29835188 0.29136464 0.26527856 0.27114531 0.27600589 0.26164550 0.26180283 0.27318375 0.26835424 0.27915881 0.27300997 0.27979551 0.26277414 0.27861607 0.26797311 0.27414894 0.29657331 0.28104707 0.26922736 0.27683523 0.45366871 
scomber_scombrus             0.04718182 0.04130366 0.12989238 0.04413587 0.04930245 0.05374139 0.06965429 0.04152249 0.03894808 0.04418003 0.16640310 0.04233629 0.10701700 0.05263956 0.26978020 0.00000000 0.03841688 0.05457122 0.03955690 0.04808930 0.05581522 0.08253462 0.04462300 0.04310845 0.14684346 0.04206459 0.09327365 0.10817597 0.06799398 0.12613553 0.05718248 0.04311366 0.06812086 0.12461974 0.07963132 0.07310335 0.04038671 0.04700340 0.07576815 0.03953456 0.04232337 0.04485294 0.04253725 0.05025296 0.04999443 0.05831132 0.03860992 0.05001825 0.03986781 0.04883933 0.07729329 0.05648187 0.04427510 0.05976751 0.25859342 
toxotes_jaculatrix           0.03068012 0.02526495 0.12650097 0.02752329 0.03252883 0.03774435 0.05335566 0.02614758 0.02134320 0.02712000 0.16536922 0.02527124 0.09133520 0.04821223 0.26535721 0.03841688 0.00000000 0.04123740 0.02331038 0.04130548 0.03992319 0.06791366 0.02783221 0.02690831 0.12994950 0.02568010 0.07675371 0.09326995 0.05167319 0.11120124 0.04100872 0.02590300 0.06346983 0.10882277 0.08116165 0.05672633 0.02315073 0.03059764 0.05932420 0.02268984 0.02602121 0.02697293 0.02545342 0.03274413 0.04618308 0.04245235 0.02196509 0.03247144 0.01903494 0.03183917 0.06100458 0.03954881 0.02718818 0.04404520 0.25746341 
scophthalmus_rhombus         0.04782380 0.04282249 0.12482497 0.04496243 0.04132404 0.05238176 0.05404928 0.04410861 0.04148144 0.04490203 0.15554333 0.04385442 0.08516402 0.06276488 0.24585427 0.05457122 0.04123740 0.00000000 0.04183902 0.05581165 0.04051925 0.06035772 0.04568351 0.04440502 0.11790867 0.04390952 0.07428131 0.08112541 0.05288806 0.09424183 0.04098928 0.04450898 0.07458934 0.09282296 0.08452526 0.05813351 0.04237621 0.04837853 0.06142487 0.04212891 0.04408345 0.04693421 0.04417546 0.05114625 0.06083474 0.04275768 0.04224535 0.05090942 0.04204068 0.04837199 0.06162807 0.05601186 0.04629735 0.04567317 0.22845487 
centropomus_medius           0.03242611 0.02598319 0.12433773 0.02907875 0.03331693 0.03859702 0.05399517 0.02718183 0.02318111 0.02914143 0.16345018 0.02737293 0.09280868 0.04887678 0.26652581 0.03955690 0.02331038 0.04183902 0.00000000 0.04157134 0.04110510 0.06679082 0.02986950 0.02635634 0.13155741 0.02709214 0.07725398 0.09320764 0.05265477 0.10990978 0.04185875 0.02803137 0.06487198 0.10780809 0.08042238 0.05763071 0.02496093 0.03232079 0.05917338 0.02468467 0.02766066 0.02934801 0.02755568 0.03477054 0.04690852 0.04346788 0.02286163 0.03447106 0.02357787 0.03392990 0.06219095 0.04198826 0.02944463 0.04460261 0.25762807 
acanthurus_bahianus          0.05044993 0.04454588 0.13415631 0.04664732 0.05168136 0.05692609 0.07279748 0.04357350 0.04160790 0.04646084 0.17302088 0.04466645 0.10972193 0.05832114 0.27200484 0.04808930 0.04130548 0.05581165 0.04157134 0.00000000 0.05874000 0.08426139 0.04729228 0.04458145 0.14769593 0.04425873 0.09631053 0.10917716 0.07080767 0.12446093 0.05951054 0.04582139 0.07280054 0.12406867 0.09003204 0.07604984 0.04359970 0.05035622 0.07684390 0.04261107 0.04499380 0.04782224 0.04561135 0.05321402 0.05548519 0.06064230 0.04137121 0.05305069 0.04278830 0.05192568 0.07980552 0.05947964 0.04787706 0.06251238 0.26750798 
paralichthys_albigutta       0.04822050 0.04252217 0.14144416 0.04464331 0.04048531 0.05311066 0.05598210 0.04249438 0.04020845 0.04434591 0.17863187 0.04343266 0.09321781 0.06530905 0.27866964 0.05581522 0.03992319 0.04051925 0.04110510 0.05874000 0.00000000 0.05765292 0.04528407 0.04388248 0.12968329 0.04271363 0.08001692 0.08344868 0.05426775 0.10172347 0.00927508 0.04367172 0.08021069 0.09858369 0.09476717 0.06008314 0.04141932 0.04835803 0.06422132 0.04082397 0.04304782 0.04630581 0.04351894 0.05134189 0.06314981 0.01772229 0.04044916 0.05104235 0.04079478 0.04907017 0.06448735 0.05747030 0.04606698 0.04703945 0.27369345 
cyclopsetta_fimbriata        0.07517436 0.06851996 0.15995344 0.07087033 0.06550992 0.07901505 0.08060953 0.06771456 0.06837309 0.07157711 0.19877592 0.07067567 0.11261852 0.09104656 0.29593832 0.08253462 0.06791366 0.06035772 0.06679082 0.08426139 0.05765292 0.00000000 0.07201813 0.06919141 0.14901277 0.06845305 0.10427940 0.07270715 0.07856626 0.10843671 0.05785520 0.07068382 0.10679741 0.10552234 0.11470868 0.08473627 0.06951125 0.07427405 0.08322689 0.06831317 0.06880985 0.07430052 0.07093642 0.07877866 0.08988308 0.05984716 0.06796714 0.07877583 0.06830886 0.07547919 0.08786689 0.08366666 0.07390960 0.07070465 0.29313798 
alectis_indicus              0.03686813 0.03172164 0.13186217 0.01231818 0.03814762 0.04324876 0.05909683 0.01216290 0.01816224 0.01244126 0.17105772 0.02309250 0.09549358 0.05441983 0.26976229 0.04462300 0.02783221 0.04568351 0.02986950 0.04729228 0.04528407 0.07201813 0.00000000 0.03317611 0.13481791 0.01080779 0.08140826 0.09743790 0.05737350 0.11546967 0.04618356 0.01035628 0.06957578 0.11332458 0.08686504 0.06201669 0.02133648 0.03694257 0.06454501 0.02054149 0.01176464 0.03394320 0.02330433 0.03982497 0.05178049 0.04777151 0.02864676 0.03950745 0.02899022 0.02899718 0.06519955 0.03763914 0.03431977 0.04936513 0.26615895 
sphyraena_putnamae           0.03583687 0.01780657 0.12567603 0.03230851 0.03597363 0.04164871 0.05676512 0.03026828 0.02695714 0.03191370 0.16437692 0.03041653 0.09608042 0.05272566 0.26663387 0.04310845 0.02690831 0.04440502 0.02635634 0.04458145 0.04388248 0.06919141 0.03317611 0.00000000 0.13376546 0.03071034 0.08056643 0.09529519 0.05515466 0.11237951 0.04452420 0.03142499 0.06688993 0.11075820 0.08169560 0.06130302 0.02810532 0.03551892 0.06099677 0.02768771 0.03042641 0.03307670 0.03091413 0.03803649 0.04991599 0.04637581 0.02664188 0.03816213 0.02759168 0.03618110 0.06520931 0.04454190 0.03291634 0.04728917 0.25764889 
symphurus_plagiusa           0.13705682 0.13157680 0.21952880 0.13290173 0.12797316 0.13681610 0.14014746 0.12662273 0.13050860 0.13323431 0.26082640 0.13364749 0.16601873 0.15300010 0.34853894 0.14684346 0.12994950 0.11790867 0.13155741 0.14769593 0.12968329 0.14901277 0.13481791 0.13376546 0.00000000 0.12992916 0.16089062 0.16858245 0.13808655 0.17532118 0.13060094 0.13432255 0.16880951 0.17681305 0.17356144 0.14141709 0.13211073 0.13817952 0.14627885 0.13024560 0.13120894 0.13780474 0.13402607 0.14384302 0.15300724 0.13265106 0.13208462 0.14352485 0.13233835 0.13998459 0.13503633 0.14708055 0.13502563 0.12297045 0.35474769 
megalaspis_cordyla           0.03350619 0.02905266 0.12645285 0.00874553 0.03532667 0.04073289 0.05599492 0.00960182 0.01615265 0.00888526 0.16120575 0.02117923 0.09184312 0.05136362 0.25835910 0.04206459 0.02568010 0.04390952 0.02709214 0.04425873 0.04271363 0.06845305 0.01080779 0.03071034 0.12992916 0.00000000 0.07853861 0.09218058 0.05435043 0.10879279 0.04342259 0.00361617 0.06623558 0.10705116 0.08160677 0.05935255 0.01903291 0.03406372 0.06064113 0.01849381 0.00928717 0.03165187 0.02110907 0.03747595 0.04904110 0.04504367 0.02603711 0.03708227 0.02656360 0.02723568 0.06261361 0.03487364 0.03180514 0.04662259 0.25026804 
gymnachirus_melas            0.08455631 0.07877420 0.17253298 0.08071043 0.07687370 0.08803680 0.08723108 0.07777783 0.07618989 0.08076017 0.21342582 0.07975299 0.12383805 0.10243639 0.30891453 0.09327365 0.07675371 0.07428131 0.07725398 0.09631053 0.08001692 0.10427940 0.08140826 0.08056643 0.16089062 0.07853861 0.00000000 0.12708906 0.08497547 0.13795016 0.08034294 0.07997897 0.11720777 0.13727146 0.12952819 0.04395036 0.07812867 0.08493704 0.09816965 0.07735756 0.07909405 0.08327083 0.08020788 0.08861817 0.09968124 0.08246460 0.07713766 0.08860339 0.07761977 0.08574057 0.09656542 0.09440084 0.08270169 0.07991503 0.30471809 
etropus_cyclosquamus         0.10076420 0.09350820 0.18309486 0.09550402 0.09088100 0.10306191 0.10495659 0.09028313 0.09402186 0.09641009 0.21721410 0.09562876 0.13357555 0.11660575 0.31201394 0.10817597 0.09326995 0.08112541 0.09320764 0.10917716 0.08344868 0.07270715 0.09743790 0.09529519 0.16858245 0.09218058 0.12708906 0.00000000 0.10256912 0.12400236 0.08294622 0.09628350 0.13161743 0.12221096 0.13656928 0.10896577 0.09495584 0.10029734 0.10405371 0.09356664 0.09393754 0.10047194 0.09665533 0.10459891 0.11420649 0.08485731 0.09398845 0.10454672 0.09433366 0.10158654 0.11195616 0.10965293 0.09932314 0.09467990 0.31541795 
mancopsetta_maculata         0.05975790 0.05360717 0.14983173 0.05628626 0.05193888 0.06235138 0.00149043 0.05416095 0.05176342 0.05587762 0.18936907 0.05539379 0.10039094 0.07749257 0.28432789 0.06799398 0.05167319 0.05288806 0.05265477 0.07080767 0.05426775 0.07856626 0.05737350 0.05515466 0.13808655 0.05435043 0.08497547 0.10256912 0.00000000 0.11747287 0.05485724 0.05545423 0.09136135 0.11423990 0.10479269 0.06591223 0.05324000 0.06002122 0.07319301 0.05230945 0.05451920 0.05818943 0.05541742 0.06377260 0.07476326 0.05723247 0.05260486 0.06331503 0.05244271 0.06086452 0.07348901 0.06922199 0.05777018 0.05584307 0.27917313 
bothus_pantherinus           0.11777518 0.11027327 0.18922979 0.11386812 0.10775048 0.11769912 0.11923408 0.10818694 0.11150168 0.11288143 0.22672129 0.11337100 0.14609828 0.13253593 0.30704051 0.12613553 0.11120124 0.09424183 0.10990978 0.12446093 0.10172347 0.10843671 0.11546967 0.11237951 0.17532118 0.10879279 0.13795016 0.12400236 0.11747287 0.00000000 0.10057797 0.11380414 0.14599431 0.06856608 0.14971571 0.12542176 0.11263380 0.11885337 0.11750582 0.11106532 0.11150344 0.11784070 0.11378081 0.12182241 0.13268199 0.10198045 0.11152962 0.12112636 0.11168814 0.11859255 0.12875447 0.12688129 0.11664599 0.11221001 0.31485568 
hippoglossina_oblonga        0.04904926 0.04325455 0.14194243 0.04522140 0.04114196 0.05382416 0.05646198 0.04356917 0.04095979 0.04506027 0.18001572 0.04420147 0.09327272 0.06614903 0.27781184 0.05718248 0.04100872 0.04098928 0.04185875 0.05951054 0.00927508 0.05785520 0.04618356 0.04452420 0.13060094 0.04342259 0.08034294 0.08294622 0.05485724 0.10057797 0.00000000 0.04424796 0.08167482 0.09773210 0.09441933 0.06069449 0.04239370 0.04900714 0.06436878 0.04171443 0.04386997 0.04706510 0.04441124 0.05216196 0.06405266 0.01841775 0.04147223 0.05190010 0.04174474 0.04997336 0.06443199 0.05818515 0.04685344 0.04757763 0.27357616 
caranx_melampygus            0.03471078 0.02971867 0.13075692 0.00866591 0.03605612 0.04150369 0.05726173 0.00973941 0.01631749 0.00856863 0.16895919 0.02124645 0.09521802 0.05281169 0.26935721 0.04311366 0.02590300 0.04450898 0.02803137 0.04582139 0.04367172 0.07068382 0.01035628 0.03142499 0.13432255 0.00361617 0.07997897 0.09628350 0.05545423 0.11380414 0.04424796 0.00000000 0.06784848 0.11131434 0.08468241 0.06057551 0.01956521 0.03487499 0.06228115 0.01886292 0.00928595 0.03210071 0.02163179 0.03818350 0.05017662 0.04612579 0.02648669 0.03789442 0.02697225 0.02776558 0.06488815 0.03578551 0.03223449 0.04742824 0.26238245 
myripristis_violacea         0.07199962 0.06567445 0.11205529 0.06904515 0.07257159 0.07772907 0.09369244 0.06459971 0.06468075 0.06871308 0.15096038 0.06661547 0.13115072 0.07569635 0.25531475 0.06812086 0.06346983 0.07458934 0.06487198 0.07280054 0.08021069 0.10679741 0.06957578 0.06688993 0.16880951 0.06623558 0.11720777 0.13161743 0.09136135 0.14599431 0.08167482 0.06784848 0.00000000 0.14527841 0.10782848 0.09660303 0.06562754 0.07167738 0.09675427 0.06453803 0.06639503 0.06990855 0.06751970 0.07585281 0.07274067 0.08304630 0.06376662 0.07567717 0.06475320 0.07418202 0.10144843 0.08206652 0.06981108 0.08345942 0.28671846 
crossorhombus_kobensis       0.11590086 0.10925877 0.19387308 0.11215245 0.10562805 0.11639555 0.11623478 0.10550721 0.10912904 0.11155895 0.22508507 0.11102905 0.14328438 0.13063565 0.31048813 0.12461974 0.10882277 0.09282296 0.10780809 0.12406867 0.09858369 0.10552234 0.11332458 0.11075820 0.17681305 0.10705116 0.13727146 0.12221096 0.11423990 0.06856608 0.09773210 0.11131434 0.14527841 0.00000000 0.14804102 0.12315805 0.11097564 0.11521816 0.11592935 0.11005914 0.10934914 0.11570930 0.11202717 0.12124886 0.13053688 0.09878868 0.10900351 0.12028055 0.10983785 0.11724905 0.12659385 0.12502582 0.11335752 0.10946187 0.31326246 
pseudupeneus_maculatus       0.08796424 0.08158511 0.16146435 0.08586578 0.08814447 0.09308318 0.10689382 0.07988682 0.08151580 0.08533650 0.20092456 0.08397168 0.14061601 0.09417075 0.29835188 0.07963132 0.08116165 0.08452526 0.08042238 0.09003204 0.09476717 0.11470868 0.08686504 0.08169560 0.17356144 0.08160677 0.12952819 0.13656928 0.10479269 0.14971571 0.09441933 0.08468241 0.10782848 0.14804102 0.00000000 0.11043126 0.08302372 0.08758941 0.10552177 0.08177887 0.08267381 0.08798343 0.08514002 0.09298383 0.09243876 0.09710655 0.08136602 0.09259665 0.08265407 0.08878364 0.11511138 0.09781639 0.08730967 0.09750834 0.27680286 
trinectes_maculatus          0.06579903 0.05990108 0.15501640 0.06166596 0.05727788 0.06870572 0.06799621 0.05853674 0.05676881 0.06139102 0.19471163 0.06017206 0.10523600 0.08247241 0.29136464 0.07310335 0.05672633 0.05813351 0.05763071 0.07604984 0.06008314 0.08473627 0.06201669 0.06130302 0.14141709 0.05935255 0.04395036 0.10896577 0.06591223 0.12542176 0.06069449 0.06057551 0.09660303 0.12315805 0.11043126 0.00000000 0.05853150 0.06594545 0.08000779 0.05770768 0.05983189 0.06307191 0.06040487 0.06884591 0.08014671 0.06235666 0.05742289 0.06867200 0.05832562 0.06622142 0.07705482 0.07425210 0.06312193 0.06186664 0.28788343 
trachinotus_blochii          0.03279516 0.02694754 0.12839601 0.02063209 0.03359117 0.03944499 0.05488958 0.01992300 0.01437808 0.02062315 0.16647846 0.01494178 0.09312522 0.05020118 0.26527856 0.04038671 0.02315073 0.04237621 0.02496093 0.04359970 0.04141932 0.06951125 0.02133648 0.02810532 0.13211073 0.01903291 0.07812867 0.09495584 0.05324000 0.11263380 0.04239370 0.01956521 0.06562754 0.11097564 0.08302372 0.05853150 0.00000000 0.03294148 0.06067201 0.00255655 0.01928270 0.02912099 0.01828757 0.03489831 0.04805641 0.04367296 0.02397369 0.03479764 0.02421189 0.02450511 0.06290205 0.03293841 0.02981565 0.04552340 0.25995131 
polydactylus_sexfilis        0.00808606 0.03403272 0.13387208 0.03622811 0.04043276 0.04608991 0.06197825 0.03429860 0.03124552 0.03588748 0.17319044 0.03438496 0.09871504 0.05671564 0.27114531 0.04700340 0.03059764 0.04837853 0.03232079 0.05035622 0.04835803 0.07427405 0.03694257 0.03551892 0.13817952 0.03406372 0.08493704 0.10029734 0.06002122 0.11885337 0.04900714 0.03487499 0.07167738 0.11521816 0.08758941 0.06594545 0.03294148 0.00000000 0.06616051 0.03214043 0.03455091 0.03729052 0.03467559 0.04290669 0.05471992 0.05075379 0.03147000 0.04257223 0.03227482 0.04132398 0.06908227 0.04897520 0.03683645 0.05196665 0.26245630 
citharus_linguata            0.06663720 0.05970901 0.15321983 0.06232677 0.03526835 0.06714796 0.07520821 0.05965922 0.05955755 0.06253964 0.18627005 0.06228588 0.10884441 0.08337213 0.27600589 0.07576815 0.05932420 0.06142487 0.05917338 0.07684390 0.06422132 0.08322689 0.06454501 0.06099677 0.14627885 0.06064113 0.09816965 0.10405371 0.07319301 0.11750582 0.06436878 0.06228115 0.09675427 0.11592935 0.10552177 0.08000779 0.06067201 0.06616051 0.00000000 0.06022059 0.06065239 0.06591958 0.06260613 0.07079571 0.08148795 0.06676991 0.05966151 0.07048281 0.05958276 0.06816721 0.08508466 0.07591152 0.06458400 0.06741027 0.27885530 
trachinotus_ovatus           0.03194525 0.02642192 0.12644207 0.01986081 0.03338563 0.03873010 0.05396565 0.01929289 0.01387107 0.01991617 0.16492243 0.01479115 0.09168132 0.04965190 0.26164550 0.03953456 0.02268984 0.04212891 0.02468467 0.04261107 0.04082397 0.06831317 0.02054149 0.02768771 0.13024560 0.01849381 0.07735756 0.09356664 0.05230945 0.11106532 0.04171443 0.01886292 0.06453803 0.11005914 0.08177887 0.05770768 0.00255655 0.03214043 0.06022059 0.00000000 0.01871724 0.02858823 0.01767094 0.03426988 0.04742531 0.04287703 0.02344062 0.03420163 0.02364850 0.02438058 0.06186111 0.03212544 0.02912720 0.04483319 0.25306546 
trachurus_trachurus          0.03461722 0.02923217 0.12778381 0.01067359 0.03523183 0.04133972 0.05631223 0.00557207 0.01650166 0.01081777 0.16434820 0.02128887 0.09390567 0.05203177 0.26180283 0.04232337 0.02602121 0.04408345 0.02766066 0.04499380 0.04304782 0.06880985 0.01176464 0.03042641 0.13120894 0.00928717 0.07909405 0.09393754 0.05451920 0.11150344 0.04386997 0.00928595 0.06639503 0.10934914 0.08267381 0.05983189 0.01928270 0.03455091 0.06065239 0.01871724 0.00000000 0.03236340 0.02154744 0.03771584 0.04923753 0.04590124 0.02641583 0.03757023 0.02694488 0.02767369 0.06364751 0.03545758 0.03234825 0.04711739 0.25692924 
xiphius_gladius              0.03704982 0.03120366 0.13300302 0.03370814 0.03823235 0.04402841 0.06007914 0.03214901 0.02738510 0.03349672 0.17326398 0.03165608 0.09829833 0.05487098 0.27318375 0.04485294 0.02697293 0.04693421 0.02934801 0.04782224 0.04630581 0.07430052 0.03394320 0.03307670 0.13780474 0.03165187 0.08327083 0.10047194 0.05818943 0.11784070 0.04706510 0.03210071 0.06990855 0.11570930 0.08798343 0.06307191 0.02912099 0.03729052 0.06591958 0.02858823 0.03236340 0.00000000 0.03127647 0.03068112 0.05257100 0.04837316 0.02840554 0.03035405 0.02819300 0.03789830 0.06715181 0.04621981 0.03246875 0.04993712 0.26452344 
rachycentron_canadum         0.03458914 0.02941933 0.13000092 0.02291547 0.03600194 0.04148144 0.05707966 0.02166584 0.01698679 0.02288526 0.16877380 0.02070311 0.09515812 0.05264855 0.26835424 0.04253725 0.02545342 0.04417546 0.02755568 0.04561135 0.04351894 0.07093642 0.02330433 0.03091413 0.13402607 0.02110907 0.08020788 0.09665533 0.05541742 0.11378081 0.04441124 0.02163179 0.06751970 0.11202717 0.08514002 0.06040487 0.01828757 0.03467559 0.06260613 0.01767094 0.02154744 0.03127647 0.00000000 0.03737377 0.04988385 0.04588087 0.02641937 0.03710735 0.02647809 0.01497696 0.06467501 0.02856042 0.03213156 0.04728464 0.26169526 
tetrapturus_angustirostris   0.04266175 0.03678938 0.13834368 0.03956314 0.04388749 0.04910678 0.06566070 0.03720019 0.03370195 0.03928125 0.17736435 0.03721779 0.10381636 0.06005885 0.27915881 0.05025296 0.03274413 0.05114625 0.03477054 0.05321402 0.05134189 0.07877866 0.03982497 0.03803649 0.14384302 0.03747595 0.08861817 0.10459891 0.06377260 0.12182241 0.05216196 0.03818350 0.07585281 0.12124886 0.09298383 0.06884591 0.03489831 0.04290669 0.07079571 0.03426988 0.03771584 0.03068112 0.03737377 0.00000000 0.05792659 0.05374296 0.03393790 0.00289488 0.03428127 0.04332088 0.07298862 0.05148211 0.03798758 0.05513086 0.27217129 
apogon_lateralis             0.05452483 0.04877585 0.13477451 0.05156448 0.05633041 0.06099179 0.07688680 0.04829003 0.04666798 0.05110962 0.17476749 0.04933378 0.11311832 0.03667254 0.27300997 0.04999443 0.04618308 0.06083474 0.04690852 0.05548519 0.06314981 0.08988308 0.05178049 0.04991599 0.15300724 0.04904110 0.09968124 0.11420649 0.07476326 0.13268199 0.06405266 0.05017662 0.07274067 0.13053688 0.09243876 0.08014671 0.04805641 0.05471992 0.08148795 0.04742531 0.04923753 0.05257100 0.04988385 0.05792659 0.00000000 0.06555245 0.04622684 0.05779163 0.04739448 0.05550263 0.08387119 0.06329267 0.05240157 0.06617713 0.26782073 
hypopsetta_guttulata         0.05041959 0.04520293 0.14341536 0.04715509 0.04288384 0.05591418 0.05894824 0.04543502 0.04252299 0.04715568 0.18074902 0.04588805 0.09486388 0.06800063 0.27979551 0.05831132 0.04245235 0.04275768 0.04346788 0.06064230 0.01772229 0.05984716 0.04777151 0.04637581 0.13265106 0.04504367 0.08246460 0.08485731 0.05723247 0.10198045 0.01841775 0.04612579 0.08304630 0.09878868 0.09710655 0.06235666 0.04367296 0.05075379 0.06676991 0.04287703 0.04590124 0.04837316 0.04588087 0.05374296 0.06555245 0.00000000 0.04295477 0.05360026 0.04341520 0.05132347 0.06684582 0.05978561 0.04867727 0.04915416 0.27588715 
lates_calcarifer             0.03127574 0.02502385 0.12566593 0.02801956 0.03276836 0.03806504 0.05439207 0.02679355 0.02239767 0.02781447 0.16572795 0.02627002 0.09209766 0.04850374 0.26277414 0.03860992 0.02196509 0.04224535 0.02286163 0.04137121 0.04044916 0.06796714 0.02864676 0.02664188 0.13208462 0.02603711 0.07713766 0.09398845 0.05260486 0.11152962 0.04147223 0.02648669 0.06376662 0.10900351 0.08136602 0.05742289 0.02397369 0.03147000 0.05966151 0.02344062 0.02641583 0.02840554 0.02641937 0.03393790 0.04622684 0.04295477 0.00000000 0.03376854 0.02312800 0.03279678 0.06201537 0.04097554 0.02869736 0.04459849 0.25844873 
istiophorus_platypterus      0.04271005 0.03666772 0.13856116 0.03920574 0.04369852 0.04909332 0.06510269 0.03723549 0.03344261 0.03910177 0.17888649 0.03708175 0.10348669 0.06003515 0.27861607 0.05001825 0.03247144 0.05090942 0.03447106 0.05305069 0.05104235 0.07877583 0.03950745 0.03816213 0.14352485 0.03708227 0.08860339 0.10454672 0.06331503 0.12112636 0.05190010 0.03789442 0.07567717 0.12028055 0.09259665 0.06867200 0.03479764 0.04257223 0.07048281 0.03420163 0.03757023 0.03035405 0.03710735 0.00289488 0.05779163 0.05360026 0.03376854 0.00000000 0.03394170 0.04320682 0.07282770 0.05115027 0.03763080 0.05520134 0.27312014 
leptobrama_muelleri          0.03232225 0.02594042 0.12760749 0.02828497 0.03313351 0.03834839 0.05355645 0.02656515 0.02247902 0.02825279 0.16680184 0.02656550 0.09237444 0.04968216 0.26797311 0.03986781 0.01903494 0.04204068 0.02357787 0.04278830 0.04079478 0.06830886 0.02899022 0.02759168 0.13233835 0.02656360 0.07761977 0.09433366 0.05244271 0.11168814 0.04174474 0.02697225 0.06475320 0.10983785 0.08265407 0.05832562 0.02421189 0.03227482 0.05958276 0.02364850 0.02694488 0.02819300 0.02647809 0.03428127 0.04739448 0.04341520 0.02312800 0.03394170 0.00000000 0.03304846 0.06281104 0.04125338 0.02840269 0.04472316 0.25992608 
coryphaena_hippurus          0.04114855 0.03484823 0.13489217 0.02904335 0.04209725 0.04767405 0.06211899 0.02716554 0.02373347 0.02902337 0.17249979 0.02718532 0.10123733 0.05893447 0.27414894 0.04883933 0.03183917 0.04837199 0.03392990 0.05192568 0.04907017 0.07547919 0.02899718 0.03618110 0.13998459 0.02723568 0.08574057 0.10158654 0.06086452 0.11859255 0.04997336 0.02776558 0.07418202 0.11724905 0.08878364 0.06622142 0.02450511 0.04132398 0.06816721 0.02438058 0.02767369 0.03789830 0.01497696 0.04332088 0.05550263 0.05132347 0.03279678 0.04320682 0.03304846 0.00000000 0.07048232 0.03449406 0.03855475 0.05247599 0.26673318 
parachirus_xenicus           0.06911015 0.06327127 0.16024844 0.06519105 0.06172349 0.07346375 0.07453469 0.06269103 0.06122667 0.06524840 0.19960092 0.06483382 0.10622099 0.08598723 0.29657331 0.07729329 0.06100458 0.06162807 0.06219095 0.07980552 0.06448735 0.08786689 0.06519955 0.06520931 0.13503633 0.06261361 0.09656542 0.11195616 0.07348901 0.12875447 0.06443199 0.06488815 0.10144843 0.12659385 0.11511138 0.07705482 0.06290205 0.06908227 0.08508466 0.06186111 0.06364751 0.06715181 0.06467501 0.07298862 0.08387119 0.06684582 0.06201537 0.07282770 0.06281104 0.07048232 0.00000000 0.07817553 0.06717888 0.05676141 0.29221922 
echeneis_cf_naucratoides     0.04890310 0.04286357 0.14236337 0.03698649 0.05016861 0.05575549 0.07064489 0.03475854 0.03186632 0.03667822 0.18046477 0.03523907 0.10843739 0.06631730 0.28104707 0.05648187 0.03954881 0.05601186 0.04198826 0.05947964 0.05747030 0.08366666 0.03763914 0.04454190 0.14708055 0.03487364 0.09440084 0.10965293 0.06922199 0.12688129 0.05818515 0.03578551 0.08206652 0.12502582 0.09781639 0.07425210 0.03293841 0.04897520 0.07591152 0.03212544 0.03545758 0.04621981 0.02856042 0.05148211 0.06329267 0.05978561 0.04097554 0.05115027 0.04125338 0.03449406 0.07817553 0.00000000 0.04685231 0.06095381 0.27509542 
mene_maculatus               0.03686268 0.03109394 0.13300032 0.03367640 0.03857042 0.04362003 0.05944861 0.03205650 0.02772995 0.03335558 0.17189866 0.03176013 0.09765557 0.05418515 0.26922736 0.04427510 0.02718818 0.04629735 0.02944463 0.04787706 0.04606698 0.07390960 0.03431977 0.03291634 0.13502563 0.03180514 0.08270169 0.09932314 0.05777018 0.11664599 0.04685344 0.03223449 0.06981108 0.11335752 0.08730967 0.06312193 0.02981565 0.03683645 0.06458400 0.02912720 0.03234825 0.03246875 0.03213156 0.03798758 0.05240157 0.04867727 0.02869736 0.03763080 0.02840269 0.03855475 0.06717888 0.04685231 0.00000000 0.05036399 0.26400595 
poecilopsetta_plinthus       0.05189583 0.04576644 0.14242913 0.04875151 0.04444086 0.05608984 0.05747129 0.04633755 0.04406873 0.04858899 0.17883249 0.04734804 0.09086797 0.06867796 0.27683523 0.05976751 0.04404520 0.04567317 0.04460261 0.06251238 0.04703945 0.07070465 0.04936513 0.04728917 0.12297045 0.04662259 0.07991503 0.09467990 0.05584307 0.11221001 0.04757763 0.04742824 0.08345942 0.10946187 0.09750834 0.06186664 0.04552340 0.05196665 0.06741027 0.04483319 0.04711739 0.04993712 0.04728464 0.05513086 0.06617713 0.04915416 0.04459849 0.05520134 0.04472316 0.05247599 0.05676141 0.06095381 0.05036399 0.00000000 0.27063148 
syngnathus_fuscus            0.26560517 0.25365760 0.32691461 0.26150680 0.26525318 0.26293925 0.28393035 0.23982493 0.25981878 0.26121339 0.37440615 0.25996561 0.31138258 0.26946362 0.45366871 0.25859342 0.25746341 0.22845487 0.25762807 0.26750798 0.27369345 0.29313798 0.26615895 0.25764889 0.35474769 0.25026804 0.30471809 0.31541795 0.27917313 0.31485568 0.27357616 0.26238245 0.28671846 0.31326246 0.27680286 0.28788343 0.25995131 0.26245630 0.27885530 0.25306546 0.25692924 0.26452344 0.26169526 0.27217129 0.26782073 0.27588715 0.25844873 0.27312014 0.25992608 0.26673318 0.29221922 0.27509542 0.26400595 0.27063148 0.00000000 
