18
cyrtonyx_montezumae       0.00000000 0.02152096 0.02478600 0.02457376 0.02364657 0.02499692 0.02337935 0.02427233 0.02389689 0.02348206 0.02653290 0.02381140 0.02543091 0.02258558 0.02459197 0.02109435 0.02146344 0.02322597 
alectoris_rufa            0.02152096 0.00000000 0.01385831 0.01367841 0.01316415 0.01309788 0.01244474 0.01360798 0.01323338 0.01323317 0.01519513 0.01241805 0.01457083 0.01295993 0.01664418 0.01206613 0.01254807 0.01292704 
catreus_wallichi          0.02478600 0.01385831 0.00000000 0.00448511 0.00362077 0.01574348 0.00862374 0.00394385 0.00355684 0.00394043 0.01052106 0.01478356 0.00908334 0.00425866 0.01873925 0.00428585 0.00434707 0.00949152 
chrysolophus_pictus       0.02457376 0.01367841 0.00448511 0.00000000 0.00403706 0.01545232 0.00835481 0.00418190 0.00370976 0.00406839 0.01026658 0.01446844 0.00900434 0.00402364 0.01846089 0.00400519 0.00418964 0.00914026 
crossoptilon_crossoptilon 0.02364657 0.01316415 0.00362077 0.00403706 0.00000000 0.01505601 0.00808903 0.00353915 0.00313539 0.00346199 0.01004539 0.01405973 0.00861552 0.00375012 0.01798034 0.00389964 0.00400588 0.00894396 
galgal4                   0.02499692 0.01309788 0.01574348 0.01545232 0.01505601 0.00000000 0.01400628 0.01533849 0.01480008 0.01495351 0.01727654 0.01375410 0.01666098 0.01444549 0.01815018 0.01325826 0.01358192 0.01455124 
lophophorus_impejanus     0.02337935 0.01244474 0.00862374 0.00835481 0.00808903 0.01400628 0.00000000 0.00827251 0.00783528 0.00810372 0.00978503 0.01305409 0.00978715 0.00777667 0.01721900 0.00728208 0.00747385 0.00745188 
lophura_inornata          0.02427233 0.01360798 0.00394385 0.00418190 0.00353915 0.01533849 0.00827251 0.00000000 0.00248052 0.00314730 0.01014488 0.01422510 0.00880343 0.00384232 0.01830041 0.00387478 0.00403404 0.00907067 
lophura_nycthemera        0.02389689 0.01323338 0.00355684 0.00370976 0.00313539 0.01480008 0.00783528 0.00248052 0.00000000 0.00263838 0.00972762 0.01388680 0.00839927 0.00344774 0.01779340 0.00353042 0.00350689 0.00858460 
lophura_swinhoii          0.02348206 0.01323317 0.00394043 0.00406839 0.00346199 0.01495351 0.00810372 0.00314730 0.00263838 0.00000000 0.01002742 0.01403175 0.00874849 0.00373785 0.01785063 0.00393270 0.00400316 0.00884683 
melgal2                   0.02653290 0.01519513 0.01052106 0.01026658 0.01004539 0.01727654 0.00978503 0.01014488 0.00972762 0.01002742 0.00000000 0.01604656 0.01170564 0.00964502 0.01987319 0.00897005 0.00928669 0.01054168 
pavo_cristatus            0.02381140 0.01241805 0.01478356 0.01446844 0.01405973 0.01375410 0.01305409 0.01422510 0.01388680 0.01403175 0.01604656 0.00000000 0.01571949 0.01366824 0.01756626 0.01256411 0.01288964 0.01370708 
perdix                    0.02543091 0.01457083 0.00908334 0.00900434 0.00861552 0.01666098 0.00978715 0.00880343 0.00839927 0.00874849 0.01170564 0.01571949 0.00000000 0.00832219 0.01942406 0.00777728 0.00812239 0.01048459 
phasianus_colchicus       0.02258558 0.01295993 0.00425866 0.00402364 0.00375012 0.01444549 0.00777667 0.00384232 0.00344774 0.00373785 0.00964502 0.01366824 0.00832219 0.00000000 0.01708037 0.00372217 0.00374657 0.00850900 
rollulus_rouloul          0.02459197 0.01664418 0.01873925 0.01846089 0.01798034 0.01815018 0.01721900 0.01830041 0.01779340 0.01785063 0.01987319 0.01756626 0.01942406 0.01708037 0.00000000 0.01581261 0.01663492 0.01757932 
syrmaticus_ellioti        0.02109435 0.01206613 0.00428585 0.00400519 0.00389964 0.01325826 0.00728208 0.00387478 0.00353042 0.00393270 0.00897005 0.01256411 0.00777728 0.00372217 0.01581261 0.00000000 0.00318611 0.00823541 
syrmaticus_reevesii       0.02146344 0.01254807 0.00434707 0.00418964 0.00400588 0.01358192 0.00747385 0.00403404 0.00350689 0.00400316 0.00928669 0.01288964 0.00812239 0.00374657 0.01663492 0.00318611 0.00000000 0.00843006 
tragopan_blythii          0.02322597 0.01292704 0.00949152 0.00914026 0.00894396 0.01455124 0.00745188 0.00907067 0.00858460 0.00884683 0.01054168 0.01370708 0.01048459 0.00850900 0.01757932 0.00823541 0.00843006 0.00000000 
