18
cyrtonyx_montezumae       0.00000000 0.02096458 0.02402980 0.02381604 0.02294646 0.02421645 0.02269545 0.02354258 0.02319035 0.02281831 0.02565622 0.02313387 0.02465104 0.02198109 0.02382450 0.02053389 0.02088628 0.02259165 
alectoris_rufa            0.02096458 0.00000000 0.01362950 0.01345338 0.01295424 0.01289295 0.01225262 0.01338851 0.01302609 0.01302334 0.01491080 0.01223242 0.01431144 0.01275503 0.01629595 0.01189158 0.01235463 0.01272845 
catreus_wallichi          0.02402980 0.01362950 0.00000000 0.00446137 0.00360509 0.01542751 0.00852753 0.00392498 0.00354352 0.00392082 0.01038333 0.01451365 0.00898393 0.00423723 0.01830084 0.00426489 0.00432132 0.00937803 
chrysolophus_pictus       0.02381604 0.01345338 0.00446137 0.00000000 0.00401531 0.01514552 0.00826517 0.00415762 0.00369082 0.00404552 0.01013097 0.01420648 0.00890034 0.00400210 0.01803108 0.00398468 0.00416512 0.00903608 
crossoptilon_crossoptilon 0.02294646 0.01295424 0.00360509 0.00401531 0.00000000 0.01476477 0.00800294 0.00352294 0.00312270 0.00344658 0.00991594 0.01381561 0.00852368 0.00373281 0.01758111 0.00388148 0.00398509 0.00884688 
galgal4                   0.02421645 0.01289295 0.01542751 0.01514552 0.01476477 0.00000000 0.01374696 0.01503968 0.01452463 0.01467007 0.01688933 0.01351315 0.01631662 0.01418037 0.01773348 0.01303267 0.01334107 0.01429762 
lophophorus_impejanus     0.02269545 0.01225262 0.00852753 0.00826517 0.00800294 0.01374696 0.00000000 0.00818372 0.00775511 0.00801820 0.00966788 0.01283898 0.00966553 0.00770066 0.01684662 0.00721622 0.00739619 0.00738344 
lophura_inornata          0.02354258 0.01338851 0.00392498 0.00415762 0.00352294 0.01503968 0.00818372 0.00000000 0.00247059 0.00313544 0.01001406 0.01396667 0.00870581 0.00382097 0.01787237 0.00385887 0.00401077 0.00896404 
lophura_nycthemera        0.02319035 0.01302609 0.00354352 0.00369082 0.00312270 0.01452463 0.00775511 0.00247059 0.00000000 0.00263021 0.00961189 0.01364691 0.00830963 0.00343159 0.01739142 0.00351596 0.00349080 0.00848933 
lophura_swinhoii          0.02281831 0.01302334 0.00392082 0.00404552 0.00344658 0.01467007 0.00801820 0.00313544 0.00263021 0.00000000 0.00990573 0.01378899 0.00865751 0.00372092 0.01745339 0.00391514 0.00398047 0.00874795 
melgal2                   0.02565622 0.01491080 0.01038333 0.01013097 0.00991594 0.01688933 0.00966788 0.01001406 0.00961189 0.00990573 0.00000000 0.01571842 0.01153314 0.00953233 0.01938412 0.00887767 0.00917405 0.01041506 
pavo_cristatus            0.02313387 0.01223242 0.01451365 0.01420648 0.01381561 0.01351315 0.01283898 0.01396667 0.01364691 0.01378899 0.01571842 0.00000000 0.01541719 0.01343707 0.01718230 0.01235741 0.01267251 0.01347332 
perdix                    0.02465104 0.01431144 0.00898393 0.00890034 0.00852368 0.01631662 0.00966553 0.00870581 0.00830963 0.00865751 0.01153314 0.01541719 0.00000000 0.00824200 0.01896054 0.00770088 0.00803702 0.01035406 
phasianus_colchicus       0.02198109 0.01275503 0.00423723 0.00400210 0.00373281 0.01418037 0.00770066 0.00382097 0.00343159 0.00372092 0.00953233 0.01343707 0.00824200 0.00000000 0.01672283 0.00370873 0.00373224 0.00841855 
rollulus_rouloul          0.02382450 0.01629595 0.01830084 0.01803108 0.01758111 0.01773348 0.01684662 0.01787237 0.01739142 0.01745339 0.01938412 0.01718230 0.01896054 0.01672283 0.00000000 0.01549192 0.01627433 0.01720322 
syrmaticus_ellioti        0.02053389 0.01189158 0.00426489 0.00398468 0.00388148 0.01303267 0.00721622 0.00385887 0.00351596 0.00391514 0.00887767 0.01235741 0.00770088 0.00370873 0.01549192 0.00000000 0.00317547 0.00814900 
syrmaticus_reevesii       0.02088628 0.01235463 0.00432132 0.00416512 0.00398509 0.01334107 0.00739619 0.00401077 0.00349080 0.00398047 0.00917405 0.01267251 0.00803702 0.00373224 0.01627433 0.00317547 0.00000000 0.00833899 
tragopan_blythii          0.02259165 0.01272845 0.00937803 0.00903608 0.00884688 0.01429762 0.00738344 0.00896404 0.00848933 0.00874795 0.01041506 0.01347332 0.01035406 0.00841855 0.01720322 0.00814900 0.00833899 0.00000000 
