10
anolis_carolinensis        0.00000000 0.12201229 0.08265488 0.08901538 0.08621412 0.07482038 0.07150569 0.07602003 0.06910664 0.06052898 
homo_sapiens               0.12201229 0.00000000 0.15860969 0.09385505 0.09087366 0.07835647 0.07660189 0.08022386 0.07492834 0.07061144 
pantherophis_guttata       0.08265488 0.15860969 0.00000000 0.12400496 0.12112193 0.10790236 0.10431503 0.10903080 0.09954239 0.09098666 
zebra_finch                0.08901538 0.09385505 0.12400496 0.00000000 0.03095652 0.03886805 0.03758709 0.04341587 0.04289643 0.04124936 
gallus_gallus              0.08621412 0.09087366 0.12112193 0.03095652 0.00000000 0.03607085 0.03493749 0.04039913 0.03998103 0.03867061 
alligator_mississippiensis 0.07482038 0.07835647 0.10790236 0.03886805 0.03607085 0.00000000 0.00508949 0.02743452 0.02946714 0.02925254 
crocodylus_porosus         0.07150569 0.07660189 0.10431503 0.03758709 0.03493749 0.00508949 0.00000000 0.02661401 0.02947874 0.02901709 
chrysemys_picta            0.07602003 0.08022386 0.10903080 0.04341587 0.04039913 0.02743452 0.02661401 0.00000000 0.01979179 0.03076689 
pelomedusa_subrufa         0.06910664 0.07492834 0.09954239 0.04289643 0.03998103 0.02946714 0.02947874 0.01979179 0.00000000 0.03420796 
sphenodon_tuatara          0.06052898 0.07061144 0.09098666 0.04124936 0.03867061 0.02925254 0.02901709 0.03076689 0.03420796 0.00000000 
