187
Acromyrmex_echinatior_Genome         0.0000000 0.2759272 0.2689604 0.6275154 0.0193451 0.2500117 0.2554219 0.1188175 0.0958002 0.4476436 0.1338234 0.6469845 0.6937325 0.6247756 0.2749321 0.2508418 0.2610771 0.1576582 0.1121732 0.2640203 0.2665127 0.6242493 0.0712136 0.5780302 0.6306642 0.0835225 0.0641316 0.7589144 0.0690286 0.0600193 0.6255870 0.2768926 0.3280709 0.2624241 0.2267989 0.2628678 0.2578442 0.2761461 0.5702580 0.2667714 0.2760983 0.1734877 0.2488926 0.2489547 0.2968683 0.5544191 0.2523530 0.5558722 0.2598937 0.2508990 0.2459121 0.2820287 0.2788626 0.2681396 0.3765580 0.2912455 0.2863230 0.2750350 0.2453811 0.2932703 0.2497319 0.2472633 0.3375931 0.3155592 0.2619879 0.2679743 0.2978626 0.3984399 0.3071722 0.3802776 0.5294270 0.3148284 0.3589512 0.3097463 0.2833906 0.3924470 0.2863989 0.4344976 0.2678430 0.2673974 0.2533365 0.4548607 0.4790834 0.5443394 0.2828119 0.3613335 0.2520234 0.2653978 0.2485594 0.4604615 0.2610294 0.2537097 0.3251536 0.2766343 0.5843015 0.2369882 0.3309310 0.3191694 0.3463570 0.5704276 0.3186437 0.2506415 0.2912487 0.5121586 0.5824231 0.2404747 0.3034592 0.3177472 0.4996952 0.4313870 0.3105674 0.4233044 0.3311597 0.2571442 0.5095559 0.2835486 0.2780488 0.2424592 0.2933446 0.2692363 0.3167704 0.3190930 0.2567216 0.3237983 0.2952396 0.3038244 0.4420211 0.3545534 0.4677875 0.2452558 0.2588314 0.3672387 0.2523388 0.2945010 0.5545911 0.3211890 0.2560145 0.2637272 0.2737992 0.2705048 0.2970735 0.3247280 0.2872538 0.3249872 0.2123392 0.2807650 0.1582020 0.3008676 0.4250404 0.5701661 0.5683672 0.2442154 0.2847889 0.3051532 0.2704761 0.4496802 0.3116007 0.3046553 0.2978670 0.2461603 0.4287588 0.4626149 0.2760482 0.5940956 0.1135670 0.3769659 0.5995154 0.2442002 0.3054686 0.4444109 0.4938720 0.2366620 0.6251154 0.2580676 0.4414574 0.4656114 0.4787878 0.2636611 0.2915547 0.2686802 0.3301587 0.2094397 0.2736297 0.4692741 0.6140930 0.1736437 0.2540841 
Apis_mellifera_Genome                0.2759272 0.0000000 0.2567984 0.5945558 0.2785918 0.1046206 0.1054181 0.2754341 0.2885954 0.4213911 0.2794303 0.6151965 0.6536058 0.5955753 0.1637688 0.1008037 0.1245415 0.2789345 0.2670075 0.1441127 0.1165716 0.5910990 0.2753551 0.5536091 0.5963809 0.2820211 0.2732724 0.7331294 0.2789625 0.2728829 0.6011482 0.1687375 0.2756377 0.2229271 0.1302249 0.1536439 0.1471136 0.2592754 0.5569297 0.1639333 0.1696321 0.1641215 0.1908261 0.1028452 0.2807734 0.5260710 0.1383078 0.5332813 0.1607931 0.1403039 0.1036183 0.1603526 0.2219277 0.2071947 0.3630381 0.2801837 0.2726607 0.1555047 0.1414563 0.2759968 0.1413064 0.1079258 0.3223850 0.2969012 0.1578428 0.1621828 0.1864811 0.3740010 0.2631430 0.3512822 0.5053621 0.3056660 0.3324118 0.1860270 0.1572714 0.3721110 0.1701159 0.4125181 0.1495443 0.2108022 0.1447254 0.4359065 0.4677635 0.5133056 0.1713890 0.3423877 0.1548378 0.1234354 0.1605317 0.4481395 0.1459122 0.1540423 0.3091968 0.2678887 0.5639619 0.1864918 0.3072510 0.2907218 0.3196485 0.5523002 0.3076733 0.2303821 0.2618560 0.4885005 0.5588127 0.1343241 0.2479645 0.3041873 0.4627077 0.4044815 0.2887667 0.4111170 0.3036305 0.1376534 0.4914991 0.2689833 0.1713416 0.1765568 0.2412007 0.1165842 0.2576764 0.2942314 0.1828784 0.2960747 0.2733208 0.2510297 0.4214299 0.3396282 0.4434530 0.2282265 0.1474599 0.3376960 0.1892948 0.2783777 0.5369367 0.2943705 0.1502855 0.2179394 0.2519998 0.2509760 0.2718179 0.2965202 0.2345246 0.3022907 0.1719591 0.1712575 0.2781285 0.2493801 0.4006203 0.5395991 0.5391794 0.1513080 0.1562694 0.2789936 0.1562136 0.4212293 0.2994611 0.2453342 0.2724719 0.1391521 0.3991312 0.4444232 0.1339863 0.5723301 0.2723826 0.3601639 0.5884420 0.1731614 0.2894225 0.4336174 0.4765739 0.0980617 0.5999737 0.1438362 0.4225208 0.4518325 0.4632906 0.1339019 0.2648877 0.1552652 0.3072348 0.1962229 0.2492413 0.4508235 0.5859267 0.1623226 0.1871333 
Apterogyna_za01_Genome               0.2689604 0.2567984 0.0000000 0.5323673 0.2707145 0.2451299 0.2468371 0.2649461 0.2785289 0.4011253 0.2702882 0.5686793 0.6104755 0.5377920 0.2596029 0.2443437 0.2508351 0.2716363 0.2688055 0.2471865 0.2516492 0.5411752 0.2685674 0.4817510 0.5411777 0.2720644 0.2657793 0.6787289 0.2627470 0.2708453 0.5370337 0.2509875 0.2775545 0.2474127 0.2026918 0.2454763 0.2349817 0.2349005 0.4822274 0.2496399 0.2556329 0.1471615 0.2265980 0.2401130 0.2722846 0.4775445 0.2429457 0.4814532 0.2539091 0.2373175 0.2369198 0.2624426 0.2490976 0.2377643 0.3392914 0.2679293 0.2674525 0.2663449 0.2306268 0.2749166 0.2341517 0.2368018 0.3031936 0.2704065 0.2498352 0.2526213 0.2782359 0.3605481 0.2651526 0.3526438 0.4589303 0.2885053 0.3180439 0.2871982 0.2765754 0.3591044 0.2535294 0.3896549 0.2652808 0.2468900 0.2449881 0.4085452 0.4185422 0.4672676 0.2657868 0.3149936 0.2431463 0.2504562 0.2361796 0.4020537 0.2515006 0.2408839 0.2856010 0.2514390 0.5061029 0.2210607 0.2939219 0.2703234 0.3091216 0.4916150 0.2901311 0.2209156 0.2679492 0.4146682 0.4772068 0.2307464 0.2710373 0.2895518 0.4386237 0.3770086 0.2872895 0.3850766 0.2975485 0.2507848 0.4449351 0.2480178 0.2608253 0.2315422 0.2699958 0.2410527 0.2804773 0.2726169 0.2425950 0.2752961 0.2547576 0.2642961 0.3934899 0.3139072 0.4066923 0.2185685 0.2361227 0.3382830 0.2490117 0.2678144 0.4792130 0.2808411 0.2405538 0.2314175 0.2372649 0.2332313 0.2819645 0.2875494 0.2668225 0.2912005 0.2035110 0.2616760 0.2708252 0.2729685 0.3762633 0.4884091 0.4839538 0.2218643 0.2764575 0.2657072 0.2649500 0.3993166 0.2900260 0.2755178 0.2573621 0.2358731 0.3920513 0.3996649 0.2591313 0.5232593 0.2685357 0.3360719 0.5181368 0.2357987 0.2547327 0.3860878 0.4218995 0.2208110 0.5509916 0.2466541 0.3702926 0.3991871 0.4183143 0.2454531 0.2668880 0.2492430 0.2771888 0.1762732 0.2557466 0.4143094 0.5437829 0.0113733 0.2404271 
Athalia_rosae_Genome                 0.6275154 0.5945558 0.5323673 0.0000000 0.6258711 0.5772016 0.5906305 0.6363310 0.6513506 0.5908477 0.6337151 0.8456821 0.9143593 0.7959115 0.6063198 0.5883866 0.5940088 0.6427768 0.6312270 0.5942903 0.5937339 0.7737228 0.6326310 0.7639837 0.3289881 0.6379304 0.6343954 0.9702851 0.6347000 0.6317554 0.3467723 0.5973994 0.6232472 0.5889921 0.5140242 0.5985995 0.5750873 0.5690964 0.4174595 0.5875098 0.6110354 0.3699230 0.5500498 0.5636274 0.6317193 0.7282010 0.5889386 0.7180691 0.5962185 0.5893238 0.5592206 0.6108668 0.5944489 0.5990180 0.6591856 0.6237551 0.6133776 0.5930932 0.5731867 0.6289235 0.5606525 0.5689811 0.6703025 0.6267571 0.6091624 0.6039043 0.6431250 0.6429881 0.6077765 0.6622372 0.6638275 0.6449694 0.6244797 0.6466387 0.6249719 0.6664055 0.5871276 0.5891076 0.5970550 0.5915901 0.5951165 0.6421357 0.6362989 0.7302526 0.6126817 0.6511955 0.5938731 0.5977972 0.5671806 0.6763154 0.5946754 0.5883318 0.5985174 0.5798111 0.7488911 0.5413362 0.5978591 0.5654722 0.6224437 0.7512446 0.6422678 0.5357142 0.6162627 0.6748028 0.3104470 0.5921618 0.6238611 0.6392030 0.5630282 0.6617085 0.6099050 0.6236963 0.6235494 0.5889893 0.7040124 0.5984014 0.6121746 0.5678458 0.6373476 0.5760066 0.6703347 0.6101557 0.5866156 0.5960629 0.6059141 0.5697023 0.6863768 0.6487478 0.6505946 0.5795994 0.5773212 0.6426451 0.5914072 0.6190818 0.7862724 0.6352091 0.5848277 0.5781447 0.6063130 0.5959442 0.6081221 0.6200201 0.6140810 0.6457451 0.5104092 0.6020281 0.6263212 0.6198749 0.6638817 0.2603252 0.7300269 0.5385978 0.6193477 0.6048071 0.6066301 0.5974933 0.6383919 0.6314239 0.5701262 0.5840616 0.5641251 0.5145389 0.5963569 0.7635336 0.6229330 0.6923746 0.4570513 0.5819587 0.4428419 0.6316967 0.7137044 0.5455728 0.8098931 0.5882502 0.6701225 0.6948181 0.6597298 0.5873360 0.6287609 0.6014075 0.6454050 0.3555293 0.6075755 0.6373454 0.4724896 0.3467006 0.5680607 
Atta_cephalotes_Genome               0.0193451 0.2785918 0.2707145 0.6258711 0.0000000 0.2542193 0.2574454 0.1219779 0.0975507 0.4422952 0.1356666 0.6383683 0.6944309 0.6094869 0.2768831 0.2551826 0.2703857 0.1603522 0.1154130 0.2704644 0.2677745 0.6156064 0.0742941 0.5714261 0.6347070 0.0832713 0.0640383 0.7582194 0.0708815 0.0604747 0.6248022 0.2763287 0.3167204 0.2656411 0.2280275 0.2641396 0.2556810 0.2723132 0.5750253 0.2709281 0.2790845 0.1713511 0.2531815 0.2514562 0.2978714 0.5370955 0.2541752 0.5436223 0.2665671 0.2514394 0.2485301 0.2786435 0.2801186 0.2669425 0.3774867 0.2921017 0.2861059 0.2751958 0.2458636 0.2918297 0.2485384 0.2496712 0.3369891 0.3148105 0.2638571 0.2733573 0.2968812 0.4015557 0.3056138 0.3785533 0.5231286 0.3155435 0.3557893 0.3114725 0.2844017 0.3926063 0.2845275 0.4293563 0.2706714 0.2677467 0.2593821 0.4456835 0.4699758 0.5357257 0.2900431 0.3605974 0.2540403 0.2632788 0.2543618 0.4686074 0.2663219 0.2611071 0.3256066 0.2773594 0.5821709 0.2441443 0.3307065 0.3092093 0.3441167 0.5673236 0.3225180 0.2503894 0.2876657 0.5005439 0.5853335 0.2460085 0.3063306 0.3181350 0.4946541 0.4301830 0.3078399 0.4273972 0.3266455 0.2539256 0.5040712 0.2836142 0.2822460 0.2453496 0.2999610 0.2634260 0.3152143 0.3118690 0.2546566 0.3168292 0.2924630 0.3036282 0.4410799 0.3438840 0.4563711 0.2498532 0.2597082 0.3624056 0.2509084 0.3008966 0.5533204 0.3179909 0.2599009 0.2655861 0.2763020 0.2729828 0.2888623 0.3157296 0.2884949 0.3286874 0.2215371 0.2842913 0.1604252 0.3088737 0.4205703 0.5702680 0.5549350 0.2487827 0.2868031 0.3047550 0.2750346 0.4490917 0.3169292 0.3033766 0.2935711 0.2476569 0.4376824 0.4531770 0.2775572 0.5874978 0.1161315 0.3794316 0.6075158 0.2509510 0.3031975 0.4435548 0.4960444 0.2429150 0.6214320 0.2598221 0.4429480 0.4740256 0.4800223 0.2635523 0.2865547 0.2624990 0.3272012 0.2082910 0.2737777 0.4592296 0.6078006 0.1696687 0.2594130 
Bombus_impatiens_Genome              0.2500117 0.1046206 0.2451299 0.5772016 0.2542193 0.0000000 0.0077549 0.2504774 0.2721184 0.4047845 0.2588948 0.5989961 0.6474351 0.5835205 0.1366389 0.0635369 0.0950088 0.2601565 0.2468948 0.1211684 0.0733976 0.5827012 0.2540725 0.5430920 0.5800089 0.2587017 0.2516997 0.7090864 0.2528866 0.2509595 0.5928562 0.1484077 0.2606378 0.2039467 0.1094903 0.1282064 0.1214144 0.2493348 0.5377097 0.1417323 0.1486458 0.1574398 0.1679848 0.0100108 0.2658790 0.5135537 0.1129764 0.5186654 0.1334888 0.1119283 0.0688950 0.1338898 0.2104429 0.1916165 0.3468116 0.2611570 0.2537200 0.1333851 0.1145611 0.2597954 0.1142286 0.0746658 0.3063619 0.2798359 0.1337323 0.1380899 0.1635330 0.3529444 0.2470260 0.3387757 0.4854938 0.2883460 0.3217403 0.1687735 0.1290884 0.3624236 0.1529445 0.3995780 0.1248853 0.1949390 0.1196714 0.4228337 0.4457066 0.5059638 0.1451026 0.3317183 0.1281062 0.0898604 0.1386894 0.4330788 0.1223697 0.1279099 0.2921243 0.2525278 0.5482498 0.1693811 0.2933850 0.2752060 0.3059356 0.5371523 0.2886179 0.2223754 0.2453019 0.4699809 0.5456733 0.1082038 0.2260987 0.2896980 0.4494525 0.3920239 0.2813459 0.4016276 0.2859327 0.1107829 0.4718535 0.2522189 0.1476481 0.1489949 0.2213589 0.0791326 0.2428774 0.2816040 0.1599936 0.2804324 0.2609591 0.2400042 0.4151713 0.3193956 0.4308181 0.2049737 0.1263632 0.3264500 0.1613628 0.2575139 0.5207887 0.2814706 0.1269653 0.1999920 0.2325528 0.2314103 0.2532507 0.2853479 0.2162163 0.2881527 0.1513885 0.1527345 0.2619570 0.2290273 0.3897391 0.5308444 0.5331810 0.1345994 0.1283698 0.2664547 0.1291052 0.4106907 0.2825292 0.2280060 0.2583454 0.1147090 0.3813335 0.4292353 0.1090171 0.5559085 0.2505097 0.3410332 0.5705607 0.1495356 0.2782279 0.4196190 0.4554078 0.0638229 0.5873079 0.1173236 0.4108766 0.4352156 0.4474715 0.1038982 0.2525581 0.1317347 0.2856991 0.1894302 0.2332300 0.4337753 0.5775333 0.1616991 0.1659380 
Bombus_terrestris_Genome             0.2554219 0.1054181 0.2468371 0.5906305 0.2574454 0.0077549 0.0000000 0.2570745 0.2747518 0.4123305 0.2635395 0.6135268 0.6627480 0.5857905 0.1386311 0.0655925 0.0957998 0.2692223 0.2474542 0.1238152 0.0759959 0.5885666 0.2568895 0.5492215 0.5864681 0.2617048 0.2550636 0.7274345 0.2558172 0.2567640 0.5988803 0.1478859 0.2650001 0.2084607 0.1093141 0.1294456 0.1228550 0.2510263 0.5446827 0.1436830 0.1522060 0.1565863 0.1745481 0.0109010 0.2688299 0.5221637 0.1154520 0.5256212 0.1354899 0.1148696 0.0702695 0.1370241 0.2109978 0.1929936 0.3555103 0.2611609 0.2585109 0.1350924 0.1151799 0.2630283 0.1167517 0.0765871 0.3104073 0.2850922 0.1350552 0.1412697 0.1677308 0.3606726 0.2580919 0.3411832 0.4948995 0.2914278 0.3224761 0.1711303 0.1297545 0.3755560 0.1537636 0.4072101 0.1263873 0.1930437 0.1213523 0.4285157 0.4592586 0.5198105 0.1484254 0.3440194 0.1320625 0.0918977 0.1402143 0.4438485 0.1247535 0.1317090 0.3007900 0.2528092 0.5534697 0.1684462 0.2965736 0.2839421 0.3122171 0.5502638 0.2934273 0.2238383 0.2491563 0.4878324 0.5563926 0.1091861 0.2293278 0.2910339 0.4550275 0.3973139 0.2837122 0.4045796 0.2922546 0.1139576 0.4849481 0.2585574 0.1525817 0.1550181 0.2247845 0.0798921 0.2451345 0.2875038 0.1639902 0.2875223 0.2677623 0.2462613 0.4142710 0.3250840 0.4356272 0.2129416 0.1267153 0.3280000 0.1611063 0.2626510 0.5312466 0.2831445 0.1264974 0.2021078 0.2411905 0.2350048 0.2605834 0.2894223 0.2227049 0.2885066 0.1530110 0.1551214 0.2603971 0.2362410 0.3950434 0.5433354 0.5400840 0.1376240 0.1317184 0.2684612 0.1315574 0.4242275 0.2857437 0.2315187 0.2640351 0.1163908 0.3951277 0.4295218 0.1124212 0.5645684 0.2536049 0.3525537 0.5879190 0.1525611 0.2891475 0.4291462 0.4637271 0.0656188 0.5955155 0.1203917 0.4188827 0.4410774 0.4558685 0.1048378 0.2546371 0.1330686 0.2925406 0.1892271 0.2356233 0.4393525 0.5915208 0.1583656 0.1695880 
Camponotus_floridanus_Genome         0.1188175 0.2754341 0.2649461 0.6363310 0.1219779 0.2504774 0.2570745 0.0000000 0.1377184 0.4397908 0.1336946 0.6513725 0.6845786 0.6204194 0.2736769 0.2510241 0.2663843 0.1568692 0.1131277 0.2686684 0.2663108 0.6108887 0.1179807 0.5803369 0.6344488 0.1213735 0.1150439 0.7694941 0.1153077 0.1127645 0.6171694 0.2772488 0.3247749 0.2613246 0.2242755 0.2617877 0.2585994 0.2736156 0.5790577 0.2683624 0.2805455 0.1714725 0.2535093 0.2512083 0.2978873 0.5488118 0.2532499 0.5549628 0.2600354 0.2495339 0.2493551 0.2756793 0.2792229 0.2651278 0.3739411 0.2930477 0.2817966 0.2810533 0.2513525 0.2941535 0.2545034 0.2507979 0.3325363 0.3109653 0.2621664 0.2712475 0.3005563 0.4010495 0.2997743 0.3869625 0.5278583 0.3114695 0.3559736 0.3190957 0.2862301 0.3928547 0.2843746 0.4298428 0.2677235 0.2632204 0.2583308 0.4409863 0.4777339 0.5455646 0.2860710 0.3520758 0.2573958 0.2666157 0.2509461 0.4643421 0.2639420 0.2641742 0.3306051 0.2766601 0.5760504 0.2453067 0.3265353 0.3111479 0.3386773 0.5721131 0.3224545 0.2478993 0.2876045 0.5018604 0.5808108 0.2424204 0.3038518 0.3223708 0.4870657 0.4298964 0.3063901 0.4183924 0.3277989 0.2545113 0.5068747 0.2862102 0.2776911 0.2389269 0.2920354 0.2702547 0.3138801 0.3132483 0.2540705 0.3243262 0.2883143 0.2956878 0.4408907 0.3556421 0.4468847 0.2429901 0.2552492 0.3638520 0.2552576 0.2931334 0.5581076 0.3173043 0.2560906 0.2632436 0.2751166 0.2723211 0.2925211 0.3248933 0.2922575 0.3218339 0.2210400 0.2850837 0.1608723 0.3021682 0.4281793 0.5642110 0.5535972 0.2412330 0.2794978 0.3096259 0.2740709 0.4488311 0.3141859 0.3016341 0.2966873 0.2454984 0.4139601 0.4593033 0.2752103 0.5864265 0.0514791 0.3788561 0.6081507 0.2453409 0.2996041 0.4289362 0.4925396 0.2433811 0.6273077 0.2561770 0.4400857 0.4698119 0.4770612 0.2636128 0.2866821 0.2703952 0.3192632 0.2043156 0.2688806 0.4647267 0.6197427 0.1695589 0.2547237 
Cardiocondyla_obscurior_Genome       0.0958002 0.2885954 0.2785289 0.6513506 0.0975507 0.2721184 0.2747518 0.1377184 0.0000000 0.4548220 0.1474733 0.6764186 0.7146555 0.6359863 0.2916405 0.2706412 0.2751103 0.1736033 0.1302711 0.2793486 0.2819886 0.6439764 0.0990688 0.5848997 0.6395236 0.1064051 0.0934345 0.7879193 0.0864248 0.0874360 0.6284326 0.2890047 0.3326601 0.2796367 0.2389393 0.2700787 0.2653340 0.2827657 0.5877145 0.2852579 0.2898855 0.1797107 0.2667154 0.2670537 0.3070465 0.5655625 0.2652826 0.5707868 0.2792559 0.2635373 0.2592901 0.2922963 0.2860659 0.2781930 0.3897936 0.3030831 0.2961207 0.2936969 0.2584755 0.3048476 0.2689253 0.2632375 0.3486371 0.3275229 0.2800906 0.2854757 0.3247953 0.4054596 0.3142118 0.3981544 0.5304017 0.3302108 0.3759464 0.3239951 0.2982906 0.4139236 0.2997466 0.4488378 0.2835281 0.2811293 0.2698887 0.4693253 0.4951820 0.5573451 0.3016149 0.3695802 0.2721858 0.2782531 0.2701736 0.4803854 0.2817543 0.2680956 0.3480777 0.2961141 0.5982718 0.2539029 0.3478841 0.3281325 0.3641811 0.5847244 0.3373742 0.2671097 0.2951979 0.5143017 0.5998316 0.2606160 0.3150542 0.3326368 0.5067761 0.4438434 0.3247058 0.4381865 0.3473340 0.2708458 0.5329585 0.2972148 0.2892869 0.2593574 0.3048767 0.2858377 0.3291098 0.3285542 0.2676812 0.3395285 0.3061382 0.3161332 0.4513814 0.3658231 0.4700788 0.2604307 0.2709183 0.3677140 0.2670320 0.3071029 0.5736146 0.3265215 0.2751791 0.2774774 0.2860084 0.2800862 0.3138160 0.3440354 0.2988378 0.3403216 0.2356174 0.2970277 0.1767315 0.3195164 0.4411435 0.5708231 0.5817118 0.2621349 0.2986578 0.3163405 0.2868281 0.4697241 0.3278279 0.3153402 0.3123152 0.2616018 0.4343252 0.4758625 0.2882192 0.6023818 0.1315245 0.3938445 0.6209437 0.2585018 0.3040194 0.4555239 0.5039853 0.2541604 0.6417030 0.2689921 0.4525295 0.4774757 0.4919339 0.2801924 0.3064027 0.2810786 0.3386524 0.2186859 0.2884623 0.4802349 0.6381669 0.1761712 0.2703922 
Cephus_cinctus_Genome                0.4476436 0.4213911 0.4011253 0.5908477 0.4422952 0.4047845 0.4123305 0.4397908 0.4548220 0.0000000 0.4425290 0.6893119 0.7374055 0.6527181 0.4254844 0.4050404 0.4109993 0.4468972 0.4384432 0.4225077 0.4149078 0.6512197 0.4392319 0.5982310 0.5926036 0.4499310 0.4394163 0.8207578 0.4417091 0.4370490 0.6054849 0.4194239 0.4424668 0.4230424 0.3476908 0.4133915 0.4025841 0.3998040 0.5578489 0.4118213 0.4175217 0.2444093 0.3887071 0.3961659 0.4439856 0.5697779 0.4098518 0.5769207 0.4184789 0.4014439 0.3868309 0.4215574 0.4242557 0.4088389 0.4918542 0.4330929 0.4293364 0.4267970 0.3914301 0.4319920 0.3942546 0.3978283 0.4768310 0.4452836 0.4216501 0.4227620 0.4521041 0.4884774 0.4284602 0.4950139 0.5270788 0.4595185 0.4710813 0.4641392 0.4327552 0.4947074 0.4233172 0.0859348 0.4226141 0.4209596 0.4085588 0.4625260 0.4900663 0.5688325 0.4364465 0.4864314 0.4002923 0.4079460 0.3963663 0.5131877 0.4187963 0.4067785 0.4431914 0.4046091 0.6041943 0.3779606 0.4422532 0.4185849 0.4634080 0.5937991 0.4696948 0.3633115 0.4220168 0.5269237 0.5509826 0.4018699 0.4435517 0.4649565 0.4649186 0.4909243 0.4355548 0.4502275 0.4608567 0.4108936 0.5426632 0.4276072 0.4306172 0.3975052 0.4369806 0.4075255 0.4596407 0.4337516 0.4023827 0.4362824 0.4304095 0.4196719 0.4890058 0.4818769 0.4727469 0.4090514 0.4135490 0.4868876 0.4042421 0.4332614 0.5902642 0.4377892 0.4041282 0.4066868 0.4274113 0.4148666 0.4247206 0.4533733 0.4308934 0.4562757 0.3513220 0.4205730 0.4356484 0.4428233 0.4740727 0.5324416 0.6000392 0.3764935 0.4332119 0.4211736 0.4301490 0.4271239 0.4605921 0.4429309 0.4141650 0.4118667 0.3894613 0.4306618 0.4273258 0.6232846 0.4391008 0.4911632 0.5995271 0.4014813 0.3100328 0.4677742 0.5395693 0.3713182 0.6616586 0.4095781 0.4956845 0.5154191 0.4753426 0.4096658 0.4305797 0.4091304 0.4522837 0.2578573 0.4130246 0.4764238 0.5940538 0.2297711 0.3939843 
Cerapachys_biroi_Genome              0.1338234 0.2794303 0.2702882 0.6337151 0.1356666 0.2588948 0.2635395 0.1336946 0.1474733 0.4425290 0.0000000 0.6564659 0.6963528 0.6290094 0.2751758 0.2550633 0.2671958 0.1587922 0.1241610 0.2708685 0.2702503 0.6241158 0.1326547 0.5805104 0.6357229 0.1353210 0.1283514 0.7653958 0.1278286 0.1257012 0.6352105 0.2777709 0.3181969 0.2665639 0.2230643 0.2629622 0.2559482 0.2804891 0.5827415 0.2719383 0.2773165 0.1717982 0.2496739 0.2538099 0.2983972 0.5541303 0.2526096 0.5624485 0.2662315 0.2506592 0.2564202 0.2818226 0.2785725 0.2688102 0.3789436 0.2950425 0.2898655 0.2872643 0.2478123 0.2951240 0.2506295 0.2522473 0.3408103 0.3148176 0.2694727 0.2757734 0.3053771 0.4046021 0.3010909 0.3907277 0.5306463 0.3188221 0.3674617 0.3165902 0.2889537 0.3938065 0.2787373 0.4393218 0.2764361 0.2684484 0.2573789 0.4598085 0.4900277 0.5506595 0.2931039 0.3626969 0.2605949 0.2676569 0.2564301 0.4745505 0.2685318 0.2605690 0.3325902 0.2877021 0.5952878 0.2468938 0.3412002 0.3295167 0.3639528 0.5778715 0.3265489 0.2587649 0.2894765 0.5130702 0.5740030 0.2467844 0.3058832 0.3218546 0.4954184 0.4379066 0.3193881 0.4354539 0.3369348 0.2637663 0.5235348 0.2906863 0.2797872 0.2494648 0.2951134 0.2709801 0.3120745 0.3186805 0.2543257 0.3305560 0.2971008 0.3061637 0.4412162 0.3572932 0.4581437 0.2492730 0.2639766 0.3667135 0.2561639 0.3071487 0.5634347 0.3154460 0.2629774 0.2672704 0.2774494 0.2742269 0.3008042 0.3281243 0.2910438 0.3216334 0.2272867 0.2836453 0.1631323 0.3080992 0.4310859 0.5704157 0.5679116 0.2461388 0.2881164 0.3130848 0.2776540 0.4500277 0.3208776 0.3071835 0.3063829 0.2512713 0.4188080 0.4586290 0.2770053 0.5934655 0.1280203 0.3827368 0.6084852 0.2466948 0.2989122 0.4549933 0.5012395 0.2417912 0.6483534 0.2566226 0.4434623 0.4614331 0.4863045 0.2671044 0.2927149 0.2696812 0.3234956 0.2209089 0.2769232 0.4868580 0.6305541 0.1713737 0.2558442 
Ceratosolen_solmsi_Genome            0.6469845 0.6151965 0.5686793 0.8456821 0.6383683 0.5989961 0.6135268 0.6513725 0.6764186 0.6893119 0.6564659 0.0000000 0.6398997 0.7941944 0.6298818 0.6137383 0.6171529 0.6618253 0.6623567 0.6234135 0.6215492 0.8005698 0.6546772 0.4394241 0.8248911 0.6419200 0.6556854 0.7429413 0.6546886 0.6567488 0.8105988 0.5908049 0.6168377 0.6138555 0.5082843 0.6135421 0.5900809 0.5601757 0.7515690 0.5886863 0.6210724 0.3512146 0.5554198 0.5941880 0.6473693 0.3670430 0.6154882 0.7444791 0.6239663 0.6057724 0.5782506 0.6198549 0.6007169 0.6085450 0.6949304 0.6464598 0.6546987 0.6268263 0.5765910 0.6212883 0.5775881 0.5900067 0.6627534 0.6149920 0.6293952 0.6215214 0.6491921 0.6679437 0.5907618 0.6781584 0.6873499 0.6305649 0.6502028 0.6512093 0.6398814 0.6884779 0.6137807 0.6669352 0.6181366 0.6075115 0.6151267 0.6176885 0.6695652 0.3659099 0.6306744 0.6564773 0.5911724 0.5957519 0.5633083 0.6820099 0.6170597 0.5935600 0.6077785 0.5551317 0.7250422 0.5546741 0.6090328 0.5640021 0.6126475 0.4199779 0.6443687 0.5313820 0.6314337 0.3903617 0.7738334 0.5983250 0.6327618 0.6571384 0.7131646 0.6909727 0.6088283 0.6072695 0.6476020 0.6155919 0.6751592 0.6067341 0.6228216 0.6005711 0.6533691 0.5846099 0.6744279 0.6084620 0.6133969 0.5939777 0.6323430 0.5730474 0.6908655 0.6496783 0.6422719 0.6130836 0.5966616 0.6689319 0.6186610 0.6119552 0.7127657 0.6482056 0.5954607 0.5679399 0.6249375 0.6262238 0.6307624 0.6432442 0.6334481 0.6396038 0.5239601 0.6256366 0.6331027 0.6216053 0.6866082 0.7499036 0.4296441 0.5184559 0.6391875 0.6103766 0.6328694 0.6915411 0.6544554 0.6334282 0.5770811 0.6085739 0.6605888 0.7019725 0.6198199 0.7949805 0.6467282 0.6860183 0.8355059 0.5979536 0.4074092 0.6077351 0.5848612 0.5348945 0.5803811 0.6171256 0.6812072 0.7160931 0.7091542 0.6057427 0.6329375 0.6144895 0.6605084 0.3524809 0.6159471 0.6099571 0.8247793 0.3370334 0.5977886 
Copidosoma_floridanum_Genome         0.6937325 0.6536058 0.6104755 0.9143593 0.6944309 0.6474351 0.6627480 0.6845786 0.7146555 0.7374055 0.6963528 0.6398997 0.0000000 0.8542465 0.6864218 0.6554589 0.6585693 0.6984849 0.6812817 0.6624211 0.6510245 0.8672211 0.6892668 0.5607238 0.9007844 0.6781329 0.6925214 0.7792434 0.6959051 0.6894553 0.8878139 0.6376978 0.6585525 0.6764472 0.5544660 0.6534922 0.6400891 0.6336788 0.8395341 0.6496318 0.6592727 0.3979415 0.6166157 0.6375823 0.7062094 0.5264512 0.6663801 0.7948546 0.6682943 0.6617339 0.6211494 0.6586400 0.6371864 0.6595028 0.7472150 0.6951110 0.6886283 0.6711667 0.6275554 0.6976469 0.6287251 0.6320617 0.7275115 0.6689808 0.6668860 0.6785051 0.6890426 0.7166125 0.6544414 0.7247224 0.7584627 0.7028209 0.7222106 0.7097967 0.6725766 0.7245648 0.6479541 0.7242733 0.6725359 0.6591982 0.6552514 0.7046621 0.7559190 0.5215701 0.6847071 0.7063845 0.6473379 0.6496810 0.6370187 0.7445740 0.6506698 0.6303822 0.6644312 0.6278268 0.8008831 0.6156514 0.6765953 0.6342174 0.6967676 0.5331110 0.7021309 0.5936263 0.7006478 0.4953602 0.8197367 0.6502961 0.7118035 0.7106450 0.7904610 0.7532234 0.6569742 0.6949818 0.6916846 0.6442571 0.7519336 0.6779044 0.6731332 0.6547987 0.6852070 0.6404365 0.7183874 0.6775542 0.6609930 0.6542039 0.6816564 0.6403222 0.7520696 0.7028737 0.7220414 0.6647571 0.6478356 0.7332200 0.6711352 0.6697360 0.7742573 0.6904006 0.6425478 0.6177670 0.6796258 0.6637640 0.6945132 0.7002648 0.6780656 0.7146871 0.5760658 0.6690350 0.6887960 0.6725864 0.7582948 0.8328222 0.5421730 0.5763658 0.6809718 0.6704236 0.6708802 0.7371099 0.7081155 0.6937750 0.6258670 0.6478834 0.7454464 0.7557273 0.6586695 0.8413937 0.6865583 0.7479753 0.8604367 0.6507655 0.4529854 0.7078881 0.6895375 0.5869142 0.6262464 0.6599918 0.7522330 0.7761296 0.7601614 0.6454718 0.6806126 0.6592046 0.6998557 0.4129991 0.6737983 0.6950560 0.8814828 0.3782292 0.6486443 
Cotesia_vestalis_Genome              0.6247756 0.5955753 0.5377920 0.7959115 0.6094869 0.5835205 0.5857905 0.6204194 0.6359863 0.6527181 0.6290094 0.7941944 0.8542465 0.0000000 0.6068911 0.5903447 0.6014346 0.6433253 0.6247726 0.5987620 0.5859647 0.1706755 0.6193241 0.7480426 0.8099233 0.6288871 0.6257974 0.9477965 0.6301570 0.6312233 0.7969803 0.5549537 0.6173488 0.5984559 0.4922426 0.5962569 0.5744175 0.5599130 0.7252304 0.5683315 0.6025553 0.3470970 0.5403395 0.5666857 0.6197526 0.6880345 0.5840923 0.6312533 0.5921172 0.5936443 0.5591507 0.6113321 0.5834466 0.6046306 0.6634911 0.6167312 0.6420732 0.5892576 0.5553238 0.6194836 0.5660151 0.5736791 0.6380456 0.6060256 0.6005884 0.6116620 0.6127142 0.6478990 0.5793028 0.6615679 0.5043317 0.6258091 0.5964927 0.6220701 0.6074973 0.6429507 0.5961521 0.6269991 0.6004366 0.5991169 0.5936773 0.6170039 0.5772304 0.6764007 0.6039125 0.6513863 0.5805679 0.5795318 0.5559195 0.6314134 0.5926547 0.5804770 0.5467637 0.5392885 0.1164022 0.5357697 0.5854284 0.5454032 0.5990306 0.7155510 0.6286316 0.5087381 0.6050381 0.6504716 0.7362093 0.5667258 0.6389912 0.6468696 0.6713721 0.6708595 0.5998233 0.5931848 0.6400422 0.5864609 0.6641893 0.5959096 0.6084987 0.5828956 0.6261279 0.5604270 0.6485514 0.5964409 0.6111110 0.5596190 0.6010304 0.5765161 0.6584810 0.6492675 0.6075007 0.5894556 0.5673551 0.6276157 0.6038765 0.6071989 0.7406474 0.6463297 0.5762554 0.5778968 0.6202716 0.6058633 0.6030762 0.6215364 0.6189701 0.6216628 0.5335088 0.5897055 0.6369061 0.6437759 0.6446860 0.7561985 0.7108782 0.5142963 0.6268954 0.5996163 0.6016459 0.6792696 0.6249095 0.6301296 0.5389209 0.5845113 0.6592290 0.6461165 0.5958960 0.6169987 0.6278104 0.6687432 0.8383914 0.5874636 0.4101401 0.6138713 0.6731786 0.5171462 0.7561315 0.5996546 0.6564935 0.6953342 0.7101086 0.5803820 0.6032287 0.5929169 0.6436272 0.3452737 0.5983774 0.6092995 0.7806010 0.3378145 0.5827320 
Dufourea_novaeangliae_Genome         0.2749321 0.1637688 0.2596029 0.6063198 0.2768831 0.1366389 0.1386311 0.2736769 0.2916405 0.4254844 0.2751758 0.6298818 0.6864218 0.6068911 0.0000000 0.1319700 0.1390188 0.2732230 0.2662653 0.1500370 0.1504578 0.6051875 0.2721716 0.5623931 0.6022290 0.2761365 0.2697287 0.7557507 0.2700873 0.2711871 0.6014165 0.1222866 0.2692441 0.2212055 0.1119595 0.1321656 0.1253107 0.2597514 0.5524353 0.1150745 0.1198602 0.1665438 0.1866686 0.1338784 0.2845372 0.5435210 0.1141084 0.5418970 0.1514680 0.1138385 0.1273647 0.1730986 0.2204485 0.2069483 0.3683340 0.2793911 0.2708725 0.1621872 0.1134307 0.2817862 0.1120186 0.1268783 0.3244579 0.3001704 0.1533113 0.1119445 0.1911251 0.3751578 0.2604113 0.3617911 0.5101939 0.3057463 0.3415300 0.2031848 0.1732079 0.3796576 0.1264368 0.4263722 0.1512526 0.2104197 0.1182868 0.4472066 0.4679887 0.5338817 0.1741802 0.3462036 0.1444211 0.1412208 0.1509163 0.4514776 0.1503772 0.1380152 0.3100391 0.2679212 0.5703994 0.1794472 0.3098190 0.2952872 0.3300733 0.5783656 0.3061004 0.2393310 0.2660090 0.4976783 0.5680635 0.1059132 0.2410167 0.3089845 0.4618891 0.4041512 0.3000663 0.4217195 0.3085888 0.1415905 0.5019055 0.2733282 0.1519064 0.1682276 0.2365432 0.1545694 0.2513007 0.2998483 0.1776596 0.3031232 0.2777326 0.2459357 0.4272221 0.3375474 0.4514112 0.2265931 0.1344968 0.3475503 0.1819462 0.2825416 0.5493957 0.2988408 0.1256612 0.2109090 0.2499406 0.2456597 0.2740000 0.3087972 0.2311202 0.3032722 0.1680251 0.1272797 0.2823111 0.2490105 0.4126057 0.5627287 0.5669590 0.1118040 0.1684693 0.2809975 0.1584384 0.4440572 0.3016985 0.2475004 0.2769835 0.1131550 0.4067522 0.4553451 0.1578503 0.5814860 0.2695825 0.3634229 0.5935341 0.1690810 0.2903456 0.4406740 0.4887348 0.1263173 0.6182675 0.1169146 0.4294438 0.4538664 0.4718244 0.1483195 0.2691385 0.0480751 0.3016044 0.2002630 0.2544275 0.4554528 0.5916637 0.1599082 0.1847338 
Eufriesea_mexicana_Genome            0.2508418 0.1008037 0.2443437 0.5883866 0.2551826 0.0635369 0.0655925 0.2510241 0.2706412 0.4050404 0.2550633 0.6137383 0.6554589 0.5903447 0.1319700 0.0000000 0.0899605 0.2554625 0.2435478 0.1193950 0.0867499 0.5944613 0.2521399 0.5452934 0.5866876 0.2517913 0.2503865 0.7077514 0.2529793 0.2479803 0.5927160 0.1437483 0.2616808 0.2021623 0.1051514 0.1226966 0.1167520 0.2420538 0.5400382 0.1383838 0.1429290 0.1519156 0.1740161 0.0647032 0.2608838 0.5204353 0.1083981 0.5303630 0.1303803 0.1110410 0.0619009 0.1268597 0.2036470 0.1868436 0.3470490 0.2578581 0.2515311 0.1311136 0.1077847 0.2509424 0.1097698 0.0692580 0.2973825 0.2715997 0.1296114 0.1369984 0.1608610 0.3510763 0.2470769 0.3331686 0.4938775 0.2777249 0.3077296 0.1649879 0.1249516 0.3617448 0.1462504 0.4062176 0.1215300 0.1871328 0.1146794 0.4231551 0.4401231 0.5095462 0.1443027 0.3202409 0.1238038 0.0868884 0.1338641 0.4287248 0.1197274 0.1204382 0.2926533 0.2465241 0.5593531 0.1647274 0.2908668 0.2739794 0.3060242 0.5477196 0.2841508 0.2182209 0.2491502 0.4795405 0.5429761 0.1028666 0.2245448 0.2871609 0.4445371 0.3918096 0.2756685 0.3965734 0.2889291 0.1110960 0.4751799 0.2472514 0.1453382 0.1473155 0.2189040 0.0898079 0.2376292 0.2754861 0.1548130 0.2825608 0.2537407 0.2380765 0.4025906 0.3241247 0.4244001 0.2073698 0.1191480 0.3272128 0.1559257 0.2588499 0.5099961 0.2744816 0.1230211 0.1995789 0.2282776 0.2251276 0.2550844 0.2860300 0.2110889 0.2820732 0.1478883 0.1478884 0.2564808 0.2287611 0.3871554 0.5461533 0.5479940 0.1309999 0.1222270 0.2590695 0.1268589 0.4077791 0.2789350 0.2218666 0.2567295 0.1088885 0.3867798 0.4302432 0.1045918 0.5576075 0.2459416 0.3411155 0.5891748 0.1451682 0.2746149 0.4135966 0.4564233 0.0162661 0.5999368 0.1147510 0.4021907 0.4268870 0.4475578 0.1013014 0.2465614 0.1269464 0.2876855 0.1837453 0.2353607 0.4301997 0.5844428 0.1526687 0.1600451 
Habropoda_laboriosa_Genome           0.2610771 0.1245415 0.2508351 0.5940088 0.2703857 0.0950088 0.0957998 0.2663843 0.2751103 0.4109993 0.2671958 0.6171529 0.6585693 0.6014346 0.1390188 0.0899605 0.0000000 0.2659859 0.2564800 0.1240612 0.1106453 0.6102281 0.2624992 0.5564892 0.5957628 0.2649905 0.2592103 0.7222911 0.2598175 0.2592892 0.6011236 0.1494477 0.2643789 0.2101369 0.1108378 0.1306192 0.1234162 0.2536986 0.5616030 0.1424292 0.1467899 0.1672319 0.1759493 0.0931861 0.2710425 0.5281094 0.1156906 0.5339797 0.1375956 0.1160190 0.0866578 0.1439376 0.2093026 0.1923196 0.3553391 0.2683150 0.2619839 0.1356069 0.1191954 0.2648276 0.1164500 0.0855630 0.3143523 0.2877312 0.1383954 0.1415622 0.1670711 0.3618664 0.2556412 0.3464864 0.4968507 0.2909749 0.3209021 0.1696758 0.1372811 0.3766103 0.1517784 0.4056117 0.1278721 0.1976289 0.1218605 0.4357088 0.4597839 0.5271530 0.1534663 0.3323598 0.1323943 0.1000398 0.1409001 0.4429056 0.1262349 0.1314637 0.2953160 0.2550665 0.5701143 0.1754091 0.2985077 0.2831538 0.3130416 0.5491006 0.2951800 0.2267108 0.2570101 0.4865357 0.5567697 0.1100410 0.2324932 0.2993927 0.4562331 0.3991383 0.2875970 0.4114737 0.2973465 0.1162043 0.4912593 0.2644797 0.1517675 0.1531680 0.2247281 0.1108717 0.2431148 0.2897675 0.1656822 0.2891749 0.2694290 0.2399296 0.4108392 0.3330435 0.4468639 0.2155316 0.1290721 0.3378580 0.1704823 0.2699348 0.5202333 0.2857392 0.1294628 0.2044978 0.2416345 0.2325219 0.2627303 0.2935440 0.2217522 0.2964266 0.1582998 0.1560165 0.2667780 0.2343303 0.4018025 0.5394080 0.5473971 0.1351026 0.1338132 0.2688431 0.1317921 0.4268164 0.2944097 0.2376335 0.2663971 0.1160839 0.3952862 0.4371967 0.1163667 0.5751604 0.2584435 0.3535304 0.5868649 0.1550268 0.2864680 0.4274242 0.4764865 0.0880831 0.6014672 0.1209327 0.4220110 0.4449288 0.4552635 0.0639888 0.2621575 0.1330858 0.2995159 0.1939004 0.2458767 0.4491096 0.5934453 0.1687792 0.1713875 
Harpegnathos_saltator_Genome         0.1576582 0.2789345 0.2716363 0.6427768 0.1603522 0.2601565 0.2692223 0.1568692 0.1736033 0.4468972 0.1587922 0.6618253 0.6984849 0.6433253 0.2732230 0.2554625 0.2659859 0.0000000 0.1454973 0.2728884 0.2698784 0.6381778 0.1546339 0.5747360 0.6340036 0.1616837 0.1521402 0.7851324 0.1479943 0.1504278 0.6382486 0.2725874 0.3223405 0.2643548 0.2220929 0.2626250 0.2525129 0.2710290 0.5992408 0.2725053 0.2782204 0.1702980 0.2572459 0.2599608 0.3005701 0.5566251 0.2565271 0.5673685 0.2709437 0.2539139 0.2523615 0.2834524 0.2781342 0.2693491 0.3849657 0.2946913 0.2897745 0.2839051 0.2471279 0.2953408 0.2506614 0.2554997 0.3404119 0.3193513 0.2692426 0.2805893 0.3050635 0.4000472 0.3058479 0.3894922 0.5333148 0.3227520 0.3590200 0.3073432 0.2914132 0.4057747 0.2796343 0.4440441 0.2745195 0.2745377 0.2614437 0.4635751 0.4844672 0.5455095 0.2983249 0.3568892 0.2597030 0.2662196 0.2567204 0.4727349 0.2688152 0.2623851 0.3385380 0.2845858 0.5919846 0.2450916 0.3372129 0.3193710 0.3575254 0.5806126 0.3275939 0.2504378 0.2950357 0.5121372 0.5927518 0.2487066 0.3056455 0.3279846 0.5088085 0.4445462 0.3175982 0.4311285 0.3438168 0.2664323 0.5228912 0.2916213 0.2817910 0.2547368 0.2956239 0.2773507 0.3154018 0.3204312 0.2573617 0.3331812 0.2967020 0.2993457 0.4514017 0.3512068 0.4747820 0.2604124 0.2611236 0.3697516 0.2573913 0.3063049 0.5612983 0.3153709 0.2650655 0.2719215 0.2793823 0.2708880 0.3027174 0.3337341 0.2937251 0.3272465 0.2209550 0.2868147 0.1477343 0.3028963 0.4384405 0.5807131 0.5723735 0.2490796 0.2913441 0.3057742 0.2784763 0.4617227 0.3235744 0.3051804 0.3029034 0.2519957 0.4306661 0.4814439 0.2824762 0.6174987 0.1506368 0.3840690 0.6196128 0.2514712 0.2964926 0.4527044 0.4953144 0.2435730 0.6482861 0.2608683 0.4452342 0.4627266 0.4892628 0.2654941 0.2984750 0.2696689 0.3244716 0.2153330 0.2800800 0.4800299 0.6241696 0.1662736 0.2625840 
Linepithema_humile_Genome            0.1121732 0.2670075 0.2688055 0.6312270 0.1154130 0.2468948 0.2474542 0.1131277 0.1302711 0.4384432 0.1241610 0.6623567 0.6812817 0.6247726 0.2662653 0.2435478 0.2564800 0.1454973 0.0000000 0.2569581 0.2598823 0.6159607 0.1132846 0.5750042 0.6252012 0.1154885 0.1077249 0.7639898 0.1094001 0.1074211 0.6083399 0.2627698 0.3110003 0.2567198 0.2170407 0.2536233 0.2463718 0.2683982 0.5692728 0.2593840 0.2625038 0.1672900 0.2411842 0.2455345 0.2903754 0.5494090 0.2409044 0.5517567 0.2548067 0.2377570 0.2417676 0.2735152 0.2696076 0.2600131 0.3703793 0.2799205 0.2751304 0.2726410 0.2331849 0.2862520 0.2422054 0.2403602 0.3311562 0.3064497 0.2546501 0.2612377 0.2906935 0.3928385 0.2955767 0.3809267 0.5157064 0.3106954 0.3533278 0.3012479 0.2758588 0.3945926 0.2713154 0.4304879 0.2620491 0.2569725 0.2400041 0.4428306 0.4715166 0.5493199 0.2780448 0.3555899 0.2457351 0.2530220 0.2426114 0.4496098 0.2557779 0.2475102 0.3224864 0.2768660 0.5673243 0.2322884 0.3301578 0.3142803 0.3474163 0.5761552 0.3109156 0.2409265 0.2811240 0.5029744 0.5759121 0.2324007 0.2888690 0.3132854 0.4832674 0.4286119 0.3094355 0.4179606 0.3247812 0.2480205 0.5092859 0.2786926 0.2672934 0.2306568 0.2869179 0.2612896 0.3065097 0.3093603 0.2393878 0.3233233 0.2829364 0.2941371 0.4404960 0.3465555 0.4531756 0.2359125 0.2465374 0.3557766 0.2448161 0.2903997 0.5523957 0.3041295 0.2480894 0.2562589 0.2647446 0.2585022 0.2901295 0.3192931 0.2805252 0.3117311 0.2097528 0.2713042 0.1514961 0.2934506 0.4171237 0.5549858 0.5598169 0.2343820 0.2727946 0.3038436 0.2651244 0.4413902 0.3072856 0.3007034 0.2975532 0.2363139 0.4101334 0.4569036 0.2672495 0.5879336 0.1067006 0.3736755 0.6031057 0.2332415 0.2995153 0.4362874 0.4901246 0.2308245 0.6258864 0.2425611 0.4346496 0.4624230 0.4751347 0.2542306 0.2765046 0.2552860 0.3121712 0.2063954 0.2620568 0.4746051 0.6089342 0.1673113 0.2434365 
Megachile_rotundata_Genome           0.2640203 0.1441127 0.2471865 0.5942903 0.2704644 0.1211684 0.1238152 0.2686684 0.2793486 0.4225077 0.2708685 0.6234135 0.6624211 0.5987620 0.1500370 0.1193950 0.1240612 0.2728884 0.2569581 0.0000000 0.1363255 0.5996311 0.2641395 0.5542897 0.5980164 0.2652382 0.2605931 0.7399407 0.2650341 0.2611311 0.6088581 0.1613369 0.2690559 0.2167645 0.1195420 0.1381801 0.1343534 0.2520348 0.5473780 0.1535012 0.1600919 0.1599352 0.1849253 0.1166722 0.2738667 0.5273165 0.1263370 0.5363898 0.1464995 0.1259120 0.1132230 0.1606718 0.2174277 0.2047436 0.3645693 0.2706007 0.2667611 0.0362413 0.1284388 0.2709161 0.1265691 0.1122520 0.3173831 0.2963901 0.1463301 0.1511028 0.1325505 0.3698608 0.2565946 0.3587051 0.4953404 0.3012588 0.3308729 0.1927805 0.1595432 0.3809196 0.1672219 0.4174268 0.0737041 0.2031045 0.1307166 0.4345352 0.4633950 0.5173968 0.1264972 0.3387262 0.1420862 0.1294460 0.1449728 0.4469764 0.0218272 0.1390276 0.3018478 0.2618265 0.5521795 0.1775274 0.3032946 0.2889036 0.3133637 0.5424133 0.2993594 0.2270537 0.2637785 0.4818532 0.5400369 0.1163048 0.2352384 0.3027966 0.4622129 0.4014965 0.2903495 0.4179027 0.2972078 0.0866779 0.4879912 0.2685627 0.1566206 0.1613729 0.2283479 0.1371646 0.2535862 0.2934460 0.1754933 0.2918021 0.2733398 0.2503570 0.4153344 0.3389022 0.4425899 0.2180458 0.1374599 0.3359384 0.1755305 0.2716989 0.5343877 0.2938129 0.1399985 0.2099980 0.2476526 0.2406865 0.2713842 0.2979948 0.2260557 0.3020699 0.1645937 0.1640888 0.2687520 0.2406413 0.4051427 0.5495477 0.5442350 0.1466103 0.1550579 0.2768640 0.0806595 0.4266128 0.2914129 0.2387800 0.2722123 0.1258156 0.4041481 0.4363541 0.1413929 0.5675997 0.2619589 0.3560208 0.5863980 0.1603086 0.2794994 0.4181363 0.4637472 0.1145448 0.6116138 0.1300519 0.4257236 0.4480304 0.4583487 0.1318694 0.2627813 0.1460864 0.2981145 0.1911462 0.2457592 0.4490047 0.5878574 0.1615040 0.1728534 
