55
eleutheronema_tetradactylum  0.00000000 0.05474346 0.28368562 0.05133361 0.08322071 0.09694214 0.08390697 0.07115405 0.03650645 0.05972903 0.30036182 0.04301720 0.14262710 0.11884236 0.64088187 0.09532469 0.06265976 0.09998051 0.06313229 0.10491870 0.10123133 0.14072109 0.06191663 0.07333405 0.25717787 0.05520291 0.18081369 0.16682647 0.12717594 0.19081248 0.09369650 0.06538569 0.10148932 0.24505984 0.19061457 0.13489783 0.06671394 0.00805660 0.12864058 0.03882687 0.06887079 0.07641954 0.07097509 0.07696382 0.09153922 0.10567785 0.05132541 0.08203678 0.05298096 0.08532596 0.12103614 0.10281326 0.07412117 0.06602446 0.51435130 
sphyranea_sphyranea          0.05474346 0.00000000 0.23848981 0.04294460 0.05626290 0.06686632 0.07579248 0.04635841 0.02978468 0.04633890 0.28417757 0.03572224 0.13904489 0.08397208 0.57945625 0.06660680 0.03994030 0.07342619 0.04048308 0.07274562 0.07028080 0.11557829 0.04829079 0.02743019 0.24356580 0.04457834 0.14242744 0.14872548 0.08934965 0.16880221 0.07391857 0.04697760 0.09066461 0.20411201 0.14508752 0.10287626 0.04175436 0.04584249 0.10262935 0.03068914 0.04584683 0.05018741 0.04720127 0.05730550 0.07917232 0.07538072 0.03723425 0.05924458 0.03866228 0.05666192 0.10666213 0.07093436 0.05016153 0.05725952 0.51492586 
lampris_guttatus             0.28368562 0.23848981 0.00000000 0.24177834 0.27996390 0.29031211 0.25783970 0.25241083 0.20202472 0.26554767 0.34469750 0.21166238 0.31539103 0.28318091 0.69134694 0.26559668 0.26300434 0.28619929 0.24876158 0.27994156 0.29779640 0.34067207 0.26679865 0.26316455 0.46806716 0.25797893 0.37770906 0.35862275 0.32136743 0.33544718 0.29500633 0.26709786 0.17144321 0.44256975 0.35043841 0.32515300 0.26509144 0.25013988 0.32027901 0.19459666 0.25811661 0.28080249 0.27175536 0.29170262 0.26524508 0.30437616 0.25097146 0.28767284 0.25465194 0.28221686 0.33549136 0.30093490 0.26854381 0.23362082 0.66965228 
chloroscombrus_orqueta       0.05133361 0.04294460 0.24177834 0.00000000 0.05219709 0.06146814 0.08494904 0.01411308 0.01939738 0.01130094 0.29655269 0.02640915 0.13828463 0.08271349 0.57132838 0.06647480 0.03705409 0.06934227 0.04199213 0.06889278 0.06486179 0.11491238 0.01634845 0.04530832 0.24625491 0.01108559 0.13205732 0.15360726 0.08402832 0.19631244 0.06692028 0.01077147 0.09922653 0.19935868 0.13849370 0.09869272 0.02678252 0.05651977 0.10083827 0.02261519 0.01289965 0.04747743 0.03069505 0.05733343 0.08081988 0.06916540 0.03997623 0.05803627 0.04145047 0.03922036 0.10339998 0.05250614 0.04830945 0.06294902 0.49488694 
citharoides_macrolepis       0.08322071 0.05626290 0.27996390 0.05219709 0.00000000 0.09877852 0.07362048 0.07582521 0.03813836 0.06220456 0.29085811 0.04473291 0.13563192 0.12409732 0.64815603 0.10168481 0.06934913 0.08517155 0.06518683 0.10964601 0.08702931 0.12035611 0.06479549 0.07808476 0.23480405 0.05966938 0.16581163 0.14689500 0.11278398 0.17089543 0.07965120 0.06842571 0.10261092 0.22460911 0.19609887 0.11773284 0.06976263 0.06049025 0.06392918 0.03998991 0.07033258 0.08298488 0.07796135 0.07973558 0.09591980 0.09377344 0.05407774 0.08406519 0.05366674 0.09001495 0.10525012 0.11031186 0.07808996 0.05594006 0.50497134 
psettodes_eneumeri           0.09694214 0.06686632 0.29031211 0.06146814 0.09877852 0.00000000 0.09177025 0.08775246 0.04474399 0.07250938 0.29668423 0.05337133 0.15742248 0.13602113 0.66685351 0.11230920 0.08337329 0.11175195 0.07712920 0.12284962 0.11795353 0.15047976 0.07469023 0.09294898 0.26111169 0.07048122 0.19229481 0.17261738 0.14019732 0.19130289 0.10862278 0.08055847 0.11150439 0.25347809 0.21175502 0.14510372 0.08524303 0.07108591 0.13133845 0.04702605 0.08370963 0.09845520 0.09252413 0.09093837 0.10546227 0.12636887 0.06514475 0.09695254 0.06325818 0.10575828 0.12984000 0.12540331 0.08918706 0.07306651 0.50770024 
mancopsetta_milfordi         0.08390697 0.07579248 0.25783970 0.08494904 0.07362048 0.09177025 0.00000000 0.07589641 0.07379302 0.07859663 0.34189270 0.08339209 0.15051668 0.11690998 0.58387384 0.09844138 0.07291849 0.07264340 0.06998598 0.10621569 0.07768523 0.11677594 0.08076833 0.07869431 0.23695968 0.07530144 0.12975121 0.17568684 0.00050065 0.18717409 0.07608788 0.07821233 0.13931553 0.18680766 0.17106796 0.09528888 0.07544456 0.08806706 0.10301490 0.07397321 0.07649626 0.08417250 0.07946660 0.09290834 0.10667836 0.08259850 0.07342648 0.08923077 0.07291484 0.08780018 0.10934049 0.10285339 0.08112152 0.07883713 0.53914418 
decapterus_maruadsi          0.07115405 0.04635841 0.25241083 0.01411308 0.07582521 0.08775246 0.07589641 0.00000000 0.01897277 0.01700610 0.26190348 0.02568549 0.13694498 0.11072301 0.63546472 0.09075628 0.05456275 0.08923617 0.05490712 0.09598075 0.09203315 0.12825946 0.01910963 0.06477880 0.24486712 0.01512305 0.18019520 0.14504434 0.11979077 0.17400583 0.08709154 0.01709939 0.09013898 0.23768814 0.18330328 0.12948921 0.04135222 0.04894717 0.12043950 0.02205729 0.00938882 0.06921206 0.04539583 0.06564023 0.08135130 0.09981553 0.04501906 0.07293070 0.04275427 0.05672329 0.10868408 0.07498682 0.06725648 0.05821730 0.44392247 
seriola_zonata               0.03650645 0.02978468 0.20202472 0.01939738 0.03813836 0.04474399 0.07379302 0.01897277 0.00000000 0.02027969 0.29316470 0.01777655 0.13948445 0.06289203 0.49885808 0.04915855 0.02391358 0.05129148 0.02780059 0.05147382 0.04940432 0.09489051 0.02188542 0.03194509 0.20368107 0.01907680 0.10558925 0.13670429 0.06488470 0.18378330 0.05105311 0.01885630 0.08810871 0.16972978 0.11200215 0.07642192 0.01526909 0.04082235 0.08150606 0.01458815 0.01862805 0.03246111 0.01898544 0.04084621 0.06113888 0.05291521 0.02683282 0.04180996 0.02743015 0.02685707 0.08232035 0.03814336 0.03332204 0.05681088 0.47520594 
alepes_kleinii               0.05972903 0.04633890 0.26554767 0.01130094 0.06220456 0.07250938 0.07859663 0.01700610 0.02027969 0.00000000 0.30328121 0.02737263 0.14489837 0.09658919 0.62742362 0.07870129 0.04323439 0.08443551 0.05001495 0.08092729 0.07619560 0.13518371 0.02077037 0.05325783 0.24550854 0.01402771 0.15324174 0.15481027 0.09853966 0.18681602 0.07764007 0.01319981 0.09972249 0.23077265 0.16193803 0.11536208 0.03232198 0.05205802 0.12001707 0.02388933 0.01618843 0.05611692 0.03670621 0.06986508 0.08495564 0.08196771 0.04553583 0.06887120 0.04536538 0.04687831 0.11223348 0.06192245 0.05686896 0.06347833 0.48048984 
ceratoscopelus_warmingii     0.30036182 0.28417757 0.34469750 0.29655269 0.29085811 0.29668423 0.34189270 0.26190348 0.29316470 0.30328121 0.00000000 0.29893931 0.47523121 0.29558522 0.66750523 0.27667176 0.27571267 0.28608595 0.28648377 0.28436549 0.30392723 0.37968970 0.30541992 0.27619610 0.49562760 0.27912597 0.37918181 0.41437510 0.32732356 0.43722963 0.31575681 0.29040282 0.26518814 0.42552241 0.35018353 0.34446815 0.27535780 0.31665064 0.33195392 0.29161825 0.27610993 0.29129400 0.28370474 0.31883378 0.30715159 0.30951035 0.29312100 0.31442505 0.29198878 0.29118296 0.36222371 0.30700965 0.29196408 0.31882920 0.83308596 
scomberoides_commersonnianus 0.04301720 0.03572224 0.21166238 0.02640915 0.04473291 0.05337133 0.08339209 0.02568549 0.01777655 0.02737263 0.29893931 0.00000000 0.13623552 0.06941056 0.51842521 0.05627902 0.03002627 0.05680054 0.03479881 0.05821643 0.05607721 0.10259461 0.02924730 0.03806084 0.21953686 0.02665116 0.11650091 0.14523399 0.07342033 0.19300032 0.05784085 0.02610011 0.09477158 0.17942972 0.12154334 0.08519464 0.01648666 0.04702000 0.08917810 0.01587275 0.02569786 0.03979658 0.02456989 0.04726552 0.06731552 0.05996215 0.03307629 0.04847663 0.03396631 0.03246773 0.09076900 0.04446532 0.04024819 0.06046048 0.46856235 
samariscus_xenicus           0.14262710 0.13904489 0.31539103 0.13828463 0.13563192 0.15742248 0.15051668 0.13694498 0.13948445 0.14489837 0.47523121 0.13623552 0.00000000 0.18542253 0.62301031 0.16518801 0.13794262 0.12385928 0.13934985 0.17164799 0.14102193 0.17621967 0.14582879 0.14637481 0.26527058 0.13142755 0.19692379 0.20691059 0.15259128 0.23985706 0.13771781 0.13621662 0.19264678 0.23410456 0.23265720 0.16309475 0.14146105 0.13619898 0.15867141 0.13392897 0.14283220 0.15095716 0.14460133 0.15176541 0.16943778 0.14408754 0.13882386 0.15085646 0.13452338 0.15506360 0.15656056 0.16942699 0.14853295 0.12944045 0.57016164 
kurtus_gulliveri             0.11884236 0.08397208 0.28318091 0.08271349 0.12409732 0.13602113 0.11690998 0.11072301 0.06289203 0.09658919 0.29558522 0.06941056 0.18542253 0.00000000 0.67830436 0.11119016 0.10117145 0.13184884 0.09909596 0.12494285 0.13895700 0.17504265 0.09782862 0.11062073 0.29346240 0.09066998 0.22700881 0.19417875 0.16819857 0.22732014 0.13143652 0.10120327 0.10908376 0.28213310 0.20807764 0.17756438 0.10637296 0.08765016 0.16730406 0.06376467 0.10903741 0.11496301 0.11040020 0.11013379 0.05969167 0.14607406 0.08619839 0.11672400 0.08507445 0.12511330 0.15460669 0.14168717 0.11221231 0.09182797 0.52147584 
gadus_morhua                 0.64088187 0.57945625 0.69134694 0.57132838 0.64815603 0.66685351 0.58387384 0.63546472 0.49885808 0.62742362 0.66750523 0.51842521 0.62301031 0.67830436 0.00000000 0.64401578 0.64313714 0.64925934 0.65469456 0.65346498 0.67325032 0.71267641 0.63372779 0.65297593 0.81233067 0.61020034 0.75759674 0.68846384 0.69049870 0.67743330 0.66383846 0.65361093 0.48504576 0.79245978 0.72975491 0.70715076 0.63698232 0.59992631 0.67768400 0.48094963 0.62536733 0.67145128 0.65170711 0.67061933 0.63221720 0.68692784 0.61862628 0.68281722 0.61585917 0.66637561 0.69315636 0.69460800 0.65351189 0.52523649 1.01955566 
scomber_scombrus             0.09532469 0.06660680 0.26559668 0.06647480 0.10168481 0.11230920 0.09844138 0.09075628 0.04915855 0.07870129 0.27667176 0.05627902 0.16518801 0.11119016 0.64401578 0.00000000 0.07796103 0.11125831 0.08009530 0.09879780 0.11571247 0.15721025 0.07950073 0.08766015 0.27879636 0.07239029 0.20212012 0.17567157 0.14449456 0.21633062 0.11104780 0.08014105 0.09740919 0.27109343 0.17238196 0.15521394 0.08306366 0.07053646 0.14813684 0.04989570 0.08799679 0.09120979 0.08597802 0.08831863 0.08340539 0.12102705 0.06798371 0.09491636 0.06773777 0.10036778 0.13461071 0.11639845 0.09101645 0.07799685 0.49287465 
toxotes_jaculatrix           0.06265976 0.03994030 0.26300434 0.03705409 0.06934913 0.08337329 0.07291849 0.05456275 0.02391358 0.04323439 0.27571267 0.03002627 0.13794262 0.10117145 0.64313714 0.07796103 0.00000000 0.08493456 0.04415668 0.08670003 0.08659159 0.12492960 0.04542548 0.05771667 0.23976935 0.04219721 0.16468089 0.15155058 0.11156461 0.17881666 0.07946573 0.04778495 0.08784081 0.23129137 0.17858909 0.11584117 0.04699296 0.04458078 0.11259576 0.02585280 0.05054939 0.05771988 0.05464555 0.05750604 0.07686284 0.09312676 0.03440932 0.06095376 0.02918752 0.06716386 0.10423284 0.08608021 0.05344566 0.05513716 0.48823211 
scophthalmus_rhombus         0.09998051 0.07342619 0.28619929 0.06934227 0.08517155 0.11175195 0.07264340 0.08923617 0.05129148 0.08443551 0.28608595 0.05680054 0.12385928 0.13184884 0.64925934 0.11125831 0.08493456 0.00000000 0.08164070 0.11690079 0.08259894 0.12141148 0.08644173 0.09264866 0.22716395 0.08201477 0.15975144 0.13370264 0.11237646 0.14648801 0.07976089 0.09367299 0.10532189 0.21637574 0.19102454 0.12094814 0.08646942 0.07585102 0.13149228 0.05274319 0.08774723 0.09845333 0.09165580 0.09901730 0.10770891 0.08899688 0.07892812 0.10935491 0.07353905 0.10125512 0.11455435 0.11969150 0.09426466 0.05729612 0.42581666 
centropomus_medius           0.06313229 0.04048308 0.24876158 0.04199213 0.06518683 0.07712920 0.06998598 0.05490712 0.02780059 0.05001495 0.28648377 0.03479881 0.13934985 0.09909596 0.65469456 0.08009530 0.04415668 0.08164070 0.00000000 0.08313379 0.08133848 0.12743921 0.05152576 0.05062073 0.23862357 0.04232262 0.16441196 0.15214815 0.10824376 0.17625386 0.07719051 0.05051981 0.09003704 0.22461743 0.16906992 0.11736301 0.04893908 0.04371822 0.11053600 0.02790556 0.05582916 0.05710683 0.05324061 0.05952162 0.07519160 0.08721943 0.03871910 0.06298154 0.03562995 0.06655223 0.10416702 0.08402671 0.05871591 0.05595437 0.50582054 
acanthurus_bahianus          0.10491870 0.07274562 0.27994156 0.06889278 0.10964601 0.12284962 0.10621569 0.09598075 0.05147382 0.08092729 0.28436549 0.05821643 0.17164799 0.12494285 0.65346498 0.09879780 0.08670003 0.11690079 0.08313379 0.00000000 0.12596575 0.15936052 0.08273299 0.09362942 0.27905439 0.07693941 0.20983854 0.17913383 0.15494325 0.20905456 0.11897873 0.08695318 0.10395229 0.26764424 0.20039619 0.16020842 0.09313137 0.07696574 0.15187337 0.05369384 0.09213680 0.10082787 0.09555288 0.09661494 0.09473334 0.12984422 0.07145366 0.10272891 0.07264113 0.11051383 0.14147191 0.12729147 0.09736153 0.08203700 0.51664903 
paralichthys_albigutta       0.10123133 0.07028080 0.29779640 0.06486179 0.08702931 0.11795353 0.07768523 0.09203315 0.04940432 0.07619560 0.30392723 0.05607721 0.14102193 0.13895700 0.67325032 0.11571247 0.08659159 0.08259894 0.08133848 0.12596575 0.00000000 0.10446937 0.07784314 0.09471892 0.23970674 0.07402363 0.17294960 0.13236644 0.11824919 0.15974866 0.01640114 0.08397322 0.11533035 0.20504256 0.21161036 0.12357700 0.08766020 0.07463577 0.12383607 0.05035405 0.08670591 0.09992421 0.09412277 0.09435411 0.10795763 0.03706863 0.06890307 0.09918986 0.06760733 0.10644875 0.11114999 0.12584641 0.09355664 0.05920642 0.53456009 
cyclopsetta_fimbriata        0.14072109 0.11557829 0.34067207 0.11491238 0.12035611 0.15047976 0.11677594 0.12825946 0.09489051 0.13518371 0.37968970 0.10259461 0.17621967 0.17504265 0.71267641 0.15721025 0.12492960 0.12141148 0.12743921 0.15936052 0.10446937 0.00000000 0.13336133 0.12912774 0.27880253 0.12580406 0.20530601 0.11301426 0.14877318 0.17783881 0.10267259 0.13257508 0.17097326 0.21720406 0.22747673 0.16300182 0.12802809 0.12061316 0.16654728 0.09579565 0.12896553 0.14014606 0.13137295 0.14910539 0.16030240 0.10950825 0.12776760 0.14884677 0.12295973 0.14094731 0.15958745 0.15891032 0.14041971 0.09904788 0.56854974 
alectis_indicus              0.06191663 0.04829079 0.26679865 0.01634845 0.06479549 0.07469023 0.08076833 0.01910963 0.02188542 0.02077037 0.30541992 0.02924730 0.14582879 0.09782862 0.63372779 0.07950073 0.04542548 0.08644173 0.05152576 0.08273299 0.07784314 0.13336133 0.00000000 0.05488728 0.24728527 0.01695523 0.15454654 0.15698787 0.10215512 0.19195268 0.07981796 0.01640941 0.10168459 0.23443919 0.16410899 0.11657695 0.03424909 0.05337361 0.12332745 0.02477298 0.01773944 0.05588571 0.03691584 0.06846164 0.08655793 0.08264536 0.05035018 0.06992533 0.04723187 0.04763954 0.11267115 0.06298825 0.05853105 0.06535887 0.49356329 
sphyraena_putnamae           0.07333405 0.02743019 0.26316455 0.04530832 0.07808476 0.09294898 0.07869431 0.06477880 0.03194509 0.05325783 0.27619610 0.03806084 0.14637481 0.11062073 0.65297593 0.08766015 0.05771667 0.09264866 0.05062073 0.09362942 0.09471892 0.12912774 0.05488728 0.00000000 0.24721242 0.05123136 0.17283782 0.15576732 0.12104884 0.17859274 0.08703289 0.05873320 0.09311882 0.23573294 0.18273377 0.12588076 0.05905662 0.05249524 0.11673226 0.03233012 0.05913999 0.07205061 0.06716324 0.06812617 0.08391324 0.10285061 0.04386704 0.07255134 0.04378586 0.07787510 0.11325857 0.09842151 0.06455224 0.05995240 0.49058733 
symphurus_plagiusa           0.25717787 0.24356580 0.46806716 0.24625491 0.23480405 0.26111169 0.23695968 0.24486712 0.20368107 0.24550854 0.49562760 0.21953686 0.26527058 0.29346240 0.81233067 0.27879636 0.23976935 0.22716395 0.23862357 0.27905439 0.23970674 0.27880253 0.24728527 0.24721242 0.00000000 0.23931353 0.31567794 0.31750148 0.26055357 0.30956736 0.23834615 0.24153513 0.29010118 0.34300831 0.33579754 0.27001616 0.24715265 0.25829394 0.27758147 0.20195074 0.24911143 0.25870708 0.24809759 0.26935629 0.28790933 0.24702575 0.24262712 0.26191602 0.24262706 0.26251161 0.25325426 0.27881448 0.25441461 0.18566142 0.74982398 
megalaspis_cordyla           0.05520291 0.04457834 0.25797893 0.01108559 0.05966938 0.07048122 0.07530144 0.01512305 0.01907680 0.01402771 0.27912597 0.02665116 0.13142755 0.09066998 0.61020034 0.07239029 0.04219721 0.08201477 0.04232262 0.07693941 0.07402363 0.12580406 0.01695523 0.05123136 0.23931353 0.00000000 0.14551631 0.15198364 0.09676941 0.16324507 0.07411290 0.00420119 0.08973418 0.20873242 0.15307150 0.10568888 0.03071815 0.04770413 0.10437466 0.02122472 0.01401147 0.05289614 0.03457913 0.06310063 0.08252132 0.07787985 0.04458397 0.05974416 0.04272129 0.04517448 0.11116115 0.05921984 0.05187488 0.06179025 0.47716867 
gymnachirus_melas            0.18081369 0.14242744 0.37770906 0.13205732 0.16581163 0.19229481 0.12975121 0.18019520 0.10558925 0.15324174 0.37918181 0.11650091 0.19692379 0.22700881 0.75759674 0.20212012 0.16468089 0.15975144 0.16441196 0.20983854 0.17294960 0.20530601 0.15454654 0.17283782 0.31567794 0.14551631 0.00000000 0.21510221 0.18592646 0.24094454 0.16213697 0.15840618 0.18702012 0.30482900 0.29192829 0.09193262 0.16937600 0.14081263 0.20119227 0.10830329 0.17115469 0.17893922 0.17180751 0.16962747 0.18393495 0.17751117 0.14544056 0.17757420 0.14178550 0.18519364 0.17504943 0.20528429 0.17764271 0.10970946 0.62503808 
etropus_cyclosquamus         0.16682647 0.14872548 0.35862275 0.15360726 0.14689500 0.17261738 0.17568684 0.14504434 0.13670429 0.15481027 0.41437510 0.14523399 0.20691059 0.19417875 0.68846384 0.17567157 0.15155058 0.13370264 0.15214815 0.17913383 0.13236644 0.11301426 0.15698787 0.15576732 0.31750148 0.15198364 0.21510221 0.00000000 0.16857517 0.20885614 0.13017419 0.15733974 0.21834497 0.20905697 0.23610082 0.18349142 0.15392731 0.17268161 0.17447327 0.13510329 0.14997252 0.16503663 0.15757810 0.17204750 0.19131933 0.13511852 0.14985335 0.17319961 0.15371996 0.16772104 0.19238898 0.18331545 0.16117010 0.13936096 0.64200989 
mancopsetta_maculata         0.12717594 0.08934965 0.32136743 0.08402832 0.11278398 0.14019732 0.00050065 0.11979077 0.06488470 0.09853966 0.32732356 0.07342033 0.15259128 0.16819857 0.69049870 0.14449456 0.11156461 0.11237646 0.10824376 0.15494325 0.11824919 0.14877318 0.10215512 0.12104884 0.26055357 0.09676941 0.18592646 0.16857517 0.00000000 0.19316276 0.11081030 0.10901348 0.13464954 0.24902365 0.23835588 0.13912453 0.11427148 0.09472729 0.14524605 0.06738603 0.11331704 0.12791269 0.12105982 0.12013621 0.13255820 0.12649527 0.09218065 0.12609267 0.08922638 0.13286218 0.13045685 0.15330418 0.12015908 0.07226471 0.53826685 
bothus_pantherinus           0.19081248 0.16880221 0.33544718 0.19631244 0.17089543 0.19130289 0.18717409 0.17400583 0.18378330 0.18681602 0.43722963 0.19300032 0.23985706 0.22732014 0.67743330 0.21633062 0.17881666 0.14648801 0.17625386 0.20905456 0.15974866 0.17783881 0.19195268 0.17859274 0.30956736 0.16324507 0.24094454 0.20885614 0.19316276 0.00000000 0.15626798 0.17944813 0.24851932 0.09596016 0.26059171 0.21574554 0.18387316 0.18310697 0.18421883 0.17763019 0.18542922 0.19273930 0.18335584 0.19643253 0.21588704 0.16037747 0.18202991 0.19367629 0.17504560 0.19356715 0.22319067 0.21055758 0.19601375 0.18252630 0.60224667 
hippoglossina_oblonga        0.09369650 0.07391857 0.29500633 0.06692028 0.07965120 0.10862278 0.07608788 0.08709154 0.05105311 0.07764007 0.31575681 0.05784085 0.13771781 0.13143652 0.66383846 0.11104780 0.07946573 0.07976089 0.07719051 0.11897873 0.01640114 0.10267259 0.07981796 0.08703289 0.23834615 0.07411290 0.16213697 0.13017419 0.11081030 0.15626798 0.00000000 0.08165491 0.11562121 0.20277817 0.19813294 0.11838980 0.08254739 0.07473334 0.11842394 0.05131491 0.08366580 0.09238042 0.08653490 0.09318904 0.10333678 0.03409554 0.07141049 0.09624386 0.06875714 0.09856180 0.10720511 0.11631818 0.08855401 0.05872162 0.53958894 
caranx_melampygus            0.06538569 0.04697760 0.26709786 0.01077147 0.06842571 0.08055847 0.07821233 0.01709939 0.01885630 0.01319981 0.29040282 0.02610011 0.13621662 0.10120327 0.65361093 0.08014105 0.04778495 0.09367299 0.05051981 0.08695318 0.08397322 0.13257508 0.01640941 0.05873320 0.24153513 0.00420119 0.15840618 0.15733974 0.10901348 0.17944813 0.08165491 0.00000000 0.09577801 0.23532895 0.17011400 0.11603467 0.03541217 0.04828273 0.11998365 0.02218865 0.01539506 0.06053582 0.03983119 0.06941525 0.08519436 0.08975328 0.04483381 0.07204019 0.04230512 0.05229597 0.11428668 0.06863483 0.05961546 0.06226869 0.50339821 
myripristis_violacea         0.10148932 0.09066461 0.17144321 0.09922653 0.10261092 0.11150439 0.13931553 0.09013898 0.08810871 0.09972249 0.26518814 0.09477158 0.19264678 0.10908376 0.48504576 0.09740919 0.08784081 0.10532189 0.09003704 0.10395229 0.11533035 0.17097326 0.10168459 0.09311882 0.29010118 0.08973418 0.18702012 0.21834497 0.13464954 0.24851932 0.11562121 0.09577801 0.00000000 0.24162355 0.16517648 0.14707988 0.09207249 0.10214907 0.14558249 0.08393781 0.09574290 0.09845709 0.09507299 0.10973840 0.10457076 0.11999383 0.09113772 0.10792580 0.08915665 0.10535089 0.15614653 0.11905543 0.10001453 0.11748395 0.52570570 
crossorhombus_kobensis       0.24505984 0.20411201 0.44256975 0.19935868 0.22460911 0.25347809 0.18680766 0.23768814 0.16972978 0.23077265 0.42552241 0.17942972 0.23410456 0.28213310 0.79245978 0.27109343 0.23129137 0.21637574 0.22461743 0.26764424 0.20504256 0.21720406 0.23443919 0.23573294 0.34300831 0.20873242 0.30482900 0.20905697 0.24902365 0.09596016 0.20277817 0.23532895 0.24162355 0.00000000 0.32956568 0.26951421 0.23765078 0.20019913 0.24635468 0.16669435 0.23957478 0.24724399 0.24019695 0.25134805 0.25190427 0.21073498 0.22460014 0.25693240 0.20876619 0.25028534 0.24108490 0.27225856 0.24171814 0.16225189 0.63667831 
pseudupeneus_maculatus       0.19061457 0.14508752 0.35043841 0.13849370 0.19609887 0.21175502 0.17106796 0.18330328 0.11200215 0.16193803 0.35018353 0.12154334 0.23265720 0.20807764 0.72975491 0.17238196 0.17858909 0.19102454 0.16906992 0.20039619 0.21161036 0.22747673 0.16410899 0.18273377 0.33579754 0.15307150 0.29192829 0.23610082 0.23835588 0.26059171 0.19813294 0.17011400 0.16517648 0.32956568 0.00000000 0.24213804 0.18428015 0.14788264 0.21898083 0.11364845 0.17752668 0.19638282 0.18888186 0.18165171 0.16717685 0.21919146 0.15344737 0.18896372 0.14936002 0.19815562 0.22002250 0.21939792 0.18587951 0.13997130 0.54150334 
trinectes_maculatus          0.13489783 0.10287626 0.32515300 0.09869272 0.11773284 0.14510372 0.09528888 0.12948921 0.07642192 0.11536208 0.34446815 0.08519464 0.16309475 0.17756438 0.70715076 0.15521394 0.11584117 0.12094814 0.11736301 0.16020842 0.12357700 0.16300182 0.11657695 0.12588076 0.27001616 0.10568888 0.09193262 0.18349142 0.13912453 0.21574554 0.11838980 0.11603467 0.14707988 0.26951421 0.24213804 0.00000000 0.12195455 0.10425293 0.15839540 0.07652161 0.12893300 0.12950292 0.12426615 0.12714232 0.14152640 0.12928012 0.10690273 0.13462631 0.10279528 0.13839215 0.13512312 0.15581964 0.13216847 0.08242086 0.59181345 
trachinotus_blochii          0.06671394 0.04175436 0.26509144 0.02678252 0.06976263 0.08524303 0.07544456 0.04135222 0.01526909 0.03232198 0.27535780 0.01648666 0.14146105 0.10637296 0.63698232 0.08306366 0.04699296 0.08646942 0.04893908 0.09313137 0.08766020 0.12802809 0.03424909 0.05905662 0.24715265 0.03071815 0.16937600 0.15392731 0.11427148 0.18387316 0.08254739 0.03541217 0.09207249 0.23765078 0.18428015 0.12195455 0.00000000 0.04762990 0.11772183 0.00213368 0.03695940 0.06125891 0.03756859 0.06103412 0.08048384 0.09367006 0.03836345 0.06584359 0.03857795 0.04976643 0.10896326 0.06974234 0.05868588 0.05728542 0.49139448 
polydactylus_sexfilis        0.00805660 0.04584249 0.25013988 0.05651977 0.06049025 0.07108591 0.08806706 0.04894717 0.04082235 0.05205802 0.31665064 0.04702000 0.13619898 0.08765016 0.59992631 0.07053646 0.04458078 0.07585102 0.04371822 0.07696574 0.07463577 0.12061316 0.05337361 0.05249524 0.25829394 0.04770413 0.14081263 0.17268161 0.09472729 0.18310697 0.07473334 0.04828273 0.10214907 0.20019913 0.14788264 0.10425293 0.04762990 0.00000000 0.09920847 0.04082140 0.04956018 0.05553742 0.05096553 0.06162807 0.08148763 0.07811841 0.04432684 0.05996533 0.04467652 0.06281875 0.11445287 0.07524789 0.05425351 0.07165634 0.49864080 
citharus_linguata            0.12864058 0.10262935 0.32027901 0.10083827 0.06392918 0.13133845 0.10301490 0.12043950 0.08150606 0.12001707 0.33195392 0.08917810 0.15867141 0.16730406 0.67768400 0.14813684 0.11259576 0.13149228 0.11053600 0.15187337 0.12383607 0.16654728 0.12332745 0.11673226 0.27758147 0.10437466 0.20119227 0.17447327 0.14524605 0.18421883 0.11842394 0.11998365 0.14558249 0.24635468 0.21898083 0.15839540 0.11772183 0.09920847 0.00000000 0.07937215 0.11796963 0.12790092 0.12044407 0.13838504 0.15021419 0.12981652 0.11395633 0.13919766 0.10262042 0.13378064 0.15592021 0.14892459 0.12522087 0.09214745 0.56897441 
trachinotus_ovatus           0.03882687 0.03068914 0.19459666 0.02261519 0.03998991 0.04702605 0.07397321 0.02205729 0.01458815 0.02388933 0.29161825 0.01587275 0.13392897 0.06376467 0.48094963 0.04989570 0.02585280 0.05274319 0.02790556 0.05369384 0.05035405 0.09579565 0.02477298 0.03233012 0.20195074 0.02122472 0.10830329 0.13510329 0.06738603 0.17763019 0.05131491 0.02218865 0.08393781 0.16669435 0.11364845 0.07652161 0.00213368 0.04082140 0.07937215 0.00000000 0.02207629 0.03364205 0.01925567 0.04202218 0.05957037 0.05317503 0.02850195 0.04247189 0.02703586 0.02833191 0.08081942 0.03817165 0.03621719 0.05685381 0.44199024 
trachurus_trachurus          0.06887079 0.04584683 0.25811661 0.01289965 0.07033258 0.08370963 0.07649626 0.00938882 0.01862805 0.01618843 0.27610993 0.02569786 0.14283220 0.10903741 0.62536733 0.08799679 0.05054939 0.08774723 0.05582916 0.09213680 0.08670591 0.12896553 0.01773944 0.05913999 0.24911143 0.01401147 0.17115469 0.14997252 0.11331704 0.18542922 0.08366580 0.01539506 0.09574290 0.23957478 0.17752668 0.12893300 0.03695940 0.04956018 0.11796963 0.02207629 0.00000000 0.06285422 0.04076215 0.06506250 0.08277236 0.09303379 0.04438653 0.07060604 0.04466880 0.05419453 0.11016879 0.06986571 0.06561457 0.06013506 0.48782182 
xiphius_gladius              0.07641954 0.05018741 0.28080249 0.04747743 0.08298488 0.09845520 0.08417250 0.06921206 0.03246111 0.05611692 0.29129400 0.03979658 0.15095716 0.11496301 0.67145128 0.09120979 0.05771988 0.09845333 0.05710683 0.10082787 0.09992421 0.14014606 0.05588571 0.07205061 0.25870708 0.05289614 0.17893922 0.16503663 0.12791269 0.19273930 0.09238042 0.06053582 0.09845709 0.24724399 0.19638282 0.12950292 0.06125891 0.05553742 0.12790092 0.03364205 0.06285422 0.00000000 0.06821817 0.05415215 0.08854869 0.10727151 0.04686232 0.05692808 0.04489352 0.08165071 0.11676168 0.10230222 0.06377052 0.06406027 0.51219838 
rachycentron_canadum         0.07097509 0.04720127 0.27175536 0.03069505 0.07796135 0.09252413 0.07946660 0.04539583 0.01898544 0.03670621 0.28370474 0.02456989 0.14460133 0.11040020 0.65170711 0.08597802 0.05464555 0.09165580 0.05324061 0.09555288 0.09412277 0.13137295 0.03691584 0.06716324 0.24809759 0.03457913 0.17180751 0.15757810 0.12105982 0.18335584 0.08653490 0.03983119 0.09507299 0.24019695 0.18888186 0.12426615 0.03756859 0.05096553 0.12044407 0.01925567 0.04076215 0.06821817 0.00000000 0.06652881 0.08378831 0.10155813 0.04295333 0.07101497 0.04175512 0.03135035 0.11164559 0.06219114 0.06326943 0.06001385 0.50109924 
tetrapturus_angustirostris   0.07696382 0.05730550 0.29170262 0.05733343 0.07973558 0.09093837 0.09290834 0.06564023 0.04084621 0.06986508 0.31883378 0.04726552 0.15176541 0.11013379 0.67061933 0.08831863 0.05750604 0.09901730 0.05952162 0.09661494 0.09435411 0.14910539 0.06846164 0.06812617 0.26935629 0.06310063 0.16962747 0.17204750 0.12013621 0.19643253 0.09318904 0.06941525 0.10973840 0.25134805 0.18165171 0.12714232 0.06103412 0.06162807 0.13838504 0.04202218 0.06506250 0.05415215 0.06652881 0.00000000 0.09813718 0.09959665 0.05972711 0.00477456 0.05455891 0.07797130 0.12899928 0.09514540 0.06715347 0.07265822 0.52123470 
apogon_lateralis             0.09153922 0.07917232 0.26524508 0.08081988 0.09591980 0.10546227 0.10667836 0.08135130 0.06113888 0.08495564 0.30715159 0.06731552 0.16943778 0.05969167 0.63221720 0.08340539 0.07686284 0.10770891 0.07519160 0.09473334 0.10795763 0.16030240 0.08655793 0.08391324 0.28790933 0.08252132 0.18393495 0.19131933 0.13255820 0.21588704 0.10333678 0.08519436 0.10457076 0.25190427 0.16717685 0.14152640 0.08048384 0.08148763 0.15021419 0.05957037 0.08277236 0.08854869 0.08378831 0.09813718 0.00000000 0.11355759 0.07617766 0.09830053 0.07625976 0.09399498 0.14962403 0.10925243 0.08740385 0.08993850 0.50959549 
hypopsetta_guttulata         0.10567785 0.07538072 0.30437616 0.06916540 0.09377344 0.12636887 0.08259850 0.09981553 0.05291521 0.08196771 0.30951035 0.05996215 0.14408754 0.14607406 0.68692784 0.12102705 0.09312676 0.08899688 0.08721943 0.12984422 0.03706863 0.10950825 0.08264536 0.10285061 0.24702575 0.07787985 0.17751117 0.13511852 0.12649527 0.16037747 0.03409554 0.08975328 0.11999383 0.21073498 0.21919146 0.12928012 0.09367006 0.07811841 0.12981652 0.05317503 0.09303379 0.10727151 0.10155813 0.09959665 0.11355759 0.00000000 0.07408654 0.10542503 0.07197703 0.11283535 0.11552575 0.13331229 0.09943960 0.06261279 0.54513869 
lates_calcarifer             0.05132541 0.03723425 0.25097146 0.03997623 0.05407774 0.06514475 0.07342648 0.04501906 0.02683282 0.04553583 0.29312100 0.03307629 0.13882386 0.08619839 0.61862628 0.06798371 0.03440932 0.07892812 0.03871910 0.07145366 0.06890307 0.12776760 0.05035018 0.04386704 0.24262712 0.04458397 0.14544056 0.14985335 0.09218065 0.18202991 0.07141049 0.04483381 0.09113772 0.22460014 0.15344737 0.10690273 0.03836345 0.04432684 0.11395633 0.02850195 0.04438653 0.04686232 0.04295333 0.05972711 0.07617766 0.07408654 0.00000000 0.05894686 0.03668173 0.05369534 0.10602314 0.07014355 0.04825063 0.05753821 0.47436842 
istiophorus_platypterus      0.08203678 0.05924458 0.28767284 0.05803627 0.08406519 0.09695254 0.08923077 0.07293070 0.04180996 0.06887120 0.31442505 0.04847663 0.15085646 0.11672400 0.68281722 0.09491636 0.06095376 0.10935491 0.06298154 0.10272891 0.09918986 0.14884677 0.06992533 0.07255134 0.26191602 0.05974416 0.17757420 0.17319961 0.12609267 0.19367629 0.09624386 0.07204019 0.10792580 0.25693240 0.18896372 0.13462631 0.06584359 0.05996533 0.13919766 0.04247189 0.07060604 0.05692808 0.07101497 0.00477456 0.09830053 0.10542503 0.05894686 0.00000000 0.05454304 0.08399970 0.13028505 0.10044332 0.07068553 0.07372734 0.53404398 
leptobrama_muelleri          0.05298096 0.03866228 0.25465194 0.04145047 0.05366674 0.06325818 0.07291484 0.04275427 0.02743015 0.04536538 0.29198878 0.03396631 0.13452338 0.08507445 0.61585917 0.06773777 0.02918752 0.07353905 0.03562995 0.07264113 0.06760733 0.12295973 0.04723187 0.04378586 0.24262706 0.04272129 0.14178550 0.15371996 0.08922638 0.17504560 0.06875714 0.04230512 0.08915665 0.20876619 0.14936002 0.10279528 0.03857795 0.04467652 0.10262042 0.02703586 0.04466880 0.04489352 0.04175512 0.05455891 0.07625976 0.07197703 0.03668173 0.05454304 0.00000000 0.05304694 0.10646583 0.06808267 0.04707750 0.05760508 0.46883628 
coryphaena_hippurus          0.08532596 0.05666192 0.28221686 0.03922036 0.09001495 0.10575828 0.08780018 0.05672329 0.02685707 0.04687831 0.29118296 0.03246773 0.15506360 0.12511330 0.66637561 0.10036778 0.06716386 0.10125512 0.06655223 0.11051383 0.10644875 0.14094731 0.04763954 0.07787510 0.26251161 0.04517448 0.18519364 0.16772104 0.13286218 0.19356715 0.09856180 0.05229597 0.10535089 0.25028534 0.19815562 0.13839215 0.04976643 0.06281875 0.13378064 0.02833191 0.05419453 0.08165071 0.03135035 0.07797130 0.09399498 0.11283535 0.05369534 0.08399970 0.05304694 0.00000000 0.12423634 0.07446737 0.07768240 0.06730811 0.51203905 
parachirus_xenicus           0.12103614 0.10666213 0.33549136 0.10339998 0.10525012 0.12984000 0.10934049 0.10868408 0.08232035 0.11223348 0.36222371 0.09076900 0.15656056 0.15460669 0.69315636 0.13461071 0.10423284 0.11455435 0.10416702 0.14147191 0.11114999 0.15958745 0.11267115 0.11325857 0.25325426 0.11116115 0.17504943 0.19238898 0.13045685 0.22319067 0.10720511 0.11428668 0.15614653 0.24108490 0.22002250 0.13512312 0.10896326 0.11445287 0.15592021 0.08081942 0.11016879 0.11676168 0.11164559 0.12899928 0.14962403 0.11552575 0.10602314 0.13028505 0.10646583 0.12423634 0.00000000 0.13813267 0.11599238 0.07474942 0.57315127 
echeneis_cf_naucratoides     0.10281326 0.07093436 0.30093490 0.05250614 0.11031186 0.12540331 0.10285339 0.07498682 0.03814336 0.06192245 0.30700965 0.04446532 0.16942699 0.14168717 0.69460800 0.11639845 0.08608021 0.11969150 0.08402671 0.12729147 0.12584641 0.15891032 0.06298825 0.09842151 0.27881448 0.05921984 0.20528429 0.18331545 0.15330418 0.21055758 0.11631818 0.06863483 0.11905543 0.27225856 0.21939792 0.15581964 0.06974234 0.07524789 0.14892459 0.03817165 0.06986571 0.10230222 0.06219114 0.09514540 0.10925243 0.13331229 0.07014355 0.10044332 0.06808267 0.07446737 0.13813267 0.00000000 0.09504233 0.08036534 0.54196707 
mene_maculatus               0.07412117 0.05016153 0.26854381 0.04830945 0.07808996 0.08918706 0.08112152 0.06725648 0.03332204 0.05686896 0.29196408 0.04024819 0.14853295 0.11221231 0.65351189 0.09101645 0.05344566 0.09426466 0.05871591 0.09736153 0.09355664 0.14041971 0.05853105 0.06455224 0.25441461 0.05187488 0.17764271 0.16117010 0.12015908 0.19601375 0.08855401 0.05961546 0.10001453 0.24171814 0.18587951 0.13216847 0.05868588 0.05425351 0.12522087 0.03621719 0.06561457 0.06377052 0.06326943 0.06715347 0.08740385 0.09943960 0.04825063 0.07068553 0.04707750 0.07768240 0.11599238 0.09504233 0.00000000 0.06557267 0.51476222 
poecilopsetta_plinthus       0.06602446 0.05725952 0.23362082 0.06294902 0.05594006 0.07306651 0.07883713 0.05821730 0.05681088 0.06347833 0.31882920 0.06046048 0.12944045 0.09182797 0.52523649 0.07799685 0.05513716 0.05729612 0.05595437 0.08203700 0.05920642 0.09904788 0.06535887 0.05995240 0.18566142 0.06179025 0.10970946 0.13936096 0.07226471 0.18252630 0.05872162 0.06226869 0.11748395 0.16225189 0.13997130 0.08242086 0.05728542 0.07165634 0.09214745 0.05685381 0.06013506 0.06406027 0.06001385 0.07265822 0.08993850 0.06261279 0.05753821 0.07372734 0.05760508 0.06730811 0.07474942 0.08036534 0.06557267 0.00000000 0.52570652 
syngnathus_fuscus            0.51435130 0.51492586 0.66965228 0.49488694 0.50497134 0.50770024 0.53914418 0.44392247 0.47520594 0.48048984 0.83308596 0.46856235 0.57016164 0.52147584 1.01955566 0.49287465 0.48823211 0.42581666 0.50582054 0.51664903 0.53456009 0.56854974 0.49356329 0.49058733 0.74982398 0.47716867 0.62503808 0.64200989 0.53826685 0.60224667 0.53958894 0.50339821 0.52570570 0.63667831 0.54150334 0.59181345 0.49139448 0.49864080 0.56897441 0.44199024 0.48782182 0.51219838 0.50109924 0.52123470 0.50959549 0.54513869 0.47436842 0.53404398 0.46883628 0.51203905 0.57315127 0.54196707 0.51476222 0.52570652 0.00000000 
