55
eleutheronema_tetradactylum  0.00000000 0.03357051 0.12939658 0.03582215 0.03959243 0.04527007 0.06022380 0.03342629 0.03064987 0.03540997 0.16343504 0.03414832 0.09468248 0.05581018 0.25424133 0.04647811 0.03037086 0.04711504 0.03209853 0.04961001 0.04750743 0.07346225 0.03639770 0.03536429 0.13191438 0.03311148 0.08240463 0.09776838 0.05860829 0.11408641 0.04833570 0.03432150 0.07028968 0.11238958 0.08539888 0.06448664 0.03244268 0.00806443 0.06527822 0.03158184 0.03422353 0.03661379 0.03421349 0.04211094 0.05352475 0.04959957 0.03095624 0.04215540 0.03201136 0.04059808 0.06766299 0.04813765 0.03643067 0.05110816 0.25099709 
sphyranea_sphyranea          0.03357051 0.00000000 0.12125751 0.03041012 0.03441161 0.03966979 0.05407248 0.02900756 0.02526869 0.03028291 0.15676858 0.02868837 0.09065901 0.05010901 0.24658959 0.04075209 0.02505190 0.04219491 0.02575383 0.04387707 0.04195511 0.06703175 0.03137884 0.01767549 0.12662159 0.02875152 0.07685265 0.09077868 0.05265080 0.10681349 0.04269220 0.02942783 0.06420140 0.10588958 0.07927586 0.05876194 0.02669901 0.03363016 0.05850174 0.02616639 0.02894074 0.03087258 0.02913612 0.03633661 0.04796206 0.04453455 0.02481713 0.03622143 0.02572585 0.03442668 0.06197627 0.04224576 0.03076989 0.04509927 0.23964023 
lampris_guttatus             0.12939658 0.12125751 0.00000000 0.12645864 0.12925639 0.13037712 0.14507851 0.11791581 0.12311415 0.12623921 0.17708143 0.12387637 0.17531438 0.13251479 0.26049340 0.12520267 0.12179441 0.12045042 0.11996871 0.12888134 0.13577017 0.15299085 0.12654682 0.12088054 0.20782291 0.12156862 0.16488458 0.17448918 0.14364336 0.18039130 0.13643035 0.12572803 0.10804542 0.18466000 0.15369378 0.14882413 0.12351622 0.12860213 0.14648855 0.12164172 0.12298369 0.12791109 0.12519615 0.13297419 0.12938418 0.13753956 0.12096811 0.13309779 0.12298174 0.12956883 0.15356436 0.13661962 0.12789981 0.13691935 0.30636811 
chloroscombrus_orqueta       0.03582215 0.03041012 0.12645864 0.00000000 0.03666693 0.04157721 0.05693218 0.01133887 0.01758543 0.00926549 0.16160121 0.02223335 0.09182170 0.05314569 0.25283098 0.04351554 0.02725737 0.04427085 0.02879061 0.04587197 0.04398364 0.06926145 0.01225964 0.03190844 0.12782470 0.00871047 0.07864832 0.09264056 0.05522592 0.11008519 0.04456776 0.00863891 0.06739257 0.10851480 0.08333623 0.06044392 0.02048287 0.03577735 0.06105527 0.01971326 0.01063069 0.03332997 0.02274389 0.03905367 0.05065199 0.04639934 0.02775809 0.03869273 0.02803254 0.02875592 0.06381228 0.03652048 0.03328867 0.04801440 0.24638292 
citharoides_macrolepis       0.03959243 0.03441161 0.12925639 0.03666693 0.00000000 0.04384332 0.05265705 0.03509416 0.03191824 0.03680578 0.16272739 0.03536982 0.08798352 0.05728143 0.25251537 0.04853565 0.03218911 0.04071728 0.03294113 0.05078202 0.03994210 0.06410115 0.03766221 0.03548245 0.12312937 0.03488770 0.07498306 0.08824572 0.05102187 0.10429599 0.04059810 0.03562591 0.07079346 0.10237578 0.08546714 0.05619175 0.03321440 0.03988440 0.03481491 0.03299598 0.03480773 0.03773821 0.03557184 0.04326364 0.05525518 0.04225447 0.03240954 0.04307148 0.03278383 0.04149703 0.06048270 0.04932764 0.03808387 0.04382020 0.24998851 
psettodes_eneumeri           0.04527007 0.03966979 0.13037712 0.04157721 0.04384332 0.00000000 0.06266405 0.03953877 0.03614652 0.04135233 0.16556979 0.04068168 0.09842175 0.06143587 0.25544208 0.05272863 0.03721101 0.05138627 0.03802084 0.05576015 0.05213725 0.07694392 0.04254099 0.04092378 0.13132662 0.04006798 0.08556506 0.09980948 0.06108982 0.11370138 0.05286616 0.04084414 0.07568856 0.11261356 0.09009034 0.06715609 0.03884331 0.04529807 0.06556924 0.03812193 0.04068812 0.04329692 0.04083858 0.04824823 0.05967053 0.05482878 0.03749460 0.04823291 0.03788374 0.04682841 0.07173318 0.05466527 0.04291145 0.05504577 0.24799548 
mancopsetta_milfordi         0.06022380 0.05407248 0.14507851 0.05693218 0.05265705 0.06266405 0.00000000 0.05487192 0.05192702 0.05655883 0.18160880 0.05590499 0.09963637 0.07756410 0.27006089 0.06807946 0.05238015 0.05300784 0.05295800 0.07101686 0.05491393 0.07850096 0.05787312 0.05557697 0.13442476 0.05487569 0.08491044 0.10142346 0.00148971 0.11514225 0.05542069 0.05613538 0.09092054 0.11227598 0.10309311 0.06657654 0.05383053 0.06068528 0.07328082 0.05289658 0.05520729 0.05885364 0.05599709 0.06424083 0.07491439 0.05775635 0.05337656 0.06367175 0.05265094 0.06080010 0.07279136 0.06898062 0.05823144 0.05640408 0.26695279 
decapterus_maruadsi          0.03342629 0.02900756 0.11791581 0.01133887 0.03509416 0.03953877 0.05487192 0.00000000 0.01690986 0.01106775 0.14953431 0.02148829 0.08785325 0.04960281 0.24056787 0.04093148 0.02588474 0.04341535 0.02689647 0.04286609 0.04186788 0.06624774 0.01209579 0.02988546 0.12189002 0.00955882 0.07585660 0.08772684 0.05315531 0.10473044 0.04295003 0.00969937 0.06315933 0.10222636 0.07767630 0.05739752 0.01976559 0.03389458 0.05844164 0.01913850 0.00555185 0.03177850 0.02149955 0.03673391 0.04745570 0.04472665 0.02651819 0.03675740 0.02631348 0.02690424 0.06137622 0.03434719 0.03167936 0.04566725 0.22732139 
seriola_zonata               0.03064987 0.02526869 0.12311415 0.01758543 0.03191824 0.03614652 0.05192702 0.01690986 0.00000000 0.01735182 0.15874898 0.01649157 0.08867272 0.04815215 0.25080381 0.03845481 0.02116946 0.04090068 0.02299379 0.04099993 0.03967890 0.06690228 0.01803831 0.02667033 0.12567336 0.01605620 0.07437573 0.09130623 0.05088207 0.10795051 0.04044002 0.01623414 0.06321399 0.10580237 0.07927067 0.05574852 0.01429908 0.03091271 0.05840226 0.01379379 0.01640645 0.02713090 0.01688958 0.03332414 0.04591389 0.04190794 0.02222947 0.03305842 0.02231073 0.02354203 0.06004744 0.03152449 0.02745802 0.04347600 0.24506129 
alepes_kleinii               0.03540997 0.03028291 0.12623921 0.00926549 0.03680578 0.04135233 0.05655883 0.01106775 0.01735182 0.00000000 0.16151110 0.02200841 0.09264435 0.05283513 0.25190199 0.04355784 0.02686907 0.04423863 0.02885577 0.04571289 0.04372207 0.06997819 0.01238462 0.03152362 0.12824915 0.00885060 0.07875453 0.09356089 0.05487369 0.10924100 0.04443588 0.00854412 0.06713845 0.10810874 0.08287029 0.06019813 0.02047281 0.03545167 0.06129581 0.01976528 0.01077532 0.03313005 0.02271551 0.03878271 0.05023147 0.04643269 0.02755287 0.03859784 0.02801074 0.02874847 0.06391041 0.03623814 0.03299279 0.04788440 0.24646052 
ceratoscopelus_warmingii     0.16343504 0.15676858 0.17708143 0.16160121 0.16272739 0.16556979 0.18160880 0.14953431 0.15874898 0.16151110 0.00000000 0.15797341 0.21219258 0.16410550 0.28530035 0.15811758 0.15697504 0.14813981 0.15528082 0.16396741 0.16913089 0.18741811 0.16187549 0.15578250 0.24387311 0.15309467 0.20121013 0.20372501 0.17906229 0.21359063 0.17060810 0.16028868 0.14333300 0.21164392 0.18855698 0.18415051 0.15780176 0.16415518 0.17572604 0.15648294 0.15592624 0.16428488 0.16007151 0.16802660 0.16565119 0.17091765 0.15734463 0.16938650 0.15869546 0.16340477 0.18880481 0.17063977 0.16300029 0.16976960 0.34785629 
scomberoides_commersonnianus 0.03414832 0.02868837 0.12387637 0.02223335 0.03536982 0.04068168 0.05590499 0.02148829 0.01649157 0.02200841 0.15797341 0.00000000 0.09168477 0.05071381 0.25094502 0.04175637 0.02504402 0.04321110 0.02711737 0.04397571 0.04282385 0.06911302 0.02289741 0.03006576 0.12859466 0.02101522 0.07774777 0.09286887 0.05437918 0.10976202 0.04359736 0.02109325 0.06507980 0.10759866 0.08159602 0.05902121 0.01486407 0.03398969 0.06103069 0.01470763 0.02112159 0.03131747 0.02056275 0.03676654 0.04851341 0.04517348 0.02603872 0.03662414 0.02633804 0.02693589 0.06347956 0.03482187 0.03142131 0.04668401 0.24535692 
samariscus_xenicus           0.09468248 0.09065901 0.17531438 0.09182170 0.08798352 0.09842175 0.09963637 0.08785325 0.08867272 0.09264435 0.21219258 0.09168477 0.00000000 0.11203691 0.29461667 0.10368152 0.08874289 0.08306442 0.09005295 0.10597446 0.09063114 0.10881043 0.09259528 0.09303400 0.15879171 0.08918764 0.11948094 0.12830351 0.09724161 0.14029070 0.09072779 0.09241277 0.12597684 0.13760165 0.13460117 0.10198979 0.09033573 0.09570584 0.10518137 0.08894105 0.09111278 0.09534608 0.09239133 0.10060743 0.10916631 0.09206923 0.08940459 0.10023875 0.08981830 0.09802422 0.10311909 0.10475957 0.09474797 0.08842316 0.29270621 
kurtus_gulliveri             0.05581018 0.05010901 0.13251479 0.05314569 0.05728143 0.06143587 0.07756410 0.04960281 0.04815215 0.05283513 0.16410550 0.05071381 0.11203691 0.00000000 0.25772018 0.05174838 0.04741809 0.06146051 0.04804611 0.05716939 0.06393049 0.08841536 0.05339623 0.05169770 0.14649961 0.05044551 0.09919747 0.11236731 0.07553686 0.12764631 0.06477160 0.05187145 0.07373478 0.12585078 0.09119637 0.08036506 0.04932861 0.05564233 0.08111645 0.04876710 0.05110646 0.05383740 0.05174988 0.05888594 0.03617477 0.06645740 0.04770595 0.05885737 0.04890345 0.05776681 0.08358978 0.06486249 0.05320611 0.06718851 0.25359578 
gadus_morhua                 0.25424133 0.24658959 0.26049340 0.25283098 0.25251537 0.25544208 0.27006089 0.24056787 0.25080381 0.25190199 0.28530035 0.25094502 0.29461667 0.25772018 0.00000000 0.25454928 0.25021312 0.23223960 0.25115435 0.25525328 0.26246260 0.27827785 0.25341145 0.25009795 0.32691613 0.24317010 0.29125352 0.29321510 0.26772865 0.28939865 0.26205548 0.25361570 0.24012459 0.29373852 0.27946532 0.27497808 0.24987982 0.25578892 0.25984111 0.24637743 0.24649983 0.25767991 0.25349769 0.26341005 0.25677293 0.26280868 0.24785498 0.26263688 0.25305810 0.25809356 0.27973676 0.26450584 0.25371448 0.26075413 0.42653641 
scomber_scombrus             0.04647811 0.04075209 0.12520267 0.04351554 0.04853565 0.05272863 0.06807946 0.04093148 0.03845481 0.04355784 0.15811758 0.04175637 0.10368152 0.05174838 0.25454928 0.00000000 0.03794074 0.05365164 0.03906159 0.04734723 0.05484232 0.08048469 0.04395082 0.04244180 0.14113219 0.04147716 0.09075823 0.10476886 0.06655950 0.12202286 0.05618594 0.04252533 0.06660556 0.12055715 0.07755479 0.07151543 0.03985549 0.04630584 0.07400313 0.03900586 0.04174097 0.04421309 0.04197645 0.04946114 0.04917328 0.05722938 0.03812831 0.04921762 0.03938671 0.04806940 0.07547812 0.05545824 0.04367227 0.05872995 0.24475706 
toxotes_jaculatrix           0.03037086 0.02505190 0.12179441 0.02725737 0.03218911 0.03721101 0.05238015 0.02588474 0.02116946 0.02686907 0.15697504 0.02504402 0.08874289 0.04741809 0.25021312 0.03794074 0.00000000 0.04068369 0.02312132 0.04072065 0.03942282 0.06648001 0.02755156 0.02662988 0.12518663 0.02543635 0.07490655 0.09063124 0.05081112 0.10772110 0.04049966 0.02567668 0.06208582 0.10558398 0.07893043 0.05570868 0.02296381 0.03028378 0.05819454 0.02249608 0.02577846 0.02671808 0.02524298 0.03239016 0.04544770 0.04186105 0.02179949 0.03211850 0.01891315 0.03150227 0.05981483 0.03901919 0.02693182 0.04346377 0.24324459 
scophthalmus_rhombus         0.04711504 0.04219491 0.12045042 0.04427085 0.04071728 0.05138627 0.05300784 0.04341535 0.04090068 0.04423863 0.14813981 0.04321110 0.08306442 0.06146051 0.23223960 0.05365164 0.04068369 0.00000000 0.04122449 0.05477554 0.03996337 0.05921856 0.04497310 0.04366017 0.11377093 0.04324798 0.07257117 0.07910315 0.05194030 0.09155103 0.04044989 0.04385463 0.07288140 0.09026574 0.08217128 0.05705059 0.04176681 0.04762862 0.06008250 0.04151000 0.04340100 0.04621211 0.04356929 0.05031680 0.05959257 0.04214778 0.04167966 0.05007404 0.04146870 0.04761014 0.06045536 0.05503131 0.04557614 0.04502384 0.21711584 
centropomus_medius           0.03209853 0.02575383 0.11996871 0.02879061 0.03294113 0.03802084 0.05295800 0.02689647 0.02299379 0.02885577 0.15528082 0.02711737 0.09005295 0.04804611 0.25115435 0.03906159 0.02312132 0.04122449 0.00000000 0.04099932 0.04057005 0.06542493 0.02956180 0.02610397 0.12656503 0.02682018 0.07541319 0.09045047 0.05173642 0.10648405 0.04132824 0.02776724 0.06344340 0.10450117 0.07823519 0.05657523 0.02474508 0.03197456 0.05800282 0.02445367 0.02739242 0.02905958 0.02731441 0.03438087 0.04614874 0.04283967 0.02268954 0.03408369 0.02338928 0.03354590 0.06090613 0.04139794 0.02916523 0.04396599 0.24367400 
acanthurus_bahianus          0.04961001 0.04387707 0.12888134 0.04587197 0.05078202 0.05576015 0.07101686 0.04286609 0.04099993 0.04571289 0.16396741 0.04397571 0.10597446 0.05716939 0.25525328 0.04734723 0.04072065 0.05477554 0.04099932 0.00000000 0.05760910 0.08198528 0.04648936 0.04386361 0.14157241 0.04354253 0.09344827 0.10545799 0.06916532 0.12015240 0.05837508 0.04509676 0.07097466 0.11979912 0.08724818 0.07424205 0.04293962 0.04950185 0.07494542 0.04195480 0.04426684 0.04704524 0.04493594 0.05228076 0.05445874 0.05940398 0.04076824 0.05211262 0.04219313 0.05101782 0.07782001 0.05830995 0.04710605 0.06132828 0.25184773 
paralichthys_albigutta       0.04750743 0.04195511 0.13577017 0.04398364 0.03994210 0.05213725 0.05491393 0.04186788 0.03967890 0.04372207 0.16913089 0.04282385 0.09063114 0.06393049 0.26246260 0.05484232 0.03942282 0.03996337 0.04057005 0.05760910 0.00000000 0.05662783 0.04460891 0.04320208 0.12474733 0.04210085 0.07811921 0.08130480 0.05331874 0.09883697 0.00924697 0.04305864 0.07814170 0.09581688 0.09174505 0.05899782 0.04086352 0.04760843 0.06290366 0.04026044 0.04244058 0.04561969 0.04293159 0.05051113 0.06185530 0.01760782 0.03994390 0.05021166 0.04028272 0.04829315 0.06322005 0.05642198 0.04539608 0.04638382 0.25795202 
cyclopsetta_fimbriata        0.07346225 0.06703175 0.15299085 0.06926145 0.06410115 0.07694392 0.07850096 0.06624774 0.06690228 0.06997819 0.18741811 0.06911302 0.10881043 0.08841536 0.27827785 0.08048469 0.06648001 0.05921856 0.06542493 0.08198528 0.05662783 0.00000000 0.07032965 0.06759505 0.14256784 0.06694759 0.10107799 0.07090841 0.07662425 0.10500410 0.05687158 0.06908656 0.10330229 0.10236234 0.11027299 0.08258811 0.06797636 0.07251068 0.08102161 0.06679670 0.06729828 0.07259192 0.06939150 0.07686794 0.08730184 0.05874115 0.06652372 0.07683572 0.06687886 0.07366153 0.08556314 0.08141757 0.07218819 0.06917375 0.27500441 
alectis_indicus              0.03639770 0.03137884 0.12654682 0.01225964 0.03766221 0.04254099 0.05787312 0.01209579 0.01803831 0.01238462 0.16187549 0.02289741 0.09259528 0.05339623 0.25341145 0.04395082 0.02755156 0.04497310 0.02956180 0.04648936 0.04460891 0.07032965 0.00000000 0.03275394 0.12951627 0.01075819 0.07928929 0.09442351 0.05627372 0.11152701 0.04550240 0.01031850 0.06784050 0.10953590 0.08419100 0.06076940 0.02117563 0.03646496 0.06316783 0.02037622 0.01171279 0.03354814 0.02312222 0.03929395 0.05082108 0.04699303 0.02836306 0.03896999 0.02871830 0.02870743 0.06379358 0.03715051 0.03389190 0.04861728 0.25050185 
sphyraena_putnamae           0.03536429 0.01767549 0.12088054 0.03190844 0.03548245 0.04092378 0.05557697 0.02988546 0.02667033 0.03152362 0.15578250 0.03006576 0.09303400 0.05169770 0.25009795 0.04244180 0.02662988 0.04366017 0.02610397 0.04386361 0.04320208 0.06759505 0.03275394 0.00000000 0.12839303 0.03033595 0.07837758 0.09232706 0.05408548 0.10858085 0.04385242 0.03105736 0.06525819 0.10709463 0.07931218 0.05998374 0.02780003 0.03503852 0.05966138 0.02737771 0.03006329 0.03266728 0.03056731 0.03750662 0.04898953 0.04559699 0.02637162 0.03762526 0.02731799 0.03568500 0.06376582 0.04381032 0.03250194 0.04652429 0.24241797 
symphurus_plagiusa           0.13191438 0.12662159 0.20782291 0.12782470 0.12312937 0.13132662 0.13442476 0.12189002 0.12567336 0.12824915 0.24387311 0.12859466 0.15879171 0.14649961 0.32691613 0.14113219 0.12518663 0.11377093 0.12656503 0.14157241 0.12474733 0.14256784 0.12951627 0.12839303 0.00000000 0.12494474 0.15384282 0.16094565 0.13260246 0.16723841 0.12578503 0.12914468 0.16105635 0.16840422 0.16463104 0.13583646 0.12712517 0.13279512 0.13983220 0.12524824 0.12628730 0.13252404 0.12908623 0.13810441 0.14630766 0.12746842 0.12707232 0.13770178 0.12753658 0.13437435 0.12985462 0.14088726 0.12985702 0.11850521 0.33073655 
megalaspis_cordyla           0.03311148 0.02875152 0.12156862 0.00871047 0.03488770 0.04006798 0.05487569 0.00955882 0.01605620 0.00885060 0.15309467 0.02101522 0.08918764 0.05044551 0.24317010 0.04147716 0.02543635 0.04324798 0.02682018 0.04354253 0.04210085 0.06694759 0.01075819 0.03033595 0.12494474 0.00000000 0.07655444 0.08947930 0.05336468 0.10527621 0.04281421 0.00360814 0.06469256 0.10370432 0.07926828 0.05818811 0.01889408 0.03365067 0.05938692 0.01835639 0.00925026 0.03129234 0.02094791 0.03700176 0.04817761 0.04434831 0.02579900 0.03660588 0.02632675 0.02697042 0.06129298 0.03444949 0.03144593 0.04593300 0.23660643 
gymnachirus_melas            0.08240463 0.07685265 0.16488458 0.07864832 0.07498306 0.08556506 0.08491044 0.07585660 0.07437573 0.07875453 0.20121013 0.07774777 0.11948094 0.09919747 0.29125352 0.09075823 0.07490655 0.07257117 0.07541319 0.09344827 0.07811921 0.10107799 0.07928929 0.07837758 0.15384282 0.07655444 0.00000000 0.12238999 0.08282015 0.13280465 0.07848380 0.07797511 0.11319384 0.13240613 0.12441486 0.04334847 0.07622377 0.08270268 0.09525348 0.07542152 0.07715725 0.08112292 0.07826301 0.08622278 0.09663387 0.08042994 0.07529150 0.08619002 0.07577778 0.08344857 0.09384094 0.09167887 0.08059742 0.07808542 0.28695740 
etropus_cyclosquamus         0.09776838 0.09077868 0.17448918 0.09264056 0.08824572 0.09980948 0.10142346 0.08772684 0.09130623 0.09356089 0.20372501 0.09286887 0.12830351 0.11236731 0.29321510 0.10476886 0.09063124 0.07910315 0.09045047 0.10545799 0.08130480 0.07090841 0.09442351 0.09232706 0.16094565 0.08947930 0.12238999 0.00000000 0.09928033 0.11959439 0.08086515 0.09342989 0.12658752 0.11783270 0.13081985 0.10545801 0.09212133 0.09723605 0.10070646 0.09076354 0.09118729 0.09738984 0.09386891 0.10134406 0.11020566 0.08261355 0.09129301 0.10126717 0.09174339 0.09838764 0.10829679 0.10602636 0.09636487 0.09185012 0.29617100 
mancopsetta_maculata         0.05860829 0.05265080 0.14364336 0.05522592 0.05102187 0.06108982 0.00148971 0.05315531 0.05088207 0.05487369 0.17906229 0.05437918 0.09724161 0.07553686 0.26772865 0.06655950 0.05081112 0.05194030 0.05173642 0.06916532 0.05331874 0.07662425 0.05627372 0.05408548 0.13260246 0.05336468 0.08282015 0.09928033 0.00000000 0.11356196 0.05392676 0.05444974 0.08871801 0.11053857 0.10120101 0.06460668 0.05229862 0.05885717 0.07142800 0.05136129 0.05354235 0.05709900 0.05444958 0.06248803 0.07295407 0.05616057 0.05170618 0.06202276 0.05158466 0.05964380 0.07182826 0.06765966 0.05668758 0.05490516 0.26259559 
bothus_pantherinus           0.11408641 0.10681349 0.18039130 0.11008519 0.10429599 0.11370138 0.11514225 0.10473044 0.10795051 0.10924100 0.21359063 0.10976202 0.14029070 0.12764631 0.28939865 0.12202286 0.10772110 0.09155103 0.10648405 0.12015240 0.09883697 0.10500410 0.11152701 0.10858085 0.16723841 0.10527621 0.13280465 0.11959439 0.11356196 0.00000000 0.09784240 0.11008668 0.14041963 0.06717322 0.14310931 0.12111107 0.10900854 0.11493366 0.11364853 0.10746305 0.10791763 0.11405313 0.11014965 0.11775919 0.12797166 0.09897102 0.10804488 0.11698691 0.10821820 0.11448411 0.12453399 0.12227802 0.11284977 0.10882605 0.29646570 
hippoglossina_oblonga        0.04833570 0.04269220 0.13643035 0.04456776 0.04059810 0.05286616 0.05542069 0.04295003 0.04044002 0.04443588 0.17060810 0.04359736 0.09072779 0.06477160 0.26205548 0.05618594 0.04049966 0.04044989 0.04132824 0.05837508 0.00924697 0.05687158 0.04550240 0.04385242 0.12578503 0.04281421 0.07848380 0.08086515 0.05392676 0.09784240 0.00000000 0.04363446 0.07958096 0.09512597 0.09147708 0.05962615 0.04182941 0.04826134 0.06308810 0.04113898 0.04326164 0.04637309 0.04382187 0.05135369 0.06275709 0.01829975 0.04096527 0.05108147 0.04123579 0.04919222 0.06322728 0.05715179 0.04618188 0.04694419 0.25815109 
caranx_melampygus            0.03432150 0.02942783 0.12572803 0.00863891 0.03562591 0.04084414 0.05613538 0.00969937 0.01623414 0.00854412 0.16028868 0.02109325 0.09241277 0.05187145 0.25361570 0.04252533 0.02567668 0.04385463 0.02776724 0.04509676 0.04305864 0.06908656 0.01031850 0.03105736 0.12914468 0.00360814 0.07797511 0.09342989 0.05444974 0.11008668 0.04363446 0.00000000 0.06625786 0.10779483 0.08222379 0.05940147 0.01943714 0.03447246 0.06101853 0.01873342 0.00925615 0.03176306 0.02148139 0.03772049 0.04929687 0.04542176 0.02626161 0.03743068 0.02675441 0.02751021 0.06355501 0.03536040 0.03189146 0.04672981 0.24734041 
myripristis_violacea         0.07028968 0.06420140 0.10804542 0.06739257 0.07079346 0.07568856 0.09092054 0.06315933 0.06321399 0.06713845 0.14333300 0.06507980 0.12597684 0.07373478 0.24012459 0.06660556 0.06208582 0.07288140 0.06344340 0.07097466 0.07814170 0.10330229 0.06784050 0.06525819 0.16105635 0.06469256 0.11319384 0.12658752 0.08871801 0.14041963 0.07958096 0.06625786 0.00000000 0.13958377 0.10408813 0.09381703 0.06412770 0.06997654 0.09371284 0.06303865 0.06487848 0.06827221 0.06600998 0.07399630 0.07088181 0.08081583 0.06235237 0.07379541 0.06338451 0.07233654 0.09829023 0.07985562 0.06819901 0.08135762 0.26947944 
crossorhombus_kobensis       0.11238958 0.10588958 0.18466000 0.10851480 0.10237578 0.11261356 0.11227598 0.10222636 0.10580237 0.10810874 0.21164392 0.10759866 0.13760165 0.12585078 0.29373852 0.12055715 0.10558398 0.09026574 0.10450117 0.11979912 0.09581688 0.10236234 0.10953590 0.10709463 0.16840422 0.10370432 0.13240613 0.11783270 0.11053857 0.06717322 0.09512597 0.10779483 0.13958377 0.00000000 0.14145930 0.11921545 0.10750789 0.11157622 0.11196363 0.10658461 0.10592099 0.11202054 0.10856705 0.11725252 0.12573917 0.09602874 0.10570989 0.11625268 0.10662823 0.11331363 0.12242522 0.12069125 0.10980191 0.10614076 0.29437094 
pseudupeneus_maculatus       0.08539888 0.07927586 0.15369378 0.08333623 0.08546714 0.09009034 0.10309311 0.07767630 0.07927067 0.08287029 0.18855698 0.08159602 0.13460117 0.09119637 0.27946532 0.07755479 0.07893043 0.08217128 0.07823519 0.08724818 0.09174505 0.11027299 0.08419100 0.07931218 0.16463104 0.07926828 0.12441486 0.13081985 0.10120101 0.14310931 0.09147708 0.08222379 0.10408813 0.14145930 0.00000000 0.10662213 0.08065353 0.08498296 0.10183602 0.07943495 0.08031118 0.08540006 0.08274330 0.09015825 0.08956648 0.09392417 0.07912913 0.08976392 0.08045688 0.08609160 0.11101187 0.09454353 0.08476884 0.09449140 0.25895935 
trinectes_maculatus          0.06448664 0.05876194 0.14882413 0.06044392 0.05619175 0.06715609 0.06657654 0.05739752 0.05574852 0.06019813 0.18415051 0.05902121 0.10198979 0.08036506 0.27497808 0.07151543 0.05570868 0.05705059 0.05657523 0.07424205 0.05899782 0.08258811 0.06076940 0.05998374 0.13583646 0.05818811 0.04334847 0.10545801 0.06460668 0.12111107 0.05962615 0.05940147 0.09381703 0.11921545 0.10662213 0.00000000 0.05745076 0.06457879 0.07801434 0.05661202 0.05868444 0.06182852 0.05928143 0.06739317 0.07812224 0.06115907 0.05638568 0.06721975 0.05727878 0.06482015 0.07534236 0.07249577 0.06191644 0.06075406 0.27166931 
trachinotus_blochii          0.03244268 0.02669901 0.12351622 0.02048287 0.03321440 0.03884331 0.05383053 0.01976559 0.01429908 0.02047281 0.15780176 0.01486407 0.09033573 0.04932861 0.24987982 0.03985549 0.02296381 0.04176681 0.02474508 0.04293962 0.04086352 0.06797636 0.02117563 0.02780003 0.12712517 0.01889408 0.07622377 0.09212133 0.05229862 0.10900854 0.04182941 0.01943714 0.06412770 0.10750789 0.08065353 0.05745076 0.00000000 0.03257619 0.05945791 0.00255288 0.01914685 0.02883330 0.01817432 0.03449827 0.04724314 0.04302959 0.02378793 0.03439255 0.02402552 0.02429516 0.06158158 0.03257014 0.02951407 0.04487881 0.24502400 
polydactylus_sexfilis        0.00806443 0.03363016 0.12860213 0.03577735 0.03988440 0.04529807 0.06068528 0.03389458 0.03091271 0.03545167 0.16415518 0.03398969 0.09570584 0.05564233 0.25578892 0.04630584 0.03028378 0.04762862 0.03197456 0.04950185 0.04760843 0.07251068 0.03646496 0.03503852 0.13279512 0.03365067 0.08270268 0.09723605 0.05885717 0.11493366 0.04826134 0.03447246 0.06997654 0.11157622 0.08498296 0.06457879 0.03257619 0.00000000 0.06477021 0.03176996 0.03414912 0.03683550 0.03429109 0.04232338 0.05369225 0.04988350 0.03113915 0.04199549 0.03195024 0.04075835 0.06760934 0.04817375 0.03640423 0.05114909 0.24762463 
citharus_linguata            0.06527822 0.05850174 0.14648855 0.06105527 0.03481491 0.06556924 0.07328082 0.05844164 0.05840226 0.06129581 0.17572604 0.06103069 0.10518137 0.08111645 0.25984111 0.07400313 0.05819454 0.06008250 0.05800282 0.07494542 0.06290366 0.08102161 0.06316783 0.05966138 0.13983220 0.05938692 0.09525348 0.10070646 0.07142800 0.11364853 0.06308810 0.06101853 0.09371284 0.11196363 0.10183602 0.07801434 0.05945791 0.06477021 0.00000000 0.05897966 0.05945032 0.06450465 0.06131495 0.06920148 0.07933952 0.06530512 0.05849620 0.06886729 0.05843939 0.06661303 0.08281621 0.07403285 0.06320055 0.06598294 0.26288682 
trachinotus_ovatus           0.03158184 0.02616639 0.12164172 0.01971326 0.03299598 0.03812193 0.05289658 0.01913850 0.01379379 0.01976528 0.15648294 0.01470763 0.08894105 0.04876710 0.24637743 0.03900586 0.02249608 0.04151000 0.02445367 0.04195480 0.04026044 0.06679670 0.02037622 0.02737771 0.12524824 0.01835639 0.07542152 0.09076354 0.05136129 0.10746305 0.04113898 0.01873342 0.06303865 0.10658461 0.07943495 0.05661202 0.00255288 0.03176996 0.05897966 0.00000000 0.01858005 0.02829445 0.01755458 0.03386276 0.04660802 0.04222069 0.02324746 0.03378993 0.02345333 0.02416450 0.06055179 0.03176415 0.02882359 0.04418613 0.23865892 
trachurus_trachurus          0.03422353 0.02894074 0.12298369 0.01063069 0.03480773 0.04068812 0.05520729 0.00555185 0.01640645 0.01077532 0.15592624 0.02112159 0.09111278 0.05110646 0.24649983 0.04174097 0.02577846 0.04340100 0.02739242 0.04426684 0.04244058 0.06729828 0.01171279 0.03006329 0.12628730 0.00925026 0.07715725 0.09118729 0.05354235 0.10791763 0.04326164 0.00925615 0.06487848 0.10592099 0.08031118 0.05868444 0.01914685 0.03414912 0.05945032 0.01858005 0.00000000 0.03201228 0.02138996 0.03724664 0.04838627 0.04519783 0.02616900 0.03709397 0.02671625 0.02741460 0.06235531 0.03504023 0.03198896 0.04643483 0.24263533 
xiphius_gladius              0.03661379 0.03087258 0.12791109 0.03332997 0.03773821 0.04329692 0.05885364 0.03177850 0.02713090 0.03313005 0.16428488 0.03131747 0.09534608 0.05383740 0.25767991 0.04421309 0.02671808 0.04621211 0.02905958 0.04704524 0.04561969 0.07259192 0.03354814 0.03266728 0.13252404 0.03129234 0.08112292 0.09738984 0.05709900 0.11405313 0.04637309 0.03176306 0.06827221 0.11202054 0.08540006 0.06182852 0.02883330 0.03683550 0.06450465 0.02829445 0.03201228 0.00000000 0.03095670 0.03037318 0.05161125 0.04758653 0.02812986 0.03004427 0.02793063 0.03742060 0.06573707 0.04550992 0.03211564 0.04917931 0.24976687 
rachycentron_canadum         0.03421349 0.02913612 0.12519615 0.02274389 0.03557184 0.04083858 0.05599709 0.02149955 0.01688958 0.02271551 0.16007151 0.02056275 0.09239133 0.05174988 0.25349769 0.04197645 0.02524298 0.04356929 0.02731441 0.04493594 0.04293159 0.06939150 0.02312222 0.03056731 0.12908623 0.02094791 0.07826301 0.09386891 0.05444958 0.11014965 0.04382187 0.02148139 0.06600998 0.10856705 0.08274330 0.05928143 0.01817432 0.03429109 0.06131495 0.01755458 0.02138996 0.03095670 0.00000000 0.03694047 0.04905073 0.04520564 0.02619643 0.03667303 0.02625336 0.01490033 0.06335920 0.02830070 0.03178931 0.04662540 0.24751886 
tetrapturus_angustirostris   0.04211094 0.03633661 0.13297419 0.03905367 0.04326364 0.04824823 0.06424083 0.03673391 0.03332414 0.03878271 0.16802660 0.03676654 0.10060743 0.05888594 0.26341005 0.04946114 0.03239016 0.05031680 0.03438087 0.05228076 0.05051113 0.07686794 0.03929395 0.03750662 0.13810441 0.03700176 0.08622278 0.10134406 0.06248803 0.11775919 0.05135369 0.03772049 0.07399630 0.11725252 0.09015825 0.06739317 0.03449827 0.04232338 0.06920148 0.03386276 0.03724664 0.03037318 0.03694047 0.00000000 0.05678131 0.05281314 0.03356304 0.00289195 0.03391121 0.04271346 0.07134514 0.05061795 0.03752244 0.05421391 0.25688645 
apogon_lateralis             0.05352475 0.04796206 0.12938418 0.05065199 0.05525518 0.05967053 0.07491439 0.04745570 0.04591389 0.05023147 0.16565119 0.04851341 0.10916631 0.03617477 0.25677293 0.04917328 0.04544770 0.05959257 0.04614874 0.05445874 0.06185530 0.08730184 0.05082108 0.04898953 0.14630766 0.04817761 0.09663387 0.11020566 0.07295407 0.12797166 0.06275709 0.04929687 0.07088181 0.12573917 0.08956648 0.07812224 0.04724314 0.05369225 0.07933952 0.04660802 0.04838627 0.05161125 0.04905073 0.05678131 0.00000000 0.06411123 0.04547499 0.05663931 0.04665316 0.05444757 0.08159330 0.06193275 0.05146016 0.06478449 0.25251780 
hypopsetta_guttulata         0.04959957 0.04453455 0.13753956 0.04639934 0.04225447 0.05482878 0.05775635 0.04472665 0.04190794 0.04643269 0.17091765 0.04517348 0.09206923 0.06645740 0.26280868 0.05722938 0.04186105 0.04214778 0.04283967 0.05940398 0.01760782 0.05874115 0.04699303 0.04559699 0.12746842 0.04434831 0.08042994 0.08261355 0.05616057 0.09897102 0.01829975 0.04542176 0.08081583 0.09602874 0.09392417 0.06115907 0.04302959 0.04988350 0.06530512 0.04222069 0.04519783 0.04758653 0.04520564 0.05281314 0.06411123 0.00000000 0.04237215 0.05266148 0.04282121 0.05044460 0.06548451 0.05861975 0.04790528 0.04842374 0.25949151 
lates_calcarifer             0.03095624 0.02481713 0.12096811 0.02775809 0.03240954 0.03749460 0.05337656 0.02651819 0.02222947 0.02755287 0.15734463 0.02603872 0.08940459 0.04770595 0.24785498 0.03812831 0.02179949 0.04167966 0.02268954 0.04076824 0.03994390 0.06652372 0.02836306 0.02637162 0.12707232 0.02579900 0.07529150 0.09129301 0.05170618 0.10804488 0.04096527 0.02626161 0.06235237 0.10570989 0.07912913 0.05638568 0.02378793 0.03113915 0.05849620 0.02324746 0.02616900 0.02812986 0.02619643 0.03356304 0.04547499 0.04237215 0.00000000 0.03339513 0.02296288 0.03243464 0.06079950 0.04042742 0.02841581 0.04399595 0.24402194 
istiophorus_platypterus      0.04215540 0.03622143 0.13309779 0.03869273 0.04307148 0.04823291 0.06367175 0.03675740 0.03305842 0.03859784 0.16938650 0.03662414 0.10023875 0.05885737 0.26263688 0.04921762 0.03211850 0.05007404 0.03408369 0.05211262 0.05021166 0.07683572 0.03896999 0.03762526 0.13770178 0.03660588 0.08619002 0.10126717 0.06202276 0.11698691 0.05108147 0.03743068 0.07379541 0.11625268 0.08976392 0.06721975 0.03439255 0.04199549 0.06886729 0.03378993 0.03709397 0.03004427 0.03667303 0.00289195 0.05663931 0.05266148 0.03339513 0.00000000 0.03357496 0.04259430 0.07116586 0.05028887 0.03716338 0.05428938 0.25774602 
leptobrama_muelleri          0.03201136 0.02572585 0.12298174 0.02803254 0.03278383 0.03788374 0.05265094 0.02631348 0.02231073 0.02801074 0.15869546 0.02633804 0.08981830 0.04890345 0.25305810 0.03938671 0.01891315 0.04146870 0.02338928 0.04219313 0.04028272 0.06687886 0.02871830 0.02731799 0.12753658 0.02632675 0.07577778 0.09174339 0.05158466 0.10821820 0.04123579 0.02675441 0.06338451 0.10662823 0.08045688 0.05727878 0.02402552 0.03195024 0.05843939 0.02345333 0.02671625 0.02793063 0.02625336 0.03391121 0.04665316 0.04282121 0.02296288 0.03357496 0.00000000 0.03269253 0.06160127 0.04071568 0.02813816 0.04413454 0.24594059 
coryphaena_hippurus          0.04059808 0.03442668 0.12956883 0.02875592 0.04149703 0.04682841 0.06080010 0.02690424 0.02354203 0.02874847 0.16340477 0.02693589 0.09802422 0.05776681 0.25809356 0.04806940 0.03150227 0.04761014 0.03354590 0.05101782 0.04829315 0.07366153 0.02870743 0.03568500 0.13437435 0.02697042 0.08344857 0.09838764 0.05964380 0.11448411 0.04919222 0.02751021 0.07233654 0.11331363 0.08609160 0.06482015 0.02429516 0.04075835 0.06661303 0.02416450 0.02741460 0.03742060 0.01490033 0.04271346 0.05444757 0.05044460 0.03243464 0.04259430 0.03269253 0.00000000 0.06890111 0.03408920 0.03805523 0.05163936 0.25163314 
parachirus_xenicus           0.06766299 0.06197627 0.15356436 0.06381228 0.06048270 0.07173318 0.07279136 0.06137622 0.06004744 0.06391041 0.18880481 0.06347956 0.10311909 0.08358978 0.27973676 0.07547812 0.05981483 0.06045536 0.06090613 0.07782001 0.06322005 0.08556314 0.06379358 0.06376582 0.12985462 0.06129298 0.09384094 0.10829679 0.07182826 0.12453399 0.06322728 0.06355501 0.09829023 0.12242522 0.11101187 0.07534236 0.06158158 0.06760934 0.08281621 0.06055179 0.06235531 0.06573707 0.06335920 0.07134514 0.08159330 0.06548451 0.06079950 0.07116586 0.06160127 0.06890111 0.00000000 0.07625401 0.06578847 0.05579706 0.27641078 
echeneis_cf_naucratoides     0.04813765 0.04224576 0.13661962 0.03652048 0.04932764 0.05466527 0.06898062 0.03434719 0.03152449 0.03623814 0.17063977 0.03482187 0.10475957 0.06486249 0.26450584 0.05545824 0.03901919 0.05503131 0.04139794 0.05830995 0.05642198 0.08141757 0.03715051 0.04381032 0.14088726 0.03444949 0.09167887 0.10602636 0.06765966 0.12227802 0.05715179 0.03536040 0.07985562 0.12069125 0.09454353 0.07249577 0.03257014 0.04817375 0.07403285 0.03176415 0.03504023 0.04550992 0.02830070 0.05061795 0.06193275 0.05861975 0.04042742 0.05028887 0.04071568 0.03408920 0.07625401 0.00000000 0.04613559 0.05979621 0.25867109 
mene_maculatus               0.03643067 0.03076989 0.12789981 0.03328867 0.03808387 0.04291145 0.05823144 0.03167936 0.02745802 0.03299279 0.16300029 0.03142131 0.09474797 0.05320611 0.25371448 0.04367227 0.02693182 0.04557614 0.02916523 0.04710605 0.04539608 0.07218819 0.03389190 0.03250194 0.12985702 0.03144593 0.08059742 0.09636487 0.05668758 0.11284977 0.04618188 0.03189146 0.06819901 0.10980191 0.08476884 0.06191644 0.02951407 0.03640423 0.06320055 0.02882359 0.03198896 0.03211564 0.03178931 0.03752244 0.05146016 0.04790528 0.02841581 0.03716338 0.02813816 0.03805523 0.06578847 0.04613559 0.00000000 0.04959579 0.24929821 
poecilopsetta_plinthus       0.05110816 0.04509927 0.13691935 0.04801440 0.04382020 0.05504577 0.05640408 0.04566725 0.04347600 0.04788440 0.16976960 0.04668401 0.08842316 0.06718851 0.26075413 0.05872995 0.04346377 0.04502384 0.04396599 0.06132828 0.04638382 0.06917375 0.04861728 0.04652429 0.11850521 0.04593300 0.07808542 0.09185012 0.05490516 0.10882605 0.04694419 0.04672981 0.08135762 0.10614076 0.09449140 0.06075406 0.04487881 0.05114909 0.06598294 0.04418613 0.04643483 0.04917931 0.04662540 0.05421391 0.06478449 0.04842374 0.04399595 0.05428938 0.04413454 0.05163936 0.05579706 0.05979621 0.04959579 0.00000000 0.25569428 
syngnathus_fuscus            0.25099709 0.23964023 0.30636811 0.24638292 0.24998851 0.24799548 0.26695279 0.22732139 0.24506129 0.24646052 0.34785629 0.24535692 0.29270621 0.25359578 0.42653641 0.24475706 0.24324459 0.21711584 0.24367400 0.25184773 0.25795202 0.27500441 0.25050185 0.24241797 0.33073655 0.23660643 0.28695740 0.29617100 0.26259559 0.29646570 0.25815109 0.24734041 0.26947944 0.29437094 0.25895935 0.27166931 0.24502400 0.24762463 0.26288682 0.23865892 0.24263533 0.24976687 0.24751886 0.25688645 0.25251780 0.25949151 0.24402194 0.25774602 0.24594059 0.25163314 0.27641078 0.25867109 0.24929821 0.25569428 0.00000000 
