10
anolis_carolinensis        0.00000000 0.12457714 0.08424553 0.09043586 0.08753219 0.07582737 0.07244267 0.07710423 0.07003013 0.06121473 
homo_sapiens               0.12457714 0.00000000 0.16365201 0.09551223 0.09237897 0.07950620 0.07765820 0.08145557 0.07602281 0.07151509 
pantherophis_guttata       0.08424553 0.16365201 0.00000000 0.12729692 0.12424143 0.11049367 0.10670753 0.11174788 0.10179970 0.09285499 
zebra_finch                0.09043586 0.09551223 0.12729692 0.00000000 0.03113331 0.03915845 0.03785803 0.04379173 0.04330463 0.04159127 
gallus_gallus              0.08753219 0.09237897 0.12424143 0.03113331 0.00000000 0.03630163 0.03515446 0.04071232 0.04032445 0.03896914 
alligator_mississippiensis 0.07582737 0.07950620 0.11049367 0.03915845 0.03630163 0.00000000 0.00509450 0.02759250 0.02967218 0.02943075 
crocodylus_porosus         0.07244267 0.07765820 0.10670753 0.03785803 0.03515446 0.00509450 0.00000000 0.02676268 0.02968322 0.02919480 
chrysemys_picta            0.07710423 0.08145557 0.11174788 0.04379173 0.04071232 0.02759250 0.02676268 0.00000000 0.01988867 0.03097961 
pelomedusa_subrufa         0.07003013 0.07602281 0.10179970 0.04330463 0.04032445 0.02967218 0.02968322 0.01988867 0.00000000 0.03447517 
sphenodon_tuatara          0.06121473 0.07151509 0.09285499 0.04159127 0.03896914 0.02943075 0.02919480 0.03097961 0.03447517 0.00000000 
