18
cyrtonyx_montezumae       0.00000000 0.02098393 0.02411271 0.02391240 0.02302540 0.02431214 0.02279141 0.02360831 0.02327932 0.02288408 0.02577146 0.02320522 0.02473776 0.02200862 0.02393383 0.02056840 0.02091557 0.02262694 
alectoris_rufa            0.02098393 0.00000000 0.01363485 0.01346335 0.01296118 0.01289761 0.01226437 0.01338463 0.01303303 0.01303076 0.01492099 0.01224040 0.01432276 0.01274629 0.01631399 0.01188478 0.01234818 0.01272910 
catreus_wallichi          0.02411271 0.01363485 0.00000000 0.00446469 0.00360788 0.01547199 0.00853921 0.00392749 0.00354505 0.00392498 0.01039951 0.01454756 0.00899222 0.00423600 0.01833487 0.00426423 0.00432146 0.00938717 
chrysolophus_pictus       0.02391240 0.01346335 0.00446469 0.00000000 0.00402041 0.01519256 0.00828034 0.00416192 0.00369578 0.00405056 0.01015449 0.01424210 0.00891646 0.00399950 0.01807316 0.00398305 0.00416638 0.00904470 
crossoptilon_crossoptilon 0.02302540 0.01296118 0.00360788 0.00402041 0.00000000 0.01480828 0.00801581 0.00352619 0.00312606 0.00345008 0.00993653 0.01383872 0.00853574 0.00372665 0.01760821 0.00388065 0.00398339 0.00885155 
galgal4                   0.02431214 0.01289761 0.01547199 0.01519256 0.01480828 0.00000000 0.01379449 0.01507752 0.01456322 0.01470449 0.01695150 0.01355261 0.01636406 0.01419534 0.01777748 0.01304633 0.01335339 0.01432218 
lophophorus_impejanus     0.02279141 0.01226437 0.00853921 0.00828034 0.00801581 0.01379449 0.00000000 0.00819464 0.00777011 0.00803055 0.00969055 0.01287429 0.00968590 0.00770411 0.01689524 0.00722012 0.00740330 0.00739260 
lophura_inornata          0.02360831 0.01338463 0.00392749 0.00416192 0.00352619 0.01507752 0.00819464 0.00000000 0.00247238 0.00313785 0.01002961 0.01399384 0.00871473 0.00381871 0.01790026 0.00385602 0.00401066 0.00897190 
lophura_nycthemera        0.02327932 0.01303303 0.00354505 0.00369578 0.00312606 0.01456322 0.00777011 0.00247238 0.00000000 0.00263245 0.00963084 0.01367794 0.00832430 0.00342831 0.01743116 0.00351548 0.00349060 0.00850014 
lophura_swinhoii          0.02288408 0.01303076 0.00392498 0.00405056 0.00345008 0.01470449 0.00803055 0.00313785 0.00263245 0.00000000 0.00992428 0.01381457 0.00866596 0.00371931 0.01748934 0.00391500 0.00398104 0.00875493 
melgal2                   0.02577146 0.01492099 0.01039951 0.01015449 0.00993653 0.01695150 0.00969055 0.01002961 0.00963084 0.00992428 0.00000000 0.01576883 0.01156455 0.00953645 0.01944464 0.00887679 0.00918116 0.01042410 
pavo_cristatus            0.02320522 0.01224040 0.01454756 0.01424210 0.01383872 0.01355261 0.01287429 0.01399384 0.01367794 0.01381457 0.01576883 0.00000000 0.01546089 0.01344270 0.01722228 0.01236330 0.01268486 0.01349946 
perdix                    0.02473776 0.01432276 0.00899222 0.00891646 0.00853574 0.01636406 0.00968590 0.00871473 0.00832430 0.00866596 0.01156455 0.01546089 0.00000000 0.00823945 0.01900836 0.00770324 0.00803788 0.01036288 
phasianus_colchicus       0.02200862 0.01274629 0.00423600 0.00399950 0.00372665 0.01419534 0.00770411 0.00381871 0.00342831 0.00371931 0.00953645 0.01344270 0.00823945 0.00000000 0.01672722 0.00370370 0.00372564 0.00841365 
rollulus_rouloul          0.02393383 0.01631399 0.01833487 0.01807316 0.01760821 0.01777748 0.01689524 0.01790026 0.01743116 0.01748934 0.01944464 0.01722228 0.01900836 0.01672722 0.00000000 0.01550952 0.01629076 0.01723546 
syrmaticus_ellioti        0.02056840 0.01188478 0.00426423 0.00398305 0.00388065 0.01304633 0.00722012 0.00385602 0.00351548 0.00391500 0.00887679 0.01236330 0.00770324 0.00370370 0.01550952 0.00000000 0.00317047 0.00814803 
syrmaticus_reevesii       0.02091557 0.01234818 0.00432146 0.00416638 0.00398339 0.01335339 0.00740330 0.00401066 0.00349060 0.00398104 0.00918116 0.01268486 0.00803788 0.00372564 0.01629076 0.00317047 0.00000000 0.00833754 
tragopan_blythii          0.02262694 0.01272910 0.00938717 0.00904470 0.00885155 0.01432218 0.00739260 0.00897190 0.00850014 0.00875493 0.01042410 0.01349946 0.01036288 0.00841365 0.01723546 0.00814803 0.00833754 0.00000000 
