50
Aphaenogaster_occidentalis_EX818  0.0000000 0.1586921 0.1254056 0.1403702 0.1406188 0.1242252 0.1214423 0.1229956 0.1219335 0.2072482 0.1534834 0.2095897 0.1260441 0.1222165 0.1258184 0.1303469 0.1283326 0.1282864 0.1249616 0.1224955 0.1280126 0.1232438 0.1272035 0.1202330 0.1247194 0.1215950 0.1225741 0.1346808 0.1193933 0.1194261 0.1186524 0.1331793 0.1207238 0.1327960 0.1398205 0.1261198 0.1218109 0.1201141 0.1194912 0.1280346 0.1302746 0.1276400 0.1280597 0.1242878 0.1411135 0.1278327 0.1233428 0.1227603 0.1272165 0.1480711 
Crematogaster_nigropilosa_EX831   0.1586921 0.0000000 0.1315775 0.1446578 0.1453218 0.1314453 0.1283635 0.1301359 0.1293166 0.2457160 0.2051521 0.2499247 0.1328901 0.1298519 0.1318087 0.1376303 0.1355617 0.1359963 0.1317672 0.1299113 0.1345377 0.1297630 0.1338806 0.1274404 0.1320936 0.1281580 0.1298351 0.1405546 0.1264302 0.1263197 0.1258680 0.1399485 0.1279445 0.1394723 0.1462652 0.1336547 0.1289783 0.1273634 0.1267635 0.1346876 0.1370151 0.1345713 0.1353691 0.1308311 0.1483166 0.1335533 0.1309746 0.1302094 0.1335013 0.1544898 
Formicoxenus_diversipilosus_D1000 0.1254056 0.1315775 0.0000000 0.0937262 0.0945033 0.0126996 0.0088540 0.0092574 0.0084797 0.2141285 0.1706258 0.2267819 0.0745653 0.0710951 0.0738755 0.0779077 0.0762021 0.0762614 0.0732454 0.0704452 0.0769553 0.0716886 0.0755824 0.0680410 0.0732551 0.0691847 0.0708446 0.0833571 0.0677715 0.0678535 0.0670636 0.0812558 0.0679320 0.0827199 0.0886689 0.0747333 0.0704449 0.0682053 0.0679634 0.0766779 0.0786264 0.0757288 0.0769589 0.0726126 0.0909728 0.0756488 0.0722362 0.0711785 0.0754355 0.1033138 
Gauromyrmex_my01_P081             0.1403702 0.1446578 0.0937262 0.0000000 0.0040765 0.0927722 0.0901035 0.0913191 0.0908644 0.2278012 0.1866503 0.2326728 0.0956899 0.0919969 0.0947345 0.0998556 0.0981668 0.0978441 0.0941306 0.0924082 0.0979572 0.0924488 0.0966635 0.0899673 0.0946416 0.0910384 0.0920878 0.1038342 0.0891618 0.0890094 0.0885496 0.1027267 0.0905949 0.1028481 0.1085419 0.0960766 0.0916054 0.0900181 0.0893056 0.0975248 0.0996993 0.0968108 0.0976497 0.0935668 0.1108778 0.0966882 0.0933601 0.0928357 0.0968448 0.1194538 
Gauromyrmex_bengakalisi_EX812     0.1406188 0.1453218 0.0945033 0.0040765 0.0000000 0.0931938 0.0907185 0.0919406 0.0912089 0.2281774 0.1872275 0.2330499 0.0961334 0.0922338 0.0949904 0.1001661 0.0984984 0.0980931 0.0943044 0.0927742 0.0980308 0.0928339 0.0968566 0.0902179 0.0949242 0.0914599 0.0925419 0.1041085 0.0894209 0.0893758 0.0888552 0.1029280 0.0907475 0.1030934 0.1092625 0.0964162 0.0919921 0.0903539 0.0897565 0.0980228 0.1000164 0.0974663 0.0980313 0.0937661 0.1112485 0.0971296 0.0937434 0.0929653 0.0970603 0.1196015 
Harpagoxenus_sublaevis_D1116      0.1242252 0.1314453 0.0126996 0.0927722 0.0931938 0.0000000 0.0107085 0.0108391 0.0107276 0.2157669 0.1704698 0.2257064 0.0732171 0.0699574 0.0726872 0.0772279 0.0753878 0.0751975 0.0723047 0.0694453 0.0758639 0.0703945 0.0742735 0.0670630 0.0723519 0.0681363 0.0697141 0.0822736 0.0670164 0.0665852 0.0660757 0.0807501 0.0674727 0.0813735 0.0877338 0.0734674 0.0692157 0.0671110 0.0666395 0.0756174 0.0777854 0.0748659 0.0758640 0.0715299 0.0898647 0.0747482 0.0710300 0.0700672 0.0748964 0.1022398 
Leptothorax_calderoni_P070        0.1214423 0.1283635 0.0088540 0.0901035 0.0907185 0.0107085 0.0000000 0.0068283 0.0066971 0.2109710 0.1666425 0.2213343 0.0712557 0.0675134 0.0702961 0.0752478 0.0732180 0.0729710 0.0699892 0.0673231 0.0734076 0.0683662 0.0722442 0.0647893 0.0699449 0.0659973 0.0674664 0.0799120 0.0649206 0.0645040 0.0637760 0.0780631 0.0652243 0.0792963 0.0850066 0.0715391 0.0669146 0.0652019 0.0645371 0.0732303 0.0754413 0.0726155 0.0735561 0.0693349 0.0875576 0.0723604 0.0690383 0.0678534 0.0723085 0.0998865 
Leptothorax_gredleri_P089         0.1229956 0.1301359 0.0092574 0.0913191 0.0919406 0.0108391 0.0068283 0.0000000 0.0070392 0.2130986 0.1684131 0.2239795 0.0719668 0.0685162 0.0711343 0.0759490 0.0736968 0.0736246 0.0707221 0.0678336 0.0744580 0.0692711 0.0730644 0.0656211 0.0710641 0.0668409 0.0681744 0.0809945 0.0655450 0.0651993 0.0645983 0.0789767 0.0657903 0.0799179 0.0862870 0.0719938 0.0678195 0.0659224 0.0652624 0.0742757 0.0762994 0.0734041 0.0743007 0.0700957 0.0883868 0.0734477 0.0695920 0.0685466 0.0733374 0.1010846 
Leptothorax_muscorum_EX816        0.1219335 0.1293166 0.0084797 0.0908644 0.0912089 0.0107276 0.0066971 0.0070392 0.0000000 0.2126997 0.1679167 0.2235041 0.0715391 0.0679993 0.0709343 0.0758909 0.0733682 0.0731449 0.0704225 0.0676286 0.0739419 0.0685955 0.0727174 0.0652626 0.0704262 0.0662276 0.0676554 0.0807162 0.0651103 0.0644536 0.0641308 0.0789606 0.0654245 0.0796743 0.0857629 0.0718453 0.0674093 0.0653977 0.0648852 0.0736663 0.0759153 0.0732319 0.0739739 0.0697500 0.0880470 0.0729481 0.0693005 0.0682219 0.0727389 0.1008307 
Monomorium_pharaonis_EX804        0.2072482 0.2457160 0.2141285 0.2278012 0.2281774 0.2157669 0.2109710 0.2130986 0.2126997 0.0000000 0.2561295 0.2987150 0.2156655 0.2112705 0.2143067 0.2192003 0.2182364 0.2183708 0.2147383 0.2116420 0.2162217 0.2131462 0.2144584 0.2101381 0.2140612 0.2118312 0.2119571 0.2234440 0.2084492 0.2093914 0.2077389 0.2201586 0.2094886 0.2222457 0.2276400 0.2163306 0.2125180 0.2088439 0.2098417 0.2179743 0.2198562 0.2176615 0.2172706 0.2131122 0.2298120 0.2154579 0.2137768 0.2127620 0.2146526 0.2370373 
Myrmica_incompleta_EX808          0.1534834 0.2051521 0.1706258 0.1866503 0.1872275 0.1704698 0.1666425 0.1684131 0.1679167 0.2561295 0.0000000 0.2232878 0.1700519 0.1670296 0.1700759 0.1755720 0.1732646 0.1737978 0.1701260 0.1672552 0.1731116 0.1678886 0.1713282 0.1655936 0.1700030 0.1661313 0.1676327 0.1788971 0.1638775 0.1637945 0.1630150 0.1781960 0.1656831 0.1777759 0.1848701 0.1713026 0.1674001 0.1647169 0.1639519 0.1733457 0.1752449 0.1723778 0.1731494 0.1686423 0.1858542 0.1718546 0.1683812 0.1680362 0.1707727 0.1951048 
Pogonomyrmex_occidentalis_EX810   0.2095897 0.2499247 0.2267819 0.2326728 0.2330499 0.2257064 0.2213343 0.2239795 0.2235041 0.2987150 0.2232878 0.0000000 0.2249570 0.2219669 0.2242944 0.2307268 0.2287050 0.2288436 0.2242140 0.2239994 0.2253004 0.2227234 0.2247686 0.2210479 0.2242950 0.2217616 0.2226900 0.2333035 0.2187549 0.2197248 0.2188566 0.2324800 0.2216692 0.2296332 0.2367046 0.2260294 0.2214810 0.2196204 0.2194591 0.2264723 0.2293247 0.2263705 0.2272427 0.2234980 0.2387680 0.2255333 0.2231949 0.2230275 0.2251760 0.2414029 
Temnothorax_fuscatus_cf_P052      0.1260441 0.1328901 0.0745653 0.0956899 0.0961334 0.0732171 0.0712557 0.0719668 0.0715391 0.2156655 0.1700519 0.2249570 0.0000000 0.0189819 0.0322131 0.0360248 0.0329169 0.0330320 0.0303015 0.0278185 0.0354459 0.0284665 0.0332896 0.0250068 0.0320245 0.0258168 0.0275729 0.0402956 0.0271661 0.0266051 0.0240653 0.0379918 0.0250690 0.0296585 0.0339719 0.0325202 0.0271661 0.0264939 0.0267713 0.0223293 0.0355675 0.0333732 0.0341918 0.0309645 0.0374828 0.0349139 0.0292309 0.0282211 0.0326921 0.1045228 
Temnothorax_mmp07_P003            0.1222165 0.1298519 0.0710951 0.0919969 0.0922338 0.0699574 0.0675134 0.0685162 0.0679993 0.2112705 0.1670296 0.2219669 0.0189819 0.0000000 0.0285600 0.0326884 0.0293732 0.0297341 0.0268704 0.0243307 0.0318715 0.0251359 0.0301540 0.0214532 0.0286601 0.0223852 0.0242169 0.0369159 0.0237122 0.0229931 0.0206502 0.0344919 0.0217114 0.0269635 0.0336245 0.0293161 0.0234673 0.0229088 0.0233413 0.0210900 0.0321171 0.0302360 0.0305206 0.0273750 0.0364623 0.0315017 0.0257149 0.0249798 0.0293101 0.1009811 
Temnothorax_mmp11_P054            0.1258184 0.1318087 0.0738755 0.0947345 0.0949904 0.0726872 0.0702961 0.0711343 0.0709343 0.2143067 0.1700759 0.2242944 0.0322131 0.0285600 0.0000000 0.0351246 0.0337883 0.0338743 0.0309350 0.0275692 0.0354722 0.0292850 0.0335391 0.0258207 0.0307936 0.0265723 0.0284921 0.0412995 0.0267698 0.0261801 0.0247818 0.0392495 0.0260754 0.0402173 0.0464904 0.0316864 0.0279805 0.0262361 0.0257228 0.0343877 0.0363896 0.0333876 0.0347862 0.0087352 0.0488720 0.0337822 0.0300689 0.0293228 0.0333941 0.1035806 
Temnothorax_allardycei_P101       0.1303469 0.1376303 0.0779077 0.0998556 0.1001661 0.0772279 0.0752478 0.0759490 0.0758909 0.2192003 0.1755720 0.2307268 0.0360248 0.0326884 0.0351246 0.0000000 0.0378912 0.0381094 0.0348859 0.0316812 0.0394401 0.0333762 0.0375959 0.0294194 0.0350880 0.0303354 0.0326621 0.0453637 0.0306402 0.0303764 0.0285769 0.0430151 0.0297985 0.0443672 0.0504542 0.0270400 0.0314642 0.0301553 0.0300729 0.0383528 0.0406129 0.0373541 0.0385438 0.0342767 0.0529929 0.0381926 0.0339731 0.0330537 0.0376545 0.1081887 
Temnothorax_americanus_P032       0.1283326 0.1355617 0.0762021 0.0981668 0.0984984 0.0753878 0.0732180 0.0736968 0.0733682 0.2182364 0.1732646 0.2287050 0.0329169 0.0293732 0.0337883 0.0378912 0.0000000 0.0269777 0.0295737 0.0292603 0.0370603 0.0277176 0.0353727 0.0240971 0.0336790 0.0243744 0.0205210 0.0395718 0.0289539 0.0280460 0.0228798 0.0398953 0.0215274 0.0415500 0.0475093 0.0342583 0.0261283 0.0276957 0.0285082 0.0350959 0.0352998 0.0351224 0.0325278 0.0326418 0.0497543 0.0364142 0.0278416 0.0270620 0.0344410 0.1071703 
Temnothorax_bernardi_P013         0.1282864 0.1359963 0.0762614 0.0978441 0.0980931 0.0751975 0.0729710 0.0736246 0.0731449 0.2183708 0.1737978 0.2288436 0.0330320 0.0297341 0.0338743 0.0381094 0.0269777 0.0000000 0.0292198 0.0291582 0.0370541 0.0277724 0.0352259 0.0241472 0.0339405 0.0244202 0.0214766 0.0396389 0.0287795 0.0283276 0.0227663 0.0402991 0.0216878 0.0413109 0.0476579 0.0345522 0.0258676 0.0279347 0.0286574 0.0352369 0.0350710 0.0351961 0.0328437 0.0328782 0.0505529 0.0363508 0.0280132 0.0271847 0.0345035 0.1065312 
Temnothorax_cagnianti_P042        0.1249616 0.1317672 0.0732454 0.0941306 0.0943044 0.0723047 0.0699892 0.0707221 0.0704225 0.2147383 0.1701260 0.2242140 0.0303015 0.0268704 0.0309350 0.0348859 0.0295737 0.0292198 0.0000000 0.0264015 0.0341003 0.0193722 0.0321783 0.0169171 0.0308192 0.0216435 0.0238681 0.0311544 0.0256713 0.0252098 0.0185039 0.0371694 0.0211404 0.0383536 0.0446257 0.0318032 0.0184990 0.0249879 0.0254809 0.0322887 0.0265814 0.0321206 0.0296979 0.0297026 0.0474420 0.0333943 0.0241309 0.0230438 0.0314266 0.1031595 
Temnothorax_clypeatus_P105        0.1224955 0.1299113 0.0704452 0.0924082 0.0927742 0.0694453 0.0673231 0.0678336 0.0676286 0.2116420 0.1672552 0.2239994 0.0278185 0.0243307 0.0275692 0.0316812 0.0292603 0.0291582 0.0264015 0.0000000 0.0313585 0.0247777 0.0293522 0.0211406 0.0277397 0.0217445 0.0238034 0.0367395 0.0224960 0.0218856 0.0201578 0.0347216 0.0212486 0.0365433 0.0422247 0.0283388 0.0232055 0.0175816 0.0221578 0.0300482 0.0321485 0.0295142 0.0303421 0.0265930 0.0447208 0.0304142 0.0256266 0.0244605 0.0293727 0.1008772 
Temnothorax_cristinae_P115        0.1280126 0.1345377 0.0769553 0.0979572 0.0980308 0.0758639 0.0734076 0.0744580 0.0739419 0.2162217 0.1731116 0.2253004 0.0354459 0.0318715 0.0354722 0.0394401 0.0370603 0.0370541 0.0341003 0.0313585 0.0000000 0.0325279 0.0263551 0.0289736 0.0353031 0.0298639 0.0316641 0.0441292 0.0304192 0.0299669 0.0281383 0.0419633 0.0291421 0.0434905 0.0492492 0.0360739 0.0308948 0.0294413 0.0301179 0.0374424 0.0394607 0.0289698 0.0379561 0.0341251 0.0519685 0.0375801 0.0332547 0.0322074 0.0368557 0.1069080 
Temnothorax_flavicornis_P121      0.1232438 0.1297630 0.0716886 0.0924488 0.0928339 0.0703945 0.0683662 0.0692711 0.0685955 0.2131462 0.1678886 0.2227234 0.0284665 0.0251359 0.0292850 0.0333762 0.0277176 0.0277724 0.0193722 0.0247777 0.0325279 0.0000000 0.0307031 0.0153059 0.0291045 0.0197915 0.0222845 0.0264170 0.0239805 0.0237205 0.0169837 0.0357813 0.0194977 0.0371698 0.0430110 0.0300034 0.0171265 0.0232765 0.0239476 0.0306742 0.0217982 0.0305721 0.0283112 0.0280529 0.0457917 0.0317490 0.0223026 0.0215381 0.0299485 0.1018724 
Temnothorax_flavispinus_cf_P112   0.1272035 0.1338806 0.0755824 0.0966635 0.0968566 0.0742735 0.0722442 0.0730644 0.0727174 0.2144584 0.1713282 0.2247686 0.0332896 0.0301540 0.0335391 0.0375959 0.0353727 0.0352259 0.0321783 0.0293522 0.0263551 0.0307031 0.0000000 0.0271633 0.0336968 0.0281767 0.0298451 0.0422652 0.0288060 0.0281622 0.0263537 0.0403459 0.0273850 0.0417794 0.0476162 0.0343562 0.0292636 0.0280703 0.0282841 0.0357468 0.0379489 0.0273954 0.0361852 0.0322560 0.0504287 0.0360316 0.0316528 0.0307386 0.0350298 0.1057185 
Temnothorax_gredosi_P097          0.1202330 0.1274404 0.0680410 0.0899673 0.0902179 0.0670630 0.0647893 0.0656211 0.0652626 0.2101381 0.1655936 0.2210479 0.0250068 0.0214532 0.0258207 0.0294194 0.0240971 0.0241472 0.0169171 0.0211406 0.0289736 0.0153059 0.0271633 0.0000000 0.0253458 0.0161209 0.0185659 0.0273126 0.0206291 0.0200020 0.0134110 0.0320262 0.0158049 0.0335165 0.0394983 0.0265030 0.0136263 0.0196227 0.0203287 0.0269803 0.0227005 0.0269156 0.0249149 0.0246770 0.0425226 0.0282871 0.0188242 0.0178378 0.0265008 0.0987670 
Temnothorax_gundlachi_P099        0.1247194 0.1320936 0.0732551 0.0946416 0.0949242 0.0723519 0.0699449 0.0710641 0.0704262 0.2140612 0.1700030 0.2242950 0.0320245 0.0286601 0.0307936 0.0350880 0.0336790 0.0339405 0.0308192 0.0277397 0.0353031 0.0291045 0.0336968 0.0253458 0.0000000 0.0265337 0.0283573 0.0408283 0.0262966 0.0259745 0.0247675 0.0394705 0.0258718 0.0400748 0.0462940 0.0318434 0.0278198 0.0260658 0.0253114 0.0341332 0.0362594 0.0334975 0.0348896 0.0295118 0.0489406 0.0331629 0.0300996 0.0292005 0.0337690 0.1030556 
Temnothorax_kubira_P056           0.1215950 0.1281580 0.0691847 0.0910384 0.0914599 0.0681363 0.0659973 0.0668409 0.0662276 0.2118312 0.1661313 0.2217616 0.0258168 0.0223852 0.0265723 0.0303354 0.0243744 0.0244202 0.0216435 0.0217445 0.0298639 0.0197915 0.0281767 0.0161209 0.0265337 0.0000000 0.0190676 0.0320234 0.0215037 0.0207992 0.0145839 0.0326015 0.0163349 0.0341226 0.0403690 0.0272228 0.0182546 0.0203565 0.0211493 0.0279312 0.0273288 0.0281757 0.0242008 0.0254412 0.0430444 0.0291294 0.0203044 0.0192652 0.0273911 0.0996315 
Temnothorax_longispinosus_P039    0.1225741 0.1298351 0.0708446 0.0920878 0.0925419 0.0697141 0.0674664 0.0681744 0.0676554 0.2119571 0.1676327 0.2226900 0.0275729 0.0242169 0.0284921 0.0326621 0.0205210 0.0214766 0.0238681 0.0238034 0.0316641 0.0222845 0.0298451 0.0185659 0.0283573 0.0190676 0.0000000 0.0341739 0.0232817 0.0227542 0.0173833 0.0344152 0.0162147 0.0358120 0.0420275 0.0290638 0.0208944 0.0223245 0.0230500 0.0297529 0.0296182 0.0299235 0.0272534 0.0273646 0.0446044 0.0308853 0.0225416 0.0216427 0.0289539 0.1013384 
Temnothorax_muellerianus_P104     0.1346808 0.1405546 0.0833571 0.1038342 0.1041085 0.0822736 0.0799120 0.0809945 0.0807162 0.2234440 0.1788971 0.2333035 0.0402956 0.0369159 0.0412995 0.0453637 0.0395718 0.0396389 0.0311544 0.0367395 0.0441292 0.0264170 0.0422652 0.0273126 0.0408283 0.0320234 0.0341739 0.0000000 0.0362121 0.0355604 0.0290318 0.0472823 0.0313912 0.0483698 0.0538854 0.0416675 0.0287414 0.0351676 0.0360088 0.0422661 0.0272269 0.0420980 0.0401047 0.0401091 0.0570345 0.0431662 0.0341484 0.0332090 0.0415808 0.1130331 
Temnothorax_nevadensis_P016       0.1193933 0.1264302 0.0677715 0.0891618 0.0894209 0.0670164 0.0649206 0.0655450 0.0651103 0.2084492 0.1638775 0.2187549 0.0271661 0.0237122 0.0267698 0.0306402 0.0289539 0.0287795 0.0256713 0.0224960 0.0304192 0.0239805 0.0288060 0.0206291 0.0262966 0.0215037 0.0232817 0.0362121 0.0000000 0.0181833 0.0197116 0.0343823 0.0206774 0.0352998 0.0414355 0.0275224 0.0227110 0.0209628 0.0211308 0.0292933 0.0312958 0.0287376 0.0298887 0.0256504 0.0445596 0.0290873 0.0248292 0.0242100 0.0287679 0.0974150 
Temnothorax_nitens_P017           0.1194261 0.1263197 0.0678535 0.0890094 0.0893758 0.0665852 0.0645040 0.0651993 0.0644536 0.2093914 0.1637945 0.2197248 0.0266051 0.0229931 0.0261801 0.0303764 0.0280460 0.0283276 0.0252098 0.0218856 0.0299669 0.0237205 0.0281622 0.0200020 0.0259745 0.0207992 0.0227542 0.0355604 0.0181833 0.0000000 0.0189289 0.0337415 0.0200244 0.0348035 0.0408800 0.0268436 0.0222464 0.0202277 0.0203872 0.0288375 0.0309326 0.0281462 0.0292749 0.0249794 0.0437809 0.0281145 0.0245889 0.0235827 0.0283184 0.0980328 
Temnothorax_nylanderi_P025        0.1186524 0.1258680 0.0670636 0.0885496 0.0888552 0.0660757 0.0637760 0.0645983 0.0641308 0.2077389 0.1630150 0.2188566 0.0240653 0.0206502 0.0247818 0.0285769 0.0228798 0.0227663 0.0185039 0.0201578 0.0281383 0.0169837 0.0263537 0.0134110 0.0247675 0.0145839 0.0173833 0.0290318 0.0197116 0.0189289 0.0000000 0.0307830 0.0145985 0.0323744 0.0385612 0.0254083 0.0155674 0.0185143 0.0194184 0.0262081 0.0242776 0.0261558 0.0233616 0.0236397 0.0410777 0.0273549 0.0166980 0.0158564 0.0253964 0.0974789 
Temnothorax_obturator_P111        0.1331793 0.1399485 0.0812558 0.1027267 0.1029280 0.0807501 0.0780631 0.0789767 0.0789606 0.2201586 0.1781960 0.2324800 0.0379918 0.0344919 0.0392495 0.0430151 0.0398953 0.0402991 0.0371694 0.0347216 0.0419633 0.0357813 0.0403459 0.0320262 0.0394705 0.0326015 0.0344152 0.0472823 0.0343823 0.0337415 0.0307830 0.0000000 0.0319939 0.0464957 0.0518789 0.0398638 0.0339066 0.0334335 0.0338654 0.0402347 0.0425863 0.0402884 0.0403704 0.0380127 0.0549944 0.0417344 0.0362508 0.0356145 0.0303758 0.1118854 
Temnothorax_oxianus_P094          0.1207238 0.1279445 0.0679320 0.0905949 0.0907475 0.0674727 0.0652243 0.0657903 0.0654245 0.2094886 0.1656831 0.2216692 0.0250690 0.0217114 0.0260754 0.0297985 0.0215274 0.0216878 0.0211404 0.0212486 0.0291421 0.0194977 0.0273850 0.0158049 0.0258718 0.0163349 0.0162147 0.0313912 0.0206774 0.0200244 0.0145985 0.0319939 0.0000000 0.0337241 0.0394358 0.0264558 0.0180954 0.0199238 0.0204262 0.0272384 0.0267500 0.0272803 0.0250395 0.0248812 0.0425476 0.0283762 0.0202369 0.0191985 0.0263169 0.0990079 
Temnothorax_peninsularis_nr_P106  0.1327960 0.1394723 0.0827199 0.1028481 0.1030934 0.0813735 0.0792963 0.0799179 0.0796743 0.2222457 0.1777759 0.2296332 0.0296585 0.0269635 0.0402173 0.0443672 0.0415500 0.0413109 0.0383536 0.0365433 0.0434905 0.0371698 0.0417794 0.0335165 0.0400748 0.0341226 0.0358120 0.0483698 0.0352998 0.0348035 0.0323744 0.0464957 0.0337241 0.0000000 0.0438473 0.0410438 0.0355764 0.0347336 0.0352521 0.0312617 0.0440141 0.0417239 0.0423911 0.0393045 0.0462539 0.0429157 0.0378012 0.0369637 0.0409346 0.1114487 
Temnothorax_pergandei_P036        0.1398205 0.1462652 0.0886689 0.1085419 0.1092625 0.0877338 0.0850066 0.0862870 0.0857629 0.2276400 0.1848701 0.2367046 0.0339719 0.0336245 0.0464904 0.0504542 0.0475093 0.0476579 0.0446257 0.0422247 0.0492492 0.0430110 0.0476162 0.0394983 0.0462940 0.0403690 0.0420275 0.0538854 0.0414355 0.0408800 0.0385612 0.0518789 0.0394358 0.0438473 0.0000000 0.0470310 0.0411825 0.0409106 0.0413208 0.0368107 0.0494786 0.0472303 0.0483009 0.0452208 0.0512452 0.0486416 0.0436725 0.0429754 0.0464965 0.1179255 
Temnothorax_purpuratus_P062       0.1261198 0.1336547 0.0747333 0.0960766 0.0964162 0.0734674 0.0715391 0.0719938 0.0718453 0.2163306 0.1713026 0.2260294 0.0325202 0.0293161 0.0316864 0.0270400 0.0342583 0.0345522 0.0318032 0.0283388 0.0360739 0.0300034 0.0343562 0.0265030 0.0318434 0.0272228 0.0290638 0.0416675 0.0275224 0.0268436 0.0254083 0.0398638 0.0264558 0.0410438 0.0470310 0.0000000 0.0284543 0.0268998 0.0268143 0.0350538 0.0372403 0.0344030 0.0355224 0.0307727 0.0496312 0.0348247 0.0307899 0.0298015 0.0345166 0.1042503 
Temnothorax_recedens_P014         0.1218109 0.1289783 0.0704449 0.0916054 0.0919921 0.0692157 0.0669146 0.0678195 0.0674093 0.2125180 0.1674001 0.2214810 0.0271661 0.0234673 0.0279805 0.0314642 0.0261283 0.0258676 0.0184990 0.0232055 0.0308948 0.0171265 0.0292636 0.0136263 0.0278198 0.0182546 0.0208944 0.0287414 0.0227110 0.0222464 0.0155674 0.0339066 0.0180954 0.0355764 0.0411825 0.0284543 0.0000000 0.0217410 0.0224311 0.0292061 0.0243625 0.0290451 0.0267753 0.0267673 0.0443331 0.0304325 0.0209813 0.0200569 0.0285553 0.1002178 
Temnothorax_rugatulus_P018        0.1201141 0.1273634 0.0682053 0.0900181 0.0903539 0.0671110 0.0652019 0.0659224 0.0653977 0.2088439 0.1647169 0.2196204 0.0264939 0.0229088 0.0262361 0.0301553 0.0276957 0.0279347 0.0249879 0.0175816 0.0294413 0.0232765 0.0280703 0.0196227 0.0260658 0.0203565 0.0223245 0.0351676 0.0209628 0.0202277 0.0185143 0.0334335 0.0199238 0.0347336 0.0409106 0.0268998 0.0217410 0.0000000 0.0206849 0.0285967 0.0305815 0.0278737 0.0288377 0.0248708 0.0435359 0.0286040 0.0241468 0.0231399 0.0280057 0.0988909 
Temnothorax_rugithorax_cf_P135    0.1194912 0.1267635 0.0679634 0.0893056 0.0897565 0.0666395 0.0645371 0.0652624 0.0648852 0.2098417 0.1639519 0.2194591 0.0267713 0.0233413 0.0257228 0.0300729 0.0285082 0.0286574 0.0254809 0.0221578 0.0301179 0.0239476 0.0282841 0.0203287 0.0253114 0.0211493 0.0230500 0.0360088 0.0211308 0.0203872 0.0194184 0.0338654 0.0204262 0.0352521 0.0413208 0.0268143 0.0224311 0.0206849 0.0000000 0.0291627 0.0311165 0.0280077 0.0296506 0.0244211 0.0440280 0.0262394 0.0247720 0.0238448 0.0284826 0.0983741 
Temnothorax_salvini_P050          0.1280346 0.1346876 0.0766779 0.0975248 0.0980228 0.0756174 0.0732303 0.0742757 0.0736663 0.2179743 0.1733457 0.2264723 0.0223293 0.0210900 0.0343877 0.0383528 0.0350959 0.0352369 0.0322887 0.0300482 0.0374424 0.0306742 0.0357468 0.0269803 0.0341332 0.0279312 0.0297529 0.0422661 0.0292933 0.0288375 0.0262081 0.0402347 0.0272384 0.0312617 0.0368107 0.0350538 0.0292061 0.0285967 0.0291627 0.0000000 0.0375537 0.0355907 0.0361679 0.0330987 0.0401795 0.0369197 0.0314327 0.0306901 0.0349010 0.1068135 
Temnothorax_semenovi_P093         0.1302746 0.1370151 0.0786264 0.0996993 0.1000164 0.0777854 0.0754413 0.0762994 0.0759153 0.2198562 0.1752449 0.2293247 0.0355675 0.0321171 0.0363896 0.0406129 0.0352998 0.0350710 0.0265814 0.0321485 0.0394607 0.0217982 0.0379489 0.0227005 0.0362594 0.0273288 0.0296182 0.0272269 0.0312958 0.0309326 0.0242776 0.0425863 0.0267500 0.0440141 0.0494786 0.0372403 0.0243625 0.0305815 0.0311165 0.0375537 0.0000000 0.0372116 0.0356942 0.0353025 0.0526375 0.0387777 0.0297465 0.0291252 0.0371652 0.1088700 
Temnothorax_semiruber_P026        0.1276400 0.1345713 0.0757288 0.0968108 0.0974663 0.0748659 0.0726155 0.0734041 0.0732319 0.2176615 0.1723778 0.2263705 0.0333732 0.0302360 0.0333876 0.0373541 0.0351224 0.0351961 0.0321206 0.0295142 0.0289698 0.0305721 0.0273954 0.0269156 0.0334975 0.0281757 0.0299235 0.0420980 0.0287376 0.0281462 0.0261558 0.0402884 0.0272803 0.0417239 0.0472303 0.0344030 0.0290451 0.0278737 0.0280077 0.0355907 0.0372116 0.0000000 0.0358696 0.0324256 0.0503874 0.0360668 0.0313354 0.0303144 0.0349301 0.1050898 
Temnothorax_spinosior_P038        0.1280597 0.1353691 0.0769589 0.0976497 0.0980313 0.0758640 0.0735561 0.0743007 0.0739739 0.2172706 0.1731494 0.2272427 0.0341918 0.0305206 0.0347862 0.0385438 0.0325278 0.0328437 0.0296979 0.0303421 0.0379561 0.0283112 0.0361852 0.0249149 0.0348896 0.0242008 0.0272534 0.0401047 0.0298887 0.0292749 0.0233616 0.0403704 0.0250395 0.0423911 0.0483009 0.0355224 0.0267753 0.0288377 0.0296506 0.0361679 0.0356942 0.0358696 0.0000000 0.0335662 0.0505249 0.0375845 0.0285043 0.0274709 0.0351929 0.1074330 
Temnothorax_striatulus_cf_P051    0.1242878 0.1308311 0.0726126 0.0935668 0.0937661 0.0715299 0.0693349 0.0700957 0.0697500 0.2131122 0.1686423 0.2234980 0.0309645 0.0273750 0.0087352 0.0342767 0.0326418 0.0328782 0.0297026 0.0265930 0.0341251 0.0280529 0.0322560 0.0246770 0.0295118 0.0254412 0.0273646 0.0401091 0.0256504 0.0249794 0.0236397 0.0380127 0.0248812 0.0393045 0.0452208 0.0307727 0.0267673 0.0248708 0.0244211 0.0330987 0.0353025 0.0324256 0.0335662 0.0000000 0.0478626 0.0325255 0.0290136 0.0281811 0.0325614 0.1026208 
Temnothorax_subditivus_P059       0.1411135 0.1483166 0.0909728 0.1108778 0.1112485 0.0898647 0.0875576 0.0883868 0.0880470 0.2298120 0.1858542 0.2387680 0.0374828 0.0364623 0.0488720 0.0529929 0.0497543 0.0505529 0.0474420 0.0447208 0.0519685 0.0457917 0.0504287 0.0425226 0.0489406 0.0430444 0.0446044 0.0570345 0.0445596 0.0437809 0.0410777 0.0549944 0.0425476 0.0462539 0.0512452 0.0496312 0.0443331 0.0435359 0.0440280 0.0401795 0.0526375 0.0503874 0.0505249 0.0478626 0.0000000 0.0520895 0.0460890 0.0454509 0.0497631 0.1202462 
Temnothorax_tricarinatus_P110     0.1278327 0.1335533 0.0756488 0.0966882 0.0971296 0.0747482 0.0723604 0.0734477 0.0729481 0.2154579 0.1718546 0.2255333 0.0349139 0.0315017 0.0337822 0.0381926 0.0364142 0.0363508 0.0333943 0.0304142 0.0375801 0.0317490 0.0360316 0.0282871 0.0331629 0.0291294 0.0308853 0.0431662 0.0290873 0.0281145 0.0273549 0.0417344 0.0283762 0.0429157 0.0486416 0.0348247 0.0304325 0.0286040 0.0262394 0.0369197 0.0387777 0.0360668 0.0375845 0.0325255 0.0520895 0.0000000 0.0324160 0.0319169 0.0363117 0.1053046 
Temnothorax_turcicus_P022         0.1233428 0.1309746 0.0722362 0.0933601 0.0937434 0.0710300 0.0690383 0.0695920 0.0693005 0.2137768 0.1683812 0.2231949 0.0292309 0.0257149 0.0300689 0.0339731 0.0278416 0.0280132 0.0241309 0.0256266 0.0332547 0.0223026 0.0316528 0.0188242 0.0300996 0.0203044 0.0225416 0.0341484 0.0248292 0.0245889 0.0166980 0.0362508 0.0202369 0.0378012 0.0436725 0.0307899 0.0209813 0.0241468 0.0247720 0.0314327 0.0297465 0.0313354 0.0285043 0.0290136 0.0460890 0.0324160 0.0000000 0.0099367 0.0307446 0.1016284 
Temnothorax_unifasciatus_P027     0.1227603 0.1302094 0.0711785 0.0928357 0.0929653 0.0700672 0.0678534 0.0685466 0.0682219 0.2127620 0.1680362 0.2230275 0.0282211 0.0249798 0.0293228 0.0330537 0.0270620 0.0271847 0.0230438 0.0244605 0.0322074 0.0215381 0.0307386 0.0178378 0.0292005 0.0192652 0.0216427 0.0332090 0.0242100 0.0235827 0.0158564 0.0356145 0.0191985 0.0369637 0.0429754 0.0298015 0.0200569 0.0231399 0.0238448 0.0306901 0.0291252 0.0303144 0.0274709 0.0281811 0.0454509 0.0319169 0.0099367 0.0000000 0.0298095 0.1018000 
Temnothorax_whitfordi_P091        0.1272165 0.1335013 0.0754355 0.0968448 0.0970603 0.0748964 0.0723085 0.0733374 0.0727389 0.2146526 0.1707727 0.2251760 0.0326921 0.0293101 0.0333941 0.0376545 0.0344410 0.0345035 0.0314266 0.0293727 0.0368557 0.0299485 0.0350298 0.0265008 0.0337690 0.0273911 0.0289539 0.0415808 0.0287679 0.0283184 0.0253964 0.0303758 0.0263169 0.0409346 0.0464965 0.0345166 0.0285553 0.0280057 0.0284826 0.0349010 0.0371652 0.0349301 0.0351929 0.0325614 0.0497631 0.0363117 0.0307446 0.0298095 0.0000000 0.1051923 
Vombisidris_bilongrudi_D937       0.1480711 0.1544898 0.1033138 0.1194538 0.1196015 0.1022398 0.0998865 0.1010846 0.1008307 0.2370373 0.1951048 0.2414029 0.1045228 0.1009811 0.1035806 0.1081887 0.1071703 0.1065312 0.1031595 0.1008772 0.1069080 0.1018724 0.1057185 0.0987670 0.1030556 0.0996315 0.1013384 0.1130331 0.0974150 0.0980328 0.0974789 0.1118854 0.0990079 0.1114487 0.1179255 0.1042503 0.1002178 0.0988909 0.0983741 0.1068135 0.1088700 0.1050898 0.1074330 0.1026208 0.1202462 0.1053046 0.1016284 0.1018000 0.1051923 0.0000000 
