106
abroscopus_albogularis_ku_28164        0.00000000 0.03070604 0.03044424 0.02051378 0.01822537 0.02726737 0.03183107 0.02800520 0.01996174 0.02733492 0.02584455 0.02888215 0.03014983 0.02462342 0.02651472 0.02842110 0.02234553 0.02978703 0.02436939 0.02294972 0.03355351 0.02698383 0.02679060 0.02615497 0.02139945 0.02472567 0.02555552 0.02458118 0.01864165 0.02788893 0.01883189 0.02667745 0.03006562 0.02618776 0.04249729 0.02350319 0.01851277 0.02587227 0.02628259 0.02443894 0.02955464 0.02521686 0.02149863 0.02593310 0.01652761 0.03400688 0.02416065 0.02650061 0.03177058 0.02495500 0.02144021 0.01162816 0.02618091 0.02615719 0.02535354 0.02383088 0.02033494 0.02252825 0.02721847 0.02226762 0.02505011 0.02744532 0.02244086 0.02016265 0.02421139 0.02241435 0.02169267 0.03000473 0.02373987 0.02511220 0.02804722 0.02486304 0.02461207 0.01852923 0.02882584 0.05170365 0.02300024 0.02279603 0.03067140 0.02842573 0.02348815 0.02281565 0.02409429 0.02006428 0.02030824 0.02353691 0.02811762 0.02614052 0.02109534 0.02837717 0.02861962 0.02620217 0.02857644 0.01801946 0.02670208 0.02565670 0.02489537 0.02115303 0.02166241 0.01159835 0.02054119 0.02289354 0.02691695 0.02556287 0.02663395 0.01892829 
timeliopsis_fulvigula_12152            0.03070604 0.00000000 0.01323649 0.03442556 0.03312837 0.02976681 0.03327021 0.03106656 0.03406738 0.03700376 0.03503784 0.03548944 0.04019607 0.03393622 0.02975858 0.03832532 0.03601929 0.02830325 0.02743250 0.02447985 0.03567379 0.02968473 0.03664362 0.02906938 0.03342466 0.03308528 0.03153373 0.03717977 0.03591159 0.03752170 0.01820793 0.02931944 0.01249760 0.03576991 0.04468096 0.03765594 0.03398795 0.03534417 0.03567219 0.02592823 0.03315655 0.02916008 0.03575607 0.02928103 0.02440960 0.03172784 0.02845282 0.01069287 0.03266655 0.03060961 0.02746197 0.01080388 0.02918108 0.03557894 0.03331847 0.03272346 0.03009895 0.02707228 0.03051716 0.02221643 0.02738854 0.02953487 0.03689982 0.03423071 0.02732122 0.03498336 0.02245075 0.02440041 0.03316900 0.03468337 0.03473365 0.03431988 0.02921617 0.03412295 0.03462771 0.05574696 0.03143270 0.03714039 0.03327456 0.03174380 0.03767870 0.03173470 0.03353069 0.03673583 0.02025106 0.02364438 0.02708386 0.02862128 0.03524748 0.03747048 0.03942582 0.02900380 0.03227067 0.03338631 0.03586857 0.02812446 0.03404910 0.03566588 0.03505332 0.03162905 0.03467724 0.02734096 0.03615812 0.03474568 0.02860122 0.01823541 
acanthorhynchus_tenuirostris_ku_10667  0.03044424 0.01323649 0.00000000 0.03441482 0.03288573 0.02995099 0.03326698 0.03136827 0.03401501 0.03694875 0.03521374 0.03524349 0.04014768 0.03393738 0.02956676 0.03827391 0.03564992 0.02790982 0.02736513 0.02419069 0.03579987 0.02975981 0.03686364 0.02897446 0.03324664 0.03284580 0.03130184 0.03717110 0.03611796 0.03744302 0.01765793 0.02938173 0.01249721 0.03565988 0.04460612 0.03774275 0.03397959 0.03521464 0.03571965 0.02568517 0.03309306 0.02899881 0.03582041 0.02902061 0.02408798 0.03168475 0.02823541 0.01071779 0.03265669 0.03078600 0.02705601 0.01040257 0.02906218 0.03549357 0.03318875 0.03254783 0.02963850 0.02676818 0.03026566 0.02211144 0.02710341 0.02974230 0.03716404 0.03420005 0.02717294 0.03469401 0.02212532 0.02449524 0.03303816 0.03461677 0.03480622 0.03427413 0.02926784 0.03420527 0.03448566 0.05577391 0.03128423 0.03717399 0.03317852 0.03179116 0.03770283 0.03162960 0.03328607 0.03685895 0.01978787 0.02341793 0.02709071 0.02864322 0.03531524 0.03728533 0.03967979 0.02916592 0.03226559 0.03337963 0.03572720 0.02807262 0.03399825 0.03579294 0.03510852 0.03138217 0.03460264 0.02732344 0.03620060 0.03450726 0.02836463 0.01761758 
acrocephalus_orientalis_ku_28793       0.02051378 0.03442556 0.03441482 0.00000000 0.02182472 0.03044978 0.03659812 0.03140161 0.02223070 0.03073781 0.02917893 0.03257650 0.03401808 0.02768042 0.02976034 0.03214816 0.02486637 0.03105940 0.02644799 0.02473269 0.03935168 0.03001934 0.03007470 0.02937004 0.02282454 0.02728390 0.02912731 0.02736064 0.02435784 0.03152620 0.01900792 0.02975199 0.03406605 0.02962780 0.04749286 0.02585338 0.02250046 0.02859007 0.02931726 0.02634194 0.03352706 0.02786925 0.02408179 0.02935174 0.01645761 0.03851968 0.02694247 0.02792261 0.03633373 0.02847306 0.02250737 0.01145582 0.02951050 0.02963721 0.02794149 0.02621664 0.02160866 0.02555169 0.03080762 0.02295929 0.02780228 0.03102810 0.02522670 0.02219435 0.02770475 0.02496377 0.02299916 0.03410201 0.02652476 0.02862384 0.03281261 0.02798870 0.02729976 0.02249033 0.03207074 0.05878210 0.02541476 0.02547667 0.03402729 0.03193517 0.02595433 0.02573316 0.02739993 0.02479207 0.02038013 0.02414415 0.03017908 0.02904853 0.02353094 0.03140252 0.03238337 0.02940401 0.03265340 0.02182646 0.03015127 0.02851965 0.02805470 0.02413981 0.02411454 0.02077619 0.02301005 0.02560260 0.03012573 0.02840993 0.02932116 0.01874237 
aegithalos_concinnus_ku_28044          0.01822537 0.03312837 0.03288573 0.02182472 0.00000000 0.02952812 0.03510808 0.03001522 0.02135001 0.02962987 0.02797217 0.03157751 0.03283037 0.02665788 0.02866699 0.03082417 0.02399724 0.03072893 0.02599482 0.02437787 0.03713848 0.02911889 0.02902820 0.02831491 0.02238367 0.02640865 0.02816580 0.02626912 0.02113234 0.03036354 0.01917536 0.02842019 0.03258979 0.02828410 0.04603133 0.02501892 0.01986333 0.02807568 0.02834190 0.02575681 0.03222237 0.02725450 0.02327718 0.02800762 0.01697461 0.03670236 0.02587939 0.02769308 0.03480344 0.02735326 0.02253708 0.01151542 0.02827248 0.02842992 0.02688217 0.02551765 0.02118095 0.02465679 0.02957355 0.02260218 0.02702621 0.02980183 0.02413753 0.02181178 0.02659703 0.02419188 0.02256152 0.03253603 0.02561394 0.02725035 0.03113456 0.02706639 0.02672058 0.01983855 0.03111487 0.05616916 0.02473124 0.02473172 0.03283022 0.03075688 0.02494816 0.02481911 0.02617992 0.01207228 0.02082159 0.02419889 0.02963044 0.02789911 0.02252213 0.03029248 0.03109531 0.02839035 0.03102674 0.01922487 0.02859762 0.02735957 0.02687974 0.02296052 0.02332188 0.01784978 0.02207075 0.02490053 0.02907547 0.02745073 0.02839912 0.01906042 
aegithina_lafresnayei_ku_23213         0.02726737 0.02976681 0.02995099 0.03044978 0.02952812 0.00000000 0.03179793 0.01996038 0.02988062 0.03240592 0.03091719 0.03059695 0.03629979 0.02944540 0.02366247 0.03389790 0.03230275 0.02826412 0.02373648 0.01858875 0.03401052 0.02203735 0.03205511 0.02169269 0.03021420 0.02915594 0.02728226 0.03301261 0.03199044 0.03337532 0.01464241 0.02166886 0.02947415 0.03149171 0.04269656 0.03336766 0.02995193 0.03053810 0.03149692 0.01983090 0.02525633 0.02493832 0.03169644 0.01800860 0.02210968 0.03389356 0.02447813 0.02515003 0.03119343 0.02639185 0.02460959 0.00841028 0.02157659 0.03128618 0.03040152 0.02813310 0.02671027 0.02304490 0.02273800 0.01723175 0.02038164 0.02653032 0.03269874 0.02990963 0.01971207 0.03067157 0.01681440 0.02933347 0.02920591 0.03079456 0.03055634 0.02998187 0.02477601 0.02985035 0.03003225 0.05334692 0.02726352 0.03289955 0.02990590 0.01871885 0.03358392 0.02757161 0.02922190 0.03233498 0.01569310 0.01835633 0.02700489 0.02269504 0.03131209 0.03316261 0.03461402 0.01711126 0.02459497 0.02915913 0.03209152 0.02087434 0.03004531 0.03158098 0.03069717 0.02805543 0.03036623 0.02318336 0.03194796 0.03005526 0.02243421 0.01458574 
ailuroedus_buccoides_ku_12226          0.03183107 0.03327021 0.03326698 0.03659812 0.03510808 0.03179793 0.00000000 0.03332139 0.03639362 0.03934273 0.03752234 0.03779739 0.04272206 0.03609898 0.03171734 0.04082996 0.03816569 0.02380560 0.02940285 0.02588754 0.02949719 0.03199271 0.03899536 0.03125598 0.03533596 0.03528588 0.03361887 0.03983638 0.03855141 0.04006786 0.01923137 0.03140210 0.03279056 0.03800533 0.04173535 0.04000905 0.03633561 0.03742957 0.03816219 0.02768151 0.03548015 0.03120277 0.03837640 0.03085942 0.02579100 0.03745715 0.03045314 0.02637962 0.02909085 0.03313622 0.02906125 0.01127419 0.03118007 0.03800335 0.03548922 0.03453423 0.03188884 0.02926070 0.03227708 0.02387738 0.02920990 0.03190258 0.03946731 0.03636723 0.02921148 0.03712359 0.02384827 0.03307327 0.03536012 0.03706260 0.03751151 0.03662896 0.03142274 0.03658203 0.03695182 0.05277080 0.03381130 0.03969752 0.03539185 0.03393486 0.03992082 0.03411697 0.03584079 0.03902473 0.02135693 0.02485080 0.01164724 0.03072328 0.03777737 0.03952579 0.04177539 0.03114155 0.03444766 0.03576635 0.03815021 0.02998432 0.03646523 0.03829241 0.03735392 0.03359229 0.03706238 0.02946441 0.03831776 0.03699461 0.03052597 0.01913891 
artamus_cinereus_ku_6183               0.02800520 0.03106656 0.03136827 0.03140161 0.03001522 0.01996038 0.03332139 0.00000000 0.03101028 0.03377194 0.03204900 0.03202595 0.03703170 0.03080037 0.02482531 0.03483021 0.03307783 0.02895517 0.02473561 0.01912585 0.03595047 0.02353943 0.03358665 0.02284809 0.03108773 0.03037964 0.02797045 0.03373267 0.03286060 0.03425928 0.01525856 0.02277777 0.03078473 0.03236509 0.04461130 0.03446285 0.03093931 0.03200698 0.03282029 0.02033346 0.02687885 0.02586826 0.03261277 0.01879825 0.02247629 0.03505263 0.02538295 0.02550017 0.03282203 0.02754631 0.02533306 0.00888952 0.02260479 0.03223498 0.03053064 0.02956070 0.02758217 0.02402166 0.02403764 0.01771917 0.02132513 0.02767878 0.03372538 0.03105058 0.02080918 0.03183805 0.01751719 0.03079824 0.03052078 0.03164197 0.03142172 0.03116978 0.02613330 0.03102494 0.03141823 0.05577645 0.02831167 0.03399870 0.03087653 0.02091626 0.03461891 0.02872815 0.03009785 0.03360261 0.01618807 0.01907358 0.02753625 0.02384825 0.03218136 0.03422716 0.03628325 0.01873016 0.02549063 0.03011029 0.03318068 0.02178965 0.03109475 0.03257578 0.03208349 0.02914014 0.03155903 0.02413908 0.03301962 0.03148744 0.02311314 0.01513180 
bleda_syndactylus_ku_29008             0.01996174 0.03406738 0.03401501 0.02223070 0.02135001 0.02988062 0.03639362 0.03101028 0.00000000 0.03040813 0.02895405 0.03215837 0.03358927 0.02727783 0.02939865 0.03167812 0.02425216 0.03098655 0.02617491 0.02435426 0.03882385 0.02960545 0.02978824 0.02892068 0.02255307 0.02676141 0.02855560 0.02671189 0.02364605 0.03102964 0.01856841 0.02927560 0.03359077 0.02913276 0.04721564 0.02558579 0.02168392 0.02871376 0.02890129 0.02583384 0.03286991 0.02758874 0.02376480 0.02892384 0.01615868 0.03815578 0.02646323 0.02759498 0.03607909 0.02808001 0.02217008 0.01104057 0.02884038 0.02905861 0.02734834 0.02594504 0.02088541 0.02501019 0.03028843 0.02252274 0.02715310 0.03043321 0.02454737 0.02203781 0.02720656 0.02470996 0.02232235 0.03386407 0.02605602 0.02800119 0.03214473 0.02751684 0.02684255 0.02169700 0.03166348 0.05870810 0.02496577 0.02514893 0.03380808 0.03170734 0.02563394 0.02522312 0.02672002 0.02432149 0.02037653 0.02404998 0.03002439 0.02848559 0.01750849 0.03109098 0.03206936 0.02905529 0.03189135 0.02088070 0.02958345 0.02800085 0.02766569 0.02301099 0.02365616 0.02013859 0.02172643 0.02526891 0.02961448 0.02800416 0.02898098 0.01844169 
bombycilla_garrulus_ku_21744           0.02733492 0.03700376 0.03694875 0.03073781 0.02962987 0.03240592 0.03934273 0.03377194 0.03040813 0.00000000 0.03133733 0.03512567 0.03673068 0.02993014 0.03238338 0.03427964 0.03216009 0.03319094 0.02871740 0.02691554 0.04178750 0.03244625 0.03310057 0.03202812 0.03021133 0.01922416 0.03172684 0.03345255 0.03267982 0.03359205 0.02042296 0.03210339 0.03672647 0.03177008 0.05010315 0.03414269 0.03034739 0.03204866 0.03155375 0.02827347 0.03610620 0.03034579 0.03233158 0.03188505 0.02219013 0.04126655 0.02934515 0.02984516 0.03919454 0.03108050 0.02443845 0.01231599 0.03191981 0.03164658 0.02937727 0.02843865 0.02702734 0.02798635 0.03318568 0.02487912 0.03006710 0.03344458 0.03317497 0.03063462 0.03019868 0.03113317 0.02478344 0.03677874 0.02991122 0.03077758 0.03516829 0.03025780 0.03004360 0.03049153 0.03466508 0.06154428 0.02760451 0.03359699 0.03683439 0.03457298 0.03410938 0.02801653 0.02926120 0.03317708 0.02232242 0.02609607 0.03242025 0.03168829 0.03172896 0.03323620 0.03585210 0.03207702 0.03490048 0.02966255 0.03197200 0.03070956 0.02992835 0.03211383 0.03155904 0.02846161 0.03115241 0.02833183 0.03187867 0.03074400 0.03126052 0.02054773 
certhia_americana_ku_30065             0.02584455 0.03503784 0.03521374 0.02917893 0.02797217 0.03091719 0.03752234 0.03204900 0.02895405 0.03133733 0.00000000 0.03332338 0.03486381 0.02811610 0.03053842 0.03221679 0.03061824 0.03119764 0.02670063 0.02494021 0.03977163 0.03076203 0.03135231 0.03027244 0.02857095 0.02727525 0.02993810 0.03192310 0.03074335 0.03194079 0.01832260 0.03039444 0.03485756 0.03002302 0.04832573 0.03259730 0.02857918 0.02997852 0.03003002 0.02646543 0.03408241 0.02840614 0.03066315 0.03002354 0.02050067 0.03956481 0.02742470 0.02777301 0.03698139 0.02923865 0.02264012 0.01077921 0.03016606 0.02983982 0.02753336 0.02684656 0.02500229 0.02625110 0.03147945 0.02297387 0.02808531 0.03166757 0.03170619 0.02897972 0.02821381 0.02951993 0.02300407 0.03483301 0.02798248 0.02916940 0.03340352 0.02845911 0.02808243 0.02907924 0.03281496 0.05947689 0.02571202 0.03204714 0.03492035 0.03286987 0.03263936 0.02610440 0.02778910 0.03179763 0.02046131 0.02430542 0.03059364 0.02958950 0.03017010 0.03142587 0.03404224 0.03000140 0.03326452 0.02809481 0.02751762 0.02911796 0.02814513 0.03058470 0.03017649 0.02659216 0.02957963 0.02647006 0.02572288 0.02897790 0.02926222 0.01831414 
chaetops_aurantius_uwbm_52974          0.02888215 0.03548944 0.03524349 0.03257650 0.03157751 0.03059695 0.03779739 0.03202595 0.03215837 0.03512567 0.03332338 0.00000000 0.03871687 0.03208239 0.03049593 0.03604059 0.03402805 0.03168923 0.02718773 0.02519752 0.03985883 0.03067433 0.03489282 0.03019851 0.03188683 0.03135055 0.02943329 0.03557324 0.03423042 0.03576947 0.01916524 0.03043078 0.03497381 0.03381845 0.04874886 0.03591223 0.03214533 0.03366600 0.03383900 0.02673366 0.03417750 0.02870101 0.03417379 0.02993806 0.02320218 0.03933026 0.02750082 0.02874398 0.03725048 0.02896556 0.02629901 0.01147621 0.03012079 0.03397422 0.03160655 0.03095121 0.02843124 0.02605073 0.03139651 0.02360097 0.02830786 0.03156036 0.03516496 0.03251088 0.02833661 0.03317385 0.02315547 0.03482347 0.03125814 0.03287436 0.03274278 0.03260021 0.02769365 0.03226313 0.02366741 0.06023228 0.02961456 0.03544182 0.03462300 0.03244111 0.03614718 0.02998494 0.03167189 0.03497058 0.02086758 0.02472330 0.03109540 0.02972014 0.03375199 0.03580009 0.03746226 0.03013169 0.03311169 0.03161587 0.03419906 0.02882129 0.03224717 0.03386373 0.03338142 0.02995667 0.03314154 0.02654414 0.03424745 0.03291551 0.02970183 0.01902821 
chelidorhynx_hypoxanthus_ku_28022      0.03014983 0.04019607 0.04014768 0.03401808 0.03283037 0.03629979 0.04272206 0.03703170 0.03358927 0.03673068 0.03486381 0.03871687 0.00000000 0.03405470 0.03609295 0.03774990 0.03530077 0.03582061 0.03260910 0.03052203 0.04464067 0.03598983 0.03104215 0.03541610 0.03337739 0.03305017 0.03509653 0.03660095 0.03539349 0.03731899 0.02293069 0.03565210 0.03970072 0.03569530 0.05255859 0.03708149 0.03361308 0.03459778 0.03530937 0.03164109 0.03910026 0.03386248 0.03516691 0.03535198 0.02520053 0.04432963 0.03281349 0.03289086 0.04235781 0.03441216 0.02789719 0.01450370 0.03512593 0.03549410 0.03318626 0.03213170 0.03007309 0.03148354 0.03643972 0.02781171 0.03352831 0.03662426 0.03633180 0.03362272 0.03356283 0.03429499 0.02781717 0.04001239 0.03281826 0.03458270 0.03847033 0.03406292 0.03346620 0.03355566 0.03809827 0.06426135 0.03136085 0.03641758 0.04018154 0.03786055 0.03694430 0.03167801 0.03330389 0.03597239 0.02544911 0.02922954 0.03573313 0.03496231 0.03488504 0.03709731 0.03854555 0.03520346 0.03788430 0.03282576 0.03585879 0.03405129 0.03404151 0.03501715 0.03465460 0.03115292 0.03428802 0.03198072 0.03593454 0.03443643 0.03453654 0.02302393 
chloropsis_sonnerati_ku_24451          0.02462342 0.03393622 0.03393738 0.02768042 0.02665788 0.02944540 0.03609898 0.03080037 0.02727783 0.02993014 0.02811610 0.03208239 0.03405470 0.00000000 0.02920183 0.03108365 0.02945996 0.03021099 0.02578348 0.02419160 0.03803185 0.02937421 0.02991954 0.02861838 0.02755172 0.02611655 0.02849748 0.03044192 0.02918491 0.02634302 0.01807837 0.02899522 0.03353138 0.02419862 0.04732801 0.03085539 0.02726963 0.02861751 0.02381232 0.02536965 0.03275935 0.02730166 0.02920514 0.02850445 0.01972628 0.03793262 0.02600148 0.02732210 0.03548942 0.02777870 0.02021025 0.01079653 0.02869703 0.02393111 0.02664654 0.02256681 0.02424937 0.02480288 0.02992347 0.02234381 0.02685329 0.03018767 0.03016781 0.02759433 0.02675920 0.02806871 0.02209023 0.03369544 0.02671605 0.02326603 0.03192917 0.02273972 0.02661700 0.02744698 0.03154480 0.05845884 0.02015598 0.03044062 0.03353035 0.03122173 0.03091816 0.02281801 0.02194707 0.02981054 0.01997429 0.02330014 0.02938044 0.02837361 0.02862741 0.03039928 0.03267975 0.02870583 0.03169079 0.02664902 0.02930401 0.02775530 0.02689456 0.02919505 0.02835440 0.02557154 0.02806687 0.02494737 0.02905007 0.02329881 0.02837159 0.01786913 
cinclosoma_punctatum_uwbm_57790        0.02651472 0.02975858 0.02956676 0.02976034 0.02866699 0.02366247 0.03171734 0.02482531 0.02939865 0.03238338 0.03053842 0.03049593 0.03609295 0.02920183 0.00000000 0.03354330 0.03159077 0.02745973 0.02292291 0.01875981 0.03446409 0.02324764 0.03217389 0.02254287 0.02919372 0.02863327 0.02659978 0.03268640 0.03154579 0.03309539 0.01452190 0.02274161 0.02911484 0.03113340 0.04348567 0.03312412 0.02945261 0.03058610 0.03104068 0.02024685 0.02686737 0.02432459 0.03140013 0.02258189 0.02101191 0.03373642 0.02359140 0.02363528 0.03130195 0.02600120 0.02356626 0.00841818 0.02263463 0.03103515 0.02895242 0.02791060 0.02588256 0.02238180 0.02373772 0.01743499 0.02105593 0.02585144 0.03250730 0.02951914 0.02071779 0.03034894 0.01719865 0.02930724 0.02863658 0.03016882 0.03033200 0.02967272 0.02441198 0.02960499 0.02967566 0.05442702 0.02685865 0.03250147 0.02961128 0.02501648 0.03317954 0.02690669 0.02872977 0.03202279 0.01569641 0.01872150 0.02595479 0.01475029 0.03077637 0.03304480 0.03476808 0.02264283 0.02553224 0.02865131 0.03149421 0.02165694 0.02961701 0.03115296 0.03042347 0.02731107 0.03024722 0.02265098 0.03176366 0.02995428 0.02280690 0.01451045 
cinclus_pallasii_ku_11246              0.02842110 0.03832532 0.03827391 0.03214816 0.03082417 0.03389790 0.04082996 0.03483021 0.03167812 0.03427964 0.03221679 0.03604059 0.03774990 0.03108365 0.03354330 0.00000000 0.03370416 0.03373363 0.02999633 0.02773701 0.04292782 0.03363291 0.03408153 0.03311724 0.03139617 0.03009927 0.03289457 0.03478124 0.03380092 0.03475836 0.02096664 0.03332462 0.03783198 0.03285491 0.05109574 0.03537536 0.03185492 0.03296473 0.03275983 0.02906996 0.03720755 0.03167382 0.03351057 0.03285376 0.02272667 0.04261514 0.03041985 0.03055378 0.04025999 0.03218370 0.02502866 0.01277716 0.03295846 0.03260727 0.02450128 0.02944069 0.02787321 0.02925809 0.03436928 0.02552490 0.03087033 0.03454595 0.03463510 0.03186761 0.03125189 0.03223878 0.02544573 0.03811045 0.03090261 0.03184419 0.03637080 0.03126538 0.03106128 0.03176652 0.03575388 0.06262283 0.02849157 0.03496176 0.03780261 0.03575882 0.03533609 0.02895931 0.03051384 0.03442202 0.02276763 0.02686360 0.03356460 0.03268696 0.03300808 0.03443476 0.03698891 0.03315293 0.03599377 0.03123224 0.03289723 0.03204404 0.02497933 0.03323027 0.03279761 0.02920063 0.03248592 0.02946689 0.03295021 0.03172040 0.03229000 0.02088045 
cisticola_anonymus_ku_29165            0.02234553 0.03601929 0.03564992 0.02486637 0.02399724 0.03230275 0.03816569 0.03307783 0.02425216 0.03216009 0.03061824 0.03402805 0.03530077 0.02945996 0.03159077 0.03370416 0.00000000 0.03311429 0.02842913 0.02703127 0.03997650 0.03170288 0.03185452 0.03099430 0.02533312 0.02908455 0.03070326 0.02871084 0.02636683 0.03274948 0.02102265 0.03149503 0.03571457 0.03098317 0.04886955 0.02773768 0.02488045 0.03031733 0.03096094 0.02797495 0.03477190 0.02969649 0.02588853 0.03098874 0.01869338 0.03961899 0.02839775 0.02978853 0.03782153 0.02994932 0.02481118 0.01295633 0.03125102 0.03105944 0.02957888 0.02824342 0.02379871 0.02714800 0.03227048 0.02509534 0.02963795 0.03253867 0.01187109 0.02460515 0.02918739 0.02670387 0.02511685 0.03569272 0.02818949 0.02991588 0.03370492 0.02971317 0.02916692 0.02408401 0.03358178 0.05963437 0.02716186 0.02730616 0.03554943 0.03379763 0.02794057 0.02743317 0.02894692 0.02700839 0.02283235 0.02650446 0.03241379 0.03087917 0.02547173 0.03321780 0.03387360 0.03120489 0.03387842 0.02378774 0.03148739 0.03018621 0.02969575 0.02576905 0.02586418 0.02319851 0.02481384 0.02749294 0.03127246 0.03006780 0.03128063 0.02064316 
climacteris_melanurus_ku_8858          0.02978703 0.02830325 0.02790982 0.03105940 0.03072893 0.02826412 0.02380560 0.02895517 0.03098655 0.03319094 0.03119764 0.03168923 0.03582061 0.03021099 0.02745973 0.03373363 0.03311429 0.00000000 0.02689579 0.02500588 0.01489580 0.02785972 0.03262768 0.02708127 0.03256222 0.03087447 0.02825172 0.03341653 0.03235365 0.03361800 0.02134782 0.02697964 0.02780363 0.03194789 0.03599526 0.03337220 0.03079263 0.03165932 0.03211021 0.02618566 0.03002668 0.02736340 0.03188815 0.02682056 0.02591483 0.03156176 0.02656195 0.02617281 0.02497182 0.02768430 0.02756601 0.01270702 0.02689808 0.03184131 0.03142920 0.02946956 0.02986778 0.02507269 0.02763906 0.02465522 0.02611499 0.02751196 0.03315705 0.03061548 0.02514567 0.03090335 0.02394950 0.02749869 0.03025163 0.03100610 0.03113350 0.03056116 0.02660696 0.03043142 0.03157245 0.04416419 0.02860708 0.03306548 0.03066972 0.02897559 0.03353375 0.02878875 0.03040740 0.03261935 0.02260019 0.02540918 0.02187893 0.02679266 0.03195454 0.03339173 0.03466212 0.02693199 0.02927303 0.03002452 0.03274350 0.02651982 0.03107427 0.03205785 0.03132002 0.03037363 0.03146834 0.02555273 0.03232557 0.03099981 0.02828956 0.02128789 
cnemophilus_loriae_ku_16529            0.02436939 0.02743250 0.02736513 0.02644799 0.02599482 0.02373648 0.02940285 0.02473561 0.02617491 0.02871740 0.02670063 0.02718773 0.03260910 0.02578348 0.02292291 0.02999633 0.02842913 0.02689579 0.00000000 0.01926760 0.03182619 0.02321488 0.02860501 0.02289521 0.02679663 0.02587767 0.02303910 0.02910727 0.02806873 0.02928435 0.01524467 0.02280056 0.02706936 0.02781225 0.04111833 0.02952085 0.02616072 0.02695773 0.02750998 0.02086467 0.02630474 0.00461707 0.02776715 0.02253982 0.01966521 0.03136996 0.02045698 0.02315232 0.02892961 0.02244363 0.02143026 0.00845868 0.02280629 0.02726343 0.02639606 0.02445398 0.02370965 0.01899452 0.02376379 0.01825340 0.02150906 0.02437868 0.02872522 0.02623630 0.02068121 0.02670758 0.01807000 0.02685003 0.02558602 0.02677627 0.02663444 0.02629507 0.02099251 0.02630442 0.02641093 0.05136868 0.02332172 0.02908486 0.02750481 0.02508941 0.02976112 0.02373576 0.02541383 0.02882230 0.01658198 0.01949478 0.02486736 0.02228140 0.02734281 0.02947045 0.03104922 0.02229273 0.02523988 0.02548524 0.02833729 0.02216300 0.02635533 0.02797453 0.02692383 0.02471800 0.02670838 0.01923780 0.02814326 0.02645056 0.02358121 0.01500172 
coracina_tenuirostris_ku_23644         0.02294972 0.02447985 0.02419069 0.02473269 0.02437787 0.01858875 0.02588754 0.01912585 0.02435426 0.02691554 0.02494021 0.02519752 0.03052203 0.02419160 0.01875981 0.02773701 0.02703127 0.02500588 0.01926760 0.00000000 0.02839666 0.01770104 0.02636379 0.01700681 0.02548643 0.02423654 0.02172186 0.02717786 0.02635674 0.02753215 0.01240861 0.01713318 0.02398715 0.02565132 0.03694444 0.02750994 0.02455369 0.02510509 0.02590164 0.01610352 0.02062818 0.02002618 0.02566615 0.01708203 0.01874658 0.02800460 0.01915536 0.02104715 0.02551482 0.02102234 0.02060258 0.00678333 0.01715284 0.02536182 0.02505532 0.02309374 0.02241603 0.01754663 0.01813652 0.01404639 0.01635540 0.02125512 0.02690866 0.02431065 0.01508974 0.02469265 0.01358023 0.02379067 0.02355713 0.02490733 0.02470478 0.02458753 0.01954537 0.02425425 0.02463031 0.04683861 0.02195626 0.02716191 0.02469303 0.01919155 0.02794752 0.02220379 0.02367341 0.02672808 0.01267463 0.01559393 0.02260581 0.01780954 0.02549195 0.02766753 0.02889441 0.01683037 0.01941233 0.02351656 0.02646106 0.01646625 0.02449816 0.02567781 0.02510874 0.02328974 0.02498390 0.01799395 0.02605248 0.02476996 0.01821004 0.00955256 
cormobates_leucophaea_uwbm_57452       0.03355351 0.03567379 0.03579987 0.03935168 0.03713848 0.03401052 0.02949719 0.03595047 0.03882385 0.04178750 0.03977163 0.03985883 0.04464067 0.03803185 0.03446409 0.04292782 0.03997650 0.01489580 0.03182619 0.02839666 0.00000000 0.03445771 0.04126640 0.03384644 0.03747282 0.03742176 0.03567474 0.04219608 0.04076308 0.04241561 0.02048654 0.03381819 0.03534724 0.04020412 0.04372211 0.04211405 0.03847554 0.04014234 0.04017058 0.02981024 0.03795359 0.03355610 0.04058214 0.03343127 0.02726895 0.03984805 0.03291757 0.02806284 0.03170888 0.03533285 0.03072985 0.01192798 0.03348114 0.04013975 0.03707475 0.03689587 0.03377018 0.03179327 0.03502901 0.02567376 0.03172509 0.03405424 0.04167219 0.03880327 0.03182825 0.03966064 0.02570111 0.03542873 0.03755977 0.03937700 0.03958937 0.03873947 0.03344893 0.03875889 0.03910243 0.05501756 0.03598030 0.04223353 0.03766104 0.03634097 0.04196307 0.03655208 0.03806625 0.04140120 0.02278039 0.02657065 0.02365095 0.03312530 0.04041039 0.04194671 0.04396728 0.03371863 0.03697457 0.03791657 0.04048379 0.03242308 0.03880920 0.04048408 0.03978600 0.03547207 0.03948497 0.03198069 0.04065019 0.03913160 0.03263680 0.02077496 
corvus_corax_ku_30042                  0.02698383 0.02968473 0.02975981 0.03001934 0.02911889 0.02203735 0.03199271 0.02353943 0.02960545 0.03244625 0.03076203 0.03067433 0.03598983 0.02937421 0.02324764 0.03363291 0.03170288 0.02785972 0.02321488 0.01770104 0.03445771 0.00000000 0.03223344 0.02119963 0.02952316 0.02889331 0.02696519 0.03285306 0.03163722 0.03294240 0.01385208 0.02129720 0.02919318 0.03114323 0.04367161 0.03314145 0.02953996 0.03072874 0.03116098 0.01639996 0.01933008 0.02449490 0.03150256 0.02094415 0.02121722 0.03400397 0.02373005 0.02399270 0.03121474 0.02627149 0.02375087 0.00824324 0.01725780 0.03093920 0.02934907 0.02801417 0.02610909 0.02253258 0.02227593 0.01629674 0.01981503 0.02591213 0.03246616 0.02967474 0.01907487 0.03036226 0.01274810 0.02935353 0.02896129 0.03027681 0.03062929 0.02974971 0.02444958 0.02968948 0.02977760 0.05438669 0.02685002 0.03278579 0.02947290 0.02359052 0.03328679 0.02692533 0.02898561 0.03212669 0.01483647 0.01782849 0.02628302 0.02210351 0.03108982 0.03299668 0.03481483 0.02086261 0.02084444 0.02905360 0.03165208 0.01629288 0.02973978 0.03126597 0.03058685 0.02755164 0.03027784 0.02276759 0.03193674 0.02997573 0.02152510 0.01372685 
culicicapa_ceylonensis_ku_9948         0.02679060 0.03664362 0.03686364 0.03007470 0.02902820 0.03205511 0.03899536 0.03358665 0.02978824 0.03310057 0.03135231 0.03489282 0.03104215 0.02991954 0.03217389 0.03408153 0.03185452 0.03262768 0.02860501 0.02636379 0.04126640 0.03223344 0.00000000 0.03174079 0.02942343 0.02956812 0.03141144 0.03303312 0.03168820 0.03376700 0.01957468 0.03196740 0.03640538 0.03171622 0.04968804 0.03350393 0.02990359 0.03091556 0.03151605 0.02779525 0.03567084 0.03047841 0.03172577 0.03160828 0.02165959 0.04098287 0.02900996 0.02923633 0.03881056 0.03075540 0.02419859 0.01142150 0.03153078 0.03172026 0.02960820 0.02834874 0.02640391 0.02772212 0.03294528 0.02417619 0.02953140 0.03313070 0.03265683 0.02985428 0.02996334 0.03064102 0.02428923 0.03656421 0.02919493 0.03088079 0.03504085 0.03028244 0.02938087 0.02990622 0.03430198 0.06144988 0.02766430 0.03256714 0.03662131 0.03432858 0.03344177 0.02794130 0.02945488 0.03246907 0.02156090 0.02528988 0.03199493 0.03110874 0.03094659 0.03369271 0.03493742 0.03172041 0.03449270 0.02922935 0.03215817 0.03043338 0.03008402 0.03146580 0.03103576 0.02773627 0.03046312 0.02802311 0.03245038 0.03087123 0.03089409 0.01966515 
daphoenositta_chrysoptera_ku_23086     0.02615497 0.02906938 0.02897446 0.02937004 0.02831491 0.02169269 0.03125598 0.02284809 0.02892068 0.03202812 0.03027244 0.03019851 0.03541610 0.02861838 0.02254287 0.03311724 0.03099430 0.02708127 0.02289521 0.01700681 0.03384644 0.02119963 0.03174079 0.00000000 0.02883053 0.02837002 0.02628060 0.03183057 0.03126885 0.03259065 0.01356615 0.02075000 0.02859495 0.03051781 0.04309585 0.03256302 0.02893294 0.03026004 0.03081307 0.01855103 0.02484821 0.02389453 0.03072524 0.02054929 0.02057930 0.03309913 0.02332010 0.02331842 0.03091838 0.02557241 0.02346246 0.00754565 0.02058238 0.03047212 0.02866931 0.02744693 0.02560530 0.02190762 0.02193366 0.01576028 0.01935832 0.02559795 0.03163763 0.02901674 0.01858617 0.02992106 0.01547504 0.02869804 0.02837519 0.02981999 0.02974075 0.02914487 0.02424079 0.02897369 0.02940900 0.05375902 0.02634393 0.03229085 0.02886483 0.02308822 0.03273113 0.02657536 0.02841062 0.03174691 0.01422494 0.01733954 0.02550187 0.02167358 0.03038905 0.03258109 0.03456096 0.02061868 0.02359534 0.02831146 0.03093704 0.01966087 0.02894395 0.03086041 0.02999965 0.02717243 0.02971294 0.02204144 0.03101136 0.02956500 0.02104371 0.01300024 
donacobius_atricapilla_ku_1037         0.02139945 0.03342466 0.03324664 0.02282454 0.02238367 0.03021420 0.03533596 0.03108773 0.02255307 0.03021133 0.02857095 0.03188683 0.03337739 0.02755172 0.02919372 0.03139617 0.02533312 0.03256222 0.02679663 0.02548643 0.03747282 0.02952316 0.02942343 0.02883053 0.00000000 0.02759888 0.02855053 0.02712552 0.02450305 0.03077168 0.02049908 0.02911424 0.03321322 0.02922663 0.04640468 0.02572286 0.02291187 0.02821680 0.02902913 0.02701567 0.03263457 0.02778058 0.02190026 0.02894067 0.01801727 0.03724191 0.02685072 0.02904566 0.03510779 0.02786401 0.02370709 0.01264008 0.02914166 0.02891709 0.02812906 0.02636487 0.02268028 0.02535294 0.03005488 0.02394661 0.02781390 0.03034518 0.02511557 0.02001807 0.02707477 0.02468546 0.02430709 0.03295362 0.02643639 0.02805504 0.03176922 0.02761612 0.02701561 0.02254737 0.03123565 0.05609085 0.02527220 0.02520814 0.03357758 0.03108659 0.02582561 0.02559711 0.02716938 0.02474209 0.02222953 0.02548253 0.03109439 0.02868612 0.02372715 0.03106230 0.03175918 0.02886348 0.03151452 0.02172464 0.02989089 0.02842205 0.02807036 0.02397955 0.02405841 0.02152347 0.02328800 0.02550425 0.02926384 0.02796133 0.02967340 0.02061791 
dulus_dominicus_ku_6414                0.02472567 0.03308528 0.03284580 0.02728390 0.02640865 0.02915594 0.03528588 0.03037964 0.02676141 0.01922416 0.02727525 0.03135055 0.03305017 0.02611655 0.02863327 0.03009927 0.02908455 0.03087447 0.02587767 0.02423654 0.03742176 0.02889331 0.02956812 0.02837002 0.02759888 0.00000000 0.02793239 0.02951523 0.02885654 0.02981446 0.01914684 0.02848681 0.03294494 0.02796991 0.04636340 0.03052716 0.02685312 0.02806732 0.02797181 0.02540667 0.03218727 0.02700691 0.02834212 0.02824814 0.02032063 0.03733278 0.02592811 0.02758185 0.03488871 0.02724735 0.02214057 0.01142560 0.02832252 0.02771121 0.02660760 0.02499805 0.02440038 0.02418369 0.02928697 0.02272085 0.02661830 0.02955984 0.02951167 0.02694658 0.02644758 0.02737486 0.02241460 0.03269827 0.02648149 0.02728453 0.03095992 0.02666854 0.02628002 0.02686879 0.03091349 0.05674708 0.02397969 0.02965961 0.03318409 0.03094820 0.03073281 0.02423055 0.02585747 0.02930215 0.02046419 0.02382298 0.02978853 0.02779162 0.02805400 0.02976711 0.03181240 0.02825675 0.03091672 0.02626831 0.02844533 0.02734983 0.02635705 0.02813192 0.02778699 0.02538109 0.02734794 0.02464976 0.02833246 0.02714322 0.02827548 0.01884812 
eopsaltria_griseogularis_ku_8850       0.02555552 0.03153373 0.03130184 0.02912731 0.02816580 0.02728226 0.03361887 0.02797045 0.02855560 0.03172684 0.02993810 0.02943329 0.03509653 0.02849748 0.02659978 0.03289457 0.03070326 0.02825172 0.02303910 0.02172186 0.03567474 0.02696519 0.03141144 0.02628060 0.02855053 0.02793239 0.00000000 0.03168206 0.03079876 0.03219493 0.01644339 0.02646340 0.03087416 0.03025948 0.04481222 0.03223266 0.02897725 0.03012519 0.03039470 0.02331756 0.03028391 0.02450962 0.03047493 0.02612222 0.02061567 0.03549363 0.02360252 0.02489027 0.03312024 0.01919003 0.02338282 0.00930773 0.02625606 0.03037517 0.02817936 0.02720101 0.02524539 0.02247617 0.02731029 0.02011335 0.02429660 0.02758885 0.03160379 0.02875152 0.02433780 0.02946081 0.01993801 0.03091867 0.02802240 0.02929160 0.02719467 0.02889516 0.02375489 0.02884850 0.02896522 0.05567917 0.02612010 0.03192337 0.03106926 0.02875874 0.03218627 0.02648266 0.02809772 0.03144588 0.01814052 0.02108978 0.02726783 0.02570860 0.03008725 0.03212043 0.03385029 0.02627314 0.02907031 0.02801228 0.03048349 0.02540456 0.02869898 0.03049534 0.02975280 0.02657984 0.02954762 0.02267186 0.03087218 0.02925996 0.02595705 0.01640015 
eremophila_alpestris_ku_28950          0.02458118 0.03717977 0.03717110 0.02736064 0.02626912 0.03301261 0.03983638 0.03373267 0.02671189 0.03345255 0.03192310 0.03557324 0.03660095 0.03044192 0.03268640 0.03478124 0.02871084 0.03341653 0.02910727 0.02717786 0.04219608 0.03285306 0.03303312 0.03183057 0.02712552 0.02951523 0.03168206 0.00000000 0.02931679 0.03397982 0.02092469 0.03284234 0.03682757 0.03198421 0.05023812 0.03073609 0.02706226 0.03166171 0.03214268 0.02853939 0.03632874 0.03067949 0.02891440 0.03205235 0.01938087 0.04119432 0.02971327 0.03002853 0.03946164 0.03106710 0.02496788 0.01257124 0.03201744 0.03217122 0.02988570 0.02893819 0.02383937 0.02831814 0.03359340 0.02490730 0.03052413 0.03347402 0.02947193 0.02720636 0.03039754 0.02581618 0.02497081 0.03715142 0.02911334 0.03105995 0.03518174 0.03091807 0.03028025 0.02697311 0.03497402 0.06204860 0.02796387 0.03000904 0.03672015 0.03489570 0.03068352 0.02824175 0.02970405 0.02969503 0.02256216 0.02658499 0.03283121 0.03189579 0.02817956 0.03428281 0.03515439 0.03240267 0.03483486 0.02626731 0.03222435 0.03100660 0.03041780 0.02857706 0.02795918 0.02529496 0.02738666 0.02860357 0.03247993 0.03129487 0.03159101 0.02050341 
erythrocercus_mccallii_ku_8688         0.01864165 0.03591159 0.03611796 0.02435784 0.02113234 0.03199044 0.03855141 0.03286060 0.02364605 0.03267982 0.03074335 0.03423042 0.03539349 0.02918491 0.03154579 0.03380092 0.02636683 0.03235365 0.02806873 0.02635674 0.04076308 0.03163722 0.03168820 0.03126885 0.02450305 0.02885654 0.03079876 0.02931679 0.00000000 0.03285991 0.01983146 0.03142453 0.03580497 0.03117292 0.04938257 0.02763845 0.02179404 0.03079535 0.03110169 0.02759636 0.03503079 0.02955478 0.02605432 0.03094016 0.01796908 0.04049094 0.02852588 0.02943830 0.03806509 0.03022522 0.02381303 0.01201660 0.03114127 0.03097711 0.02936472 0.02792259 0.02281228 0.02709394 0.03247006 0.02423146 0.02931113 0.03238904 0.02686802 0.02414583 0.02926128 0.02668396 0.02412913 0.03574438 0.02823444 0.03026832 0.03432290 0.02959273 0.02914884 0.02214176 0.03376715 0.06032548 0.02704992 0.02726582 0.03574930 0.03337532 0.02771974 0.02733263 0.02887448 0.02378578 0.02180909 0.02547751 0.03170566 0.03054989 0.02508290 0.03305512 0.03408055 0.03112600 0.03412124 0.02153850 0.03175628 0.02979462 0.02973077 0.02538928 0.02574499 0.01870831 0.02404374 0.02736704 0.03188012 0.03004997 0.03048877 0.01995416 
estrilda_melpoda_ku_19721              0.02788893 0.03752170 0.03744302 0.03152620 0.03036354 0.03337532 0.04006786 0.03425928 0.03102964 0.03359205 0.03194079 0.03576947 0.03731899 0.02634302 0.03309539 0.03475836 0.03274948 0.03361800 0.02928435 0.02753215 0.04241561 0.03294240 0.03376700 0.03259065 0.03077168 0.02981446 0.03219493 0.03397982 0.03285991 0.00000000 0.02036963 0.03263756 0.03715418 0.02531957 0.05099565 0.03459354 0.03117797 0.03250578 0.02763105 0.02884882 0.03641386 0.03077953 0.03293107 0.03236452 0.02245068 0.04173785 0.02999803 0.03011279 0.03965170 0.03155459 0.02331327 0.01244683 0.03238357 0.02495994 0.02997238 0.02622283 0.02754928 0.02860691 0.03371699 0.02529183 0.03073810 0.03373558 0.03389203 0.03107927 0.03053952 0.03157114 0.02514469 0.03739174 0.03036849 0.02451490 0.03559882 0.02466516 0.03049571 0.03116821 0.03543440 0.06229840 0.01882246 0.03415288 0.03716626 0.03528819 0.03461391 0.02672403 0.02324887 0.03350860 0.02254142 0.02651323 0.03295321 0.03223655 0.03247659 0.03403259 0.03628259 0.03246887 0.03520970 0.03044090 0.03259373 0.03144913 0.03065110 0.03257487 0.03201577 0.02887628 0.03168081 0.02894731 0.03272926 0.01883307 0.03184123 0.02057744 
eulacestoma_nigropectus_ku_16397       0.01883189 0.01820793 0.01765793 0.01900792 0.01917536 0.01464241 0.01923137 0.01525856 0.01856841 0.02042296 0.01832260 0.01916524 0.02293069 0.01807837 0.01452190 0.02096664 0.02102265 0.02134782 0.01524467 0.01240861 0.02048654 0.01385208 0.01957468 0.01356615 0.02049908 0.01914684 0.01644339 0.02092469 0.01983146 0.02036963 0.00000000 0.01304301 0.01801951 0.01929543 0.02812604 0.02067881 0.01865801 0.01907642 0.01968794 0.01352017 0.01573820 0.01560487 0.01920651 0.01313326 0.01691185 0.02058913 0.01472092 0.01749279 0.01857748 0.01580198 0.01717219 0.00794612 0.01301227 0.01904570 0.01950103 0.01785402 0.01827856 0.01335542 0.01349648 0.01268959 0.01255728 0.01613067 0.02059306 0.01840661 0.01136061 0.01852497 0.01182763 0.01764814 0.01784965 0.01870771 0.01862832 0.01845188 0.01511430 0.01822009 0.01889072 0.03397199 0.01654255 0.02065595 0.01921282 0.01490148 0.02104320 0.01679490 0.01802907 0.02022521 0.01196682 0.01314519 0.01833241 0.01414675 0.01909975 0.02031235 0.02150175 0.01312390 0.01488323 0.01798900 0.02013508 0.01291796 0.01871883 0.01936182 0.01896279 0.01818203 0.01892531 0.01379826 0.01965644 0.01854057 0.01491828 0.01204576 
falcunculus_frontatus_uwbm_57627       0.02667745 0.02931944 0.02938173 0.02975199 0.02842019 0.02166886 0.03140210 0.02277777 0.02927560 0.03210339 0.03039444 0.03043078 0.03565210 0.02899522 0.02274161 0.03332462 0.03149503 0.02697964 0.02280056 0.01713318 0.03381819 0.02129720 0.03196740 0.02075000 0.02911424 0.02848681 0.02646340 0.03284234 0.03142453 0.03263756 0.01304301 0.00000000 0.02886198 0.03074322 0.04334252 0.03291990 0.02924815 0.03040709 0.03069012 0.01852095 0.02479618 0.02411924 0.03118260 0.02058013 0.02118305 0.03346797 0.02336735 0.02339881 0.03086057 0.02571190 0.02335590 0.00758383 0.02082882 0.03060891 0.02912051 0.02750915 0.02565291 0.02207460 0.02158422 0.01437715 0.01875154 0.02565805 0.03219177 0.02938226 0.01813145 0.03017686 0.01557787 0.02890642 0.02852481 0.03000561 0.03005923 0.02914841 0.02417726 0.02958808 0.02969490 0.05385920 0.02670469 0.03260406 0.02914671 0.02312084 0.03301737 0.02686178 0.02853527 0.03199673 0.01404358 0.01667819 0.02560105 0.02191353 0.03061637 0.03275793 0.03456845 0.02058102 0.02386064 0.02878831 0.03136199 0.01980819 0.02938246 0.03099330 0.03039174 0.02715723 0.03000160 0.02232070 0.03140692 0.02964524 0.02081303 0.01330245 
foulehaio_carunculatus_ku_26344        0.03006562 0.01249760 0.01249721 0.03406605 0.03258979 0.02947415 0.03279056 0.03078473 0.03359077 0.03672647 0.03485756 0.03497381 0.03970072 0.03353138 0.02911484 0.03783198 0.03571457 0.02780363 0.02706936 0.02398715 0.03534724 0.02919318 0.03640538 0.02859495 0.03321322 0.03294494 0.03087416 0.03682757 0.03580497 0.03715418 0.01801951 0.02886198 0.00000000 0.03535500 0.04425560 0.03740598 0.03359998 0.03507583 0.03515984 0.02545584 0.03265739 0.02864766 0.03556643 0.02860945 0.02402098 0.03107295 0.02787326 0.00821185 0.03220230 0.03031333 0.02709007 0.01048933 0.02852290 0.03517894 0.03299082 0.03228567 0.02984465 0.02664558 0.02968282 0.02225892 0.02686151 0.02929678 0.03669333 0.03396642 0.02671195 0.03446395 0.02207745 0.02398002 0.03309253 0.03432931 0.03436093 0.03387158 0.02874627 0.03384054 0.03410130 0.05535035 0.03094267 0.03688013 0.03274218 0.03135163 0.03726619 0.03140825 0.03299648 0.03647037 0.01986111 0.02340884 0.02713736 0.02813538 0.03486274 0.03730551 0.03932893 0.02859207 0.03180873 0.03302595 0.03549280 0.02758778 0.03372379 0.03527401 0.03469027 0.03127719 0.03429826 0.02704512 0.03582129 0.03426883 0.02792298 0.01775365 
